Data/CTD_01.cnv
* Sea-Bird SBE 9 Data File:
* FileName = C:\Users\ctd-user\Desktop\CTD_data\OC4920\CTD_01.hex
* Software Version Seasave V 7.26.2.13
* Temperature SN = 6313
* Conductivity SN = 4758
* Number of Bytes Per Scan = 28
* Number of Voltage Words = 3
* Number of Scans Averaged by the Deck Unit = 1
* NMEA Latitude = 57 33.55 N
* NMEA Longitude = 011 31.36 E
* NMEA UTC (Time) = May 06 2025 09:08:45
** Station: test
** Operator: Operator 1
** Ship: 7720 Skagerak
** Cruise: 7720-2025-01
** Latitude [GG MM.mm N]:
** Longitude [GG MM.mm E]:
** Pumps: PrimaryPump: 1820 # SecondaryPump:
** EventIDs: EventID: 3decf26d-821b-4112-8042-a2c98b568458 # ParentEventID:
** Additional Sampling:
** Metadata admin: MPROG: Other # PROJ: Other # ORDERER: GU # SLABO: GU # ALABO: GU # REFSK: ingen
** Metadata conditions: WADEP: 10 # WINSP: 1 # WINDIR: 02 # AIRPRES: 1000 # AIRTEMP: 1 # WEATH: 9 # CLOUD: 9 # WAVES: 9 # ICEOB: 9 # COMNT_VISIT:
** LIMS Job:
# nquan = 18                                
# nvalues = 10762                       
# units = specified
# name 0 = scan: Scan Count
# name 1 = prDM: Pressure, Digiquartz [db]
# name 2 = t090C: Temperature [ITS-90, deg C]
# name 3 = c0S/m: Conductivity [S/m]
# name 4 = flECO-AFL: Fluorescence, WET Labs ECO-AFL/FL [mg/m^3]
# name 5 = sbeox0V: Oxygen raw, SBE 43 [V]
# name 6 = turbWETntu0: Turbidity, WET Labs ECO [NTU]
# name 7 = depSM: Depth [salt water, m]
# name 8 = depSM: Depth [salt water, m], lat = 57.5592
# name 9 = sal00: Salinity, Practical [PSU]
# name 10 = sbeox0Mg/L: Oxygen, SBE 43 [mg/l], WS = 2
# name 11 = sbeox0Mm/L: Oxygen, SBE 43 [umol/l], WS = 2
# name 12 = sbeox0PS: Oxygen, SBE 43 [% saturation], WS = 2
# name 13 = depSM: Depth [salt water, m], lat = 57.5592
# name 14 = sal00: Salinity, Practical [PSU]
# name 15 = sbeox0Mm/L: Oxygen, SBE 43 [umol/l], WS = 2
# name 16 = sbeox0PS: Oxygen, SBE 43 [% saturation], WS = 2
# name 17 = flag: flag
# span 0 =          1,      10762       
# span 1 =     -1.528,     69.087       
# span 2 =     7.3922,    14.9924       
# span 3 =   0.004266,   3.550992       
# span 4 =    -0.3805,     4.3266       
# span 5 =     2.0659,     2.7187       
# span 6 =    -0.2406,     0.8329       
# span 7 =     -1.514,     68.438       
# span 8 =     -1.514,     68.438       
# span 9 =     0.0284,    34.6072       
# span 10 =     7.6517,    10.1993      
# span 11 =    239.120,    318.731      
# span 12 =     75.104,    107.986      
# span 13 =     -1.514,     68.438      
# span 14 =     0.0284,    34.6072      
# span 15 =    239.120,    318.731      
# span 16 =     75.104,    107.986      
# span 17 = 0.0000e+00, 0.0000e+00      
# interval = seconds: 0.0416667
# start_time = May 06 2025 09:08:45 [NMEA time, header]
# bad_flag = -9.990e-29
*END*
[from data line 8925]
       8926     68.934     7.4056   3.532609     0.1212     2.3933     0.3885     68.286     68.286    34.6020     8.8682    277.134     92.530     68.286    34.6020    277.134     92.530 -9.990e-29
       8927     68.935     7.4056   3.532604     0.1203     2.3933     0.3884     68.287     68.287    34.6020     8.8686    277.146     92.534     68.287    34.6020    277.146     92.534 -9.990e-29
       8928     68.935     7.4057   3.532581     0.1192     2.3933     0.3882     68.287     68.287    34.6016     8.8690    277.161     92.539     68.287    34.6016    277.161     92.539 -9.990e-29
       8929     68.935     7.4059   3.532575     0.1181     2.3933     0.3881     68.287     68.287    34.6014     8.8695    277.176     92.544     68.287    34.6014    277.176     92.544 -9.990e-29
       8930     68.935     7.4057   3.532551     0.1168     2.3932     0.3879     68.287     68.287    34.6013     8.8697    277.182     92.546     68.287    34.6013    277.182     92.546 -9.990e-29
       8931     68.936     7.4056   3.532539     0.1155     2.3932     0.3877     68.289     68.288    34.6013     8.8703    277.201     92.552     68.288    34.6013    277.201     92.552 -9.990e-29
       8932     68.939     7.4058   3.532563     0.1142     2.3932     0.3875     68.291     68.291    34.6013     8.8708    277.216     92.557     68.291    34.6013    277.216     92.557 -9.990e-29
       8933     68.941     7.4057   3.532575     0.1130     2.3932     0.3874     68.294     68.293    34.6016     8.8713    277.231     92.562     68.293    34.6016    277.231     92.562 -9.990e-29
       8934     68.943     7.4060   3.532552     0.1119     2.3933     0.3873     68.295     68.295    34.6010     8.8721    277.257     92.571     68.295    34.6010    277.257     92.571 -9.990e-29
       8935     68.944     7.4059   3.532540     0.1109     2.3934     0.3871     68.297     68.296    34.6010     8.8729    277.283     92.579     68.296    34.6010    277.283     92.579 -9.990e-29
       8936     68.947     7.4059   3.532540     0.1100     2.3935     0.3870     68.299     68.299    34.6010     8.8737    277.307     92.587     68.299    34.6010    277.307     92.587 -9.990e-29
       8937     68.948     7.4058   3.532522     0.1092     2.3936     0.3869     68.300     68.300    34.6009     8.8744    277.328     92.594     68.300    34.6009    277.328     92.594 -9.990e-29
       8938     68.947     7.4059   3.532516     0.1085     2.3937     0.3869     68.300     68.299    34.6007     8.8750    277.349     92.601     68.299    34.6007    277.349     92.601 -9.990e-29
       8939     68.947     7.4062   3.532512     0.1080     2.3937     0.3869     68.300     68.299    34.6004     8.8752    277.354     92.603     68.299    34.6004    277.354     92.603 -9.990e-29
       8940     68.948     7.4064   3.532536     0.1074     2.3937     0.3868     68.301     68.300    34.6004     8.8754    277.360     92.606     68.300    34.6004    277.360     92.606 -9.990e-29
       8941     68.949     7.4065   3.532525     0.1070     2.3937     0.3868     68.301     68.301    34.6002     8.8756    277.367     92.608     68.301    34.6002    277.367     92.608 -9.990e-29
       8942     68.949     7.4069   3.532538     0.1066     2.3936     0.3868     68.301     68.301    34.6000     8.8754    277.359     92.606     68.301    34.6000    277.359     92.606 -9.990e-29
       8943     68.949     7.4065   3.532566     0.1062     2.3936     0.3868     68.302     68.301    34.6007     8.8757    277.370     92.610     68.301    34.6007    277.370     92.610 -9.990e-29
       8944     68.950     7.4067   3.532554     0.1059     2.3937     0.3868     68.303     68.302    34.6003     8.8764    277.392     92.617     68.302    34.6003    277.392     92.617 -9.990e-29
       8945     68.952     7.4065   3.532525     0.1056     2.3937     0.3868     68.305     68.304    34.6002     8.8767    277.400     92.619     68.304    34.6002    277.400     92.619 -9.990e-29
       8946     68.953     7.4065   3.532537     0.1055     2.3938     0.3868     68.306     68.305    34.6004     8.8772    277.417     92.625     68.305    34.6004    277.417     92.625 -9.990e-29
       8947     68.953     7.4062   3.532518     0.1053     2.3939     0.3868     68.306     68.305    34.6004     8.8777    277.433     92.630     68.305    34.6004    277.433     92.630 -9.990e-29
       8948     68.952     7.4063   3.532512     0.1053     2.3939     0.3868     68.305     68.304    34.6003     8.8776    277.429     92.628     68.304    34.6003    277.429     92.628 -9.990e-29
       8949     68.952     7.4065   3.532537     0.1053     2.3939     0.3868     68.305     68.304    34.6004     8.8774    277.421     92.626     68.304    34.6004    277.421     92.626 -9.990e-29
       8950     68.954     7.4067   3.532549     0.1053     2.3938     0.3868     68.306     68.306    34.6003     8.8766    277.397     92.619     68.306    34.6003    277.397     92.619 -9.990e-29
       8951     68.956     7.4070   3.532592     0.1055     2.3938     0.3869     68.308     68.308    34.6005     8.8763    277.387     92.616     68.308    34.6005    277.387     92.616 -9.990e-29
       8952     68.957     7.4070   3.532633     0.1057     2.3938     0.3869     68.310     68.309    34.6009     8.8760    277.378     92.613     68.309    34.6009    277.378     92.613 -9.990e-29
       8953     68.959     7.4076   3.532594     0.1059     2.3938     0.3869     68.311     68.311    34.5999     8.8756    277.368     92.611     68.311    34.5999    277.368     92.611 -9.990e-29
       8954     68.960     7.4072   3.532604     0.1063     2.3939     0.3870     68.312     68.312    34.6004     8.8760    277.377     92.613     68.312    34.6004    277.377     92.613 -9.990e-29
       8955     68.961     7.4078   3.532635     0.1067     2.3939     0.3871     68.314     68.313    34.6001     8.8756    277.365     92.610     68.313    34.6001    277.365     92.610 -9.990e-29
       8956     68.962     7.4075   3.532593     0.1072     2.3939     0.3873     68.314     68.314    34.6000     8.8754    277.360     92.608     68.314    34.6000    277.360     92.608 -9.990e-29
       8957     68.962     7.4078   3.532558     0.1077     2.3939     0.3876     68.314     68.314    34.5993     8.8751    277.352     92.605     68.314    34.5993    277.352     92.605 -9.990e-29
       8958     68.961     7.4074   3.532599     0.1083     2.3938     0.3878     68.314     68.313    34.6001     8.8744    277.330     92.598     68.313    34.6001    277.330     92.598 -9.990e-29
       8959     68.961     7.4078   3.532612     0.1088     2.3938     0.3880     68.313     68.313    34.5999     8.8742    277.321     92.596     68.313    34.5999    277.321     92.596 -9.990e-29
       8960     68.962     7.4075   3.532611     0.1092     2.3937     0.3882     68.315     68.314    34.6002     8.8736    277.305     92.590     68.314    34.6002    277.305     92.590 -9.990e-29
       8961     68.964     7.4079   3.532589     0.1096     2.3936     0.3884     68.316     68.316    34.5995     8.8731    277.287     92.584     68.316    34.5995    277.287     92.584 -9.990e-29
       8962     68.965     7.4075   3.532628     0.1100     2.3936     0.3886     68.317     68.317    34.6003     8.8731    277.288     92.584     68.317    34.6003    277.288     92.584 -9.990e-29
       8963     68.967     7.4077   3.532665     0.1104     2.3936     0.3888     68.319     68.319    34.6005     8.8730    277.286     92.584     68.319    34.6005    277.286     92.584 -9.990e-29
       8964     68.970     7.4073   3.532698     0.1107     2.3936     0.3889     68.322     68.322    34.6013     8.8730    277.285     92.583     68.322    34.6013    277.285     92.583 -9.990e-29
       8965     68.972     7.4077   3.532682     0.1110     2.3936     0.3891     68.324     68.324    34.6007     8.8728    277.280     92.582     68.324    34.6007    277.280     92.582 -9.990e-29
       8966     68.972     7.4077   3.532724     0.1113     2.3937     0.3893     68.324     68.324    34.6012     8.8732    277.290     92.586     68.324    34.6012    277.290     92.586 -9.990e-29
       8967     68.973     7.4075   3.532735     0.1115     2.3938     0.3894     68.325     68.325    34.6015     8.8735    277.300     92.589     68.325    34.6015    277.300     92.589 -9.990e-29
       8968     68.974     7.4076   3.532717     0.1118     2.3938     0.3895     68.326     68.326    34.6012     8.8733    277.295     92.587     68.326    34.6012    277.295     92.587 -9.990e-29
       8969     68.975     7.4077   3.532712     0.1120     2.3938     0.3896     68.327     68.327    34.6010     8.8733    277.293     92.587     68.327    34.6010    277.293     92.587 -9.990e-29
       8970     68.976     7.4077   3.532730     0.1122     2.3937     0.3897     68.328     68.328    34.6012     8.8728    277.278     92.582     68.328    34.6012    277.278     92.582 -9.990e-29
       8971     68.976     7.4075   3.532735     0.1124     2.3936     0.3898     68.327     68.328    34.6015     8.8725    277.268     92.578     68.328    34.6015    277.268     92.578 -9.990e-29
       8972     68.976     7.4073   3.532763     0.1126     2.3935     0.3899     68.328     68.328    34.6020     8.8722    277.260     92.575     68.328    34.6020    277.260     92.575 -9.990e-29
       8973     68.975     7.4069   3.532744     0.1128     2.3935     0.3900     68.327     68.327    34.6022     8.8724    277.268     92.577     68.327    34.6022    277.268     92.577 -9.990e-29
       8974     68.974     7.4064   3.532737     0.1130     2.3935     0.3900     68.326     68.326    34.6026     8.8727    277.276     92.579     68.326    34.6026    277.276     92.579 -9.990e-29
       8975     68.974     7.4064   3.532731     0.1131     2.3935     0.3900     68.326     68.326    34.6026     8.8728    277.278     92.580     68.326    34.6026    277.278     92.580 -9.990e-29
       8976     68.973     7.4062   3.532712     0.1133     2.3935     0.3900     68.325     68.325    34.6025     8.8728    277.280     92.580     68.325    34.6025    277.280     92.580 -9.990e-29
       8977     68.973     7.4062   3.532706     0.1135     2.3935     0.3900     68.325     68.325    34.6025     8.8729    277.281     92.580     68.325    34.6025    277.281     92.580 -9.990e-29
       8978     68.973     7.4064   3.532707     0.1136     2.3936     0.3901     68.325     68.325    34.6023     8.8733    277.295     92.585     68.325    34.6023    277.295     92.585 -9.990e-29
       8979     68.974     7.4063   3.532748     0.1137     2.3936     0.3902     68.325     68.326    34.6028     8.8734    277.298     92.586     68.326    34.6028    277.298     92.586 -9.990e-29
       8980     68.973     7.4062   3.532741     0.1139     2.3937     0.3903     68.325     68.325    34.6029     8.8740    277.318     92.593     68.325    34.6029    277.318     92.593 -9.990e-29
       8981     68.972     7.4060   3.532712     0.1140     2.3937     0.3904     68.323     68.324    34.6027     8.8743    277.326     92.595     68.324    34.6027    277.326     92.595 -9.990e-29
       8982     68.970     7.4064   3.532707     0.1142     2.3937     0.3905     68.322     68.322    34.6023     8.8745    277.332     92.598     68.322    34.6023    277.332     92.598 -9.990e-29
       8983     68.969     7.4064   3.532725     0.1143     2.3937     0.3906     68.321     68.321    34.6025     8.8748    277.342     92.601     68.321    34.6025    277.342     92.601 -9.990e-29
       8984     68.969     7.4063   3.532731     0.1145     2.3938     0.3907     68.320     68.321    34.6027     8.8756    277.367     92.609     68.321    34.6027    277.367     92.609 -9.990e-29
       8985     68.969     7.4064   3.532713     0.1146     2.3938     0.3908     68.321     68.321    34.6024     8.8759    277.376     92.613     68.321    34.6024    277.376     92.613 -9.990e-29
       8986     68.969     7.4062   3.532635     0.1148     2.3938     0.3909     68.321     68.321    34.6017     8.8763    277.388     92.616     68.321    34.6017    277.388     92.616 -9.990e-29
       8987     68.967     7.4062   3.532606     0.1149     2.3937     0.3911     68.319     68.319    34.6014     8.8761    277.382     92.614     68.319    34.6014    277.382     92.614 -9.990e-29
       8988     68.965     7.4064   3.532630     0.1151     2.3936     0.3912     68.317     68.317    34.6015     8.8759    277.374     92.611     68.317    34.6015    277.374     92.611 -9.990e-29
       8989     68.962     7.4059   3.532587     0.1152     2.3935     0.3914     68.314     68.314    34.6015     8.8757    277.371     92.609     68.314    34.6015    277.371     92.609 -9.990e-29
       8990     68.960     7.4057   3.532575     0.1154     2.3935     0.3916     68.312     68.312    34.6016     8.8760    277.379     92.611     68.312    34.6016    277.379     92.611 -9.990e-29
       8991     68.959     7.4060   3.532576     0.1156     2.3935     0.3918     68.311     68.311    34.6013     8.8762    277.386     92.614     68.311    34.6013    277.386     92.614 -9.990e-29
       8992     68.959     7.4060   3.532576     0.1158     2.3935     0.3921     68.311     68.311    34.6013     8.8765    277.395     92.617     68.311    34.6013    277.395     92.617 -9.990e-29
       8993     68.958     7.4057   3.532575     0.1160     2.3936     0.3924     68.310     68.310    34.6016     8.8773    277.419     92.625     68.310    34.6016    277.419     92.625 -9.990e-29
       8994     68.957     7.4049   3.532596     0.1162     2.3937     0.3927     68.308     68.309    34.6026     8.8781    277.445     92.632     68.309    34.6026    277.445     92.632 -9.990e-29
       8995     68.957     7.4043   3.532622     0.1164     2.3938     0.3929     68.308     68.309    34.6035     8.8788    277.467     92.639     68.309    34.6035    277.467     92.639 -9.990e-29
       8996     68.957     7.4039   3.532609     0.1167     2.3938     0.3932     68.308     68.309    34.6037     8.8790    277.473     92.640     68.309    34.6037    277.473     92.640 -9.990e-29
       8997     68.955     7.4043   3.532623     0.1170     2.3938     0.3935     68.307     68.307    34.6035     8.8790    277.471     92.640     68.307    34.6035    277.471     92.640 -9.990e-29
       8998     68.954     7.4047   3.532583     0.1172     2.3938     0.3938     68.306     68.306    34.6027     8.8789    277.470     92.641     68.306    34.6027    277.470     92.641 -9.990e-29
       8999     68.954     7.4056   3.532574     0.1176     2.3937     0.3941     68.306     68.306    34.6017     8.8783    277.451     92.635     68.306    34.6017    277.451     92.635 -9.990e-29
       9000     68.954     7.4056   3.532574     0.1179     2.3936     0.3945     68.306     68.306    34.6017     8.8778    277.436     92.630     68.306    34.6017    277.436     92.630 -9.990e-29
       9001     68.952     7.4059   3.532576     0.1183     2.3936     0.3950     68.304     68.304    34.6014     8.8779    277.437     92.631     68.304    34.6014    277.437     92.631 -9.990e-29
       9002     68.951     7.4057   3.532528     0.1186     2.3936     0.3955     68.302     68.303    34.6011     8.8780    277.442     92.632     68.303    34.6011    277.442     92.632 -9.990e-29
       9003     68.949     7.4062   3.532488     0.1191     2.3936     0.3960     68.301     68.301    34.6001     8.8782    277.448     92.635     68.301    34.6001    277.448     92.635 -9.990e-29
       9004     68.948     7.4064   3.532506     0.1195     2.3937     0.3965     68.300     68.300    34.6001     8.8789    277.469     92.642     68.300    34.6001    277.469     92.642 -9.990e-29
       9005     68.948     7.4064   3.532518     0.1200     2.3938     0.3971     68.300     68.300    34.6002     8.8797    277.493     92.650     68.300    34.6002    277.493     92.650 -9.990e-29
