Data/CTD_16.cnv
* Sea-Bird SBE 9 Data File:
* FileName = C:\Users\ctd-user\Desktop\CTD_data\OC4920\CTD_16.hex
* Software Version Seasave V 7.26.2.13
* Temperature SN = 6313
* Conductivity SN = 4758
* Number of Bytes Per Scan = 28
* Number of Voltage Words = 3
* Number of Scans Averaged by the Deck Unit = 1
* NMEA Latitude = 57 45.68 N
* NMEA Longitude = 010 46.07 E
* NMEA UTC (Time) = May 07 2025 13:17:45
** Station: test
** Operator: Operator 1
** Ship: 7720 Skagerak
** Cruise: 7720-2025-01
** Latitude [GG MM.mm N]:
** Longitude [GG MM.mm E]:
** Pumps: PrimaryPump: 1820 # SecondaryPump:
** EventIDs: EventID: 3decf26d-821b-4112-8042-a2c98b568458 # ParentEventID:
** Additional Sampling:
** Metadata admin: MPROG: Other # PROJ: Other # ORDERER: GU # SLABO: GU # ALABO: GU # REFSK: ingen
** Metadata conditions: WADEP: 10 # WINSP: 1 # WINDIR: 02 # AIRPRES: 1000 # AIRTEMP: 1 # WEATH: 9 # CLOUD: 9 # WAVES: 9 # ICEOB: 9 # COMNT_VISIT:
** LIMS Job:
# nquan = 13                                
# nvalues = 6316                        
# units = specified
# name 0 = scan: Scan Count
# name 1 = prDM: Pressure, Digiquartz [db]
# name 2 = t090C: Temperature [ITS-90, deg C]
# name 3 = c0S/m: Conductivity [S/m]
# name 4 = flECO-AFL: Fluorescence, WET Labs ECO-AFL/FL [mg/m^3]
# name 5 = sbeox0V: Oxygen raw, SBE 43 [V]
# name 6 = turbWETntu0: Turbidity, WET Labs ECO [NTU]
# name 7 = depSM: Depth [salt water, m]
# name 8 = depSM: Depth [salt water, m], lat = 57.7613
# name 9 = sal00: Salinity, Practical [PSU]
# name 10 = sbeox0Mm/L: Oxygen, SBE 43 [umol/l], WS = 2
# name 11 = sbeox0PS: Oxygen, SBE 43 [% saturation], WS = 2
# name 12 = flag: flag
# span 0 =          1,       6316       
# span 1 =     -1.563,     33.953       
# span 2 =     7.7638,    11.0556       
# span 3 =   0.102048,   3.614273       
# span 4 =    -0.1113,     5.1594       
# span 5 =     1.6810,     2.7425       
# span 6 =    -0.0444,     2.0473       
# span 7 =     -1.548,     33.637       
# span 8 =     -1.549,     33.636       
# span 9 =     0.7141,    35.0279       
# span 10 =    188.408,    315.286      
# span 11 =     56.994,    108.447      
# span 12 = 0.0000e+00, 0.0000e+00      
# interval = seconds: 0.0416667
# start_time = May 07 2025 13:17:45 [NMEA time, header]
# bad_flag = -9.990e-29
*END*
[from data line 445]
        446     -1.530     9.6000   1.464764    -0.0821     1.7421     0.1806     -1.516     -1.516    12.4069    196.470     59.734 -9.990e-29
        447     -1.529     9.5997   1.464456    -0.0817     1.7419     0.1805     -1.515     -1.515    12.4042    196.456     59.729 -9.990e-29
        448     -1.529     9.5997   1.464004    -0.0812     1.7417     0.1805     -1.514     -1.515    12.4000    196.445     59.723 -9.990e-29
        449     -1.530     9.5994   1.464043    -0.0807     1.7415     0.1804     -1.516     -1.516    12.4005    196.430     59.719 -9.990e-29
        450     -1.532     9.5992   1.464439    -0.0801     1.7413     0.1804     -1.518     -1.518    12.4042    196.409     59.714 -9.990e-29
        451     -1.533     9.5991   1.464135    -0.0795     1.7412     0.1804     -1.519     -1.519    12.4014    196.411     59.713 -9.990e-29
        452     -1.533     9.5991   1.463296    -0.0788     1.7410     0.1804     -1.519     -1.519    12.3937    196.404     59.708 -9.990e-29
        453     -1.533     9.5989   1.463609    -0.0782     1.7409     0.1804     -1.519     -1.519    12.3967    196.399     59.707 -9.990e-29
        454     -1.535     9.5989   1.464176    -0.0777     1.7408     0.1805     -1.521     -1.521    12.4019    196.391     59.707 -9.990e-29
        455     -1.536     9.5991   1.463643    -0.0772     1.7406     0.1805     -1.522     -1.522    12.3969    196.379     59.701 -9.990e-29
        456     -1.536     9.5992   1.462865    -0.0767     1.7404     0.1806     -1.521     -1.522    12.3897    196.369     59.696 -9.990e-29
        457     -1.536     9.5993   1.462470    -0.0764     1.7402     0.1806     -1.522     -1.522    12.3861    196.352     59.689 -9.990e-29
        458     -1.536     9.5992   1.462570    -0.0760     1.7401     0.1807     -1.522     -1.522    12.3870    196.346     59.688 -9.990e-29
        459     -1.536     9.5996   1.462908    -0.0757     1.7401     0.1808     -1.522     -1.522    12.3900    196.352     59.691 -9.990e-29
        460     -1.536     9.5997   1.462701    -0.0755     1.7401     0.1809     -1.522     -1.522    12.3881    196.364     59.694 -9.990e-29
        461     -1.537     9.5994   1.462369    -0.0753     1.7402     0.1811     -1.523     -1.523    12.3851    196.394     59.702 -9.990e-29
        462     -1.537     9.5997   1.462106    -0.0752     1.7402     0.1812     -1.523     -1.523    12.3826    196.405     59.705 -9.990e-29
        463     -1.538     9.5997   1.462259    -0.0751     1.7402     0.1814     -1.524     -1.524    12.3840    196.408     59.706 -9.990e-29
        464     -1.539     9.5999   1.461874    -0.0750     1.7401     0.1815     -1.525     -1.525    12.3804    196.398     59.702 -9.990e-29
        465     -1.540     9.6001   1.460975    -0.0750     1.7400     0.1817     -1.526     -1.526    12.3721    196.392     59.697 -9.990e-29
        466     -1.541     9.6002   1.460572    -0.0750     1.7398     0.1819     -1.527     -1.527    12.3683    196.363     59.687 -9.990e-29
        467     -1.541     9.6003   1.460364    -0.0751     1.7397     0.1821     -1.527     -1.527    12.3664    196.349     59.682 -9.990e-29
        468     -1.542     9.6004   1.460157    -0.0752     1.7395     0.1823     -1.528     -1.528    12.3645    196.319     59.673 -9.990e-29
        469     -1.543     9.6006   1.460237    -0.0754     1.7395     0.1825     -1.529     -1.529    12.3651    196.319     59.673 -9.990e-29
        470     -1.545     9.6005   1.459941    -0.0756     1.7395     0.1828     -1.531     -1.531    12.3624    196.323     59.673 -9.990e-29
        471     -1.547     9.6008   1.459400    -0.0758     1.7394     0.1830     -1.533     -1.533    12.3574    196.312     59.668 -9.990e-29
        472     -1.548     9.6005   1.459843    -0.0761     1.7394     0.1833     -1.534     -1.534    12.3615    196.306     59.668 -9.990e-29
        473     -1.548     9.6008   1.460471    -0.0765     1.7393     0.1836     -1.534     -1.534    12.3672    196.279     59.662 -9.990e-29
        474     -1.547     9.6007   1.460115    -0.0769     1.7391     0.1840     -1.533     -1.533    12.3640    196.247     59.651 -9.990e-29
        475     -1.547     9.6006   1.459315    -0.0773     1.7390     0.1843     -1.533     -1.533    12.3567    196.235     59.644 -9.990e-29
        476     -1.547     9.6005   1.459042    -0.0778     1.7389     0.1847     -1.533     -1.533    12.3542    196.215     59.637 -9.990e-29
        477     -1.547     9.6006   1.459495    -0.0783     1.7388     0.1851     -1.533     -1.533    12.3583    196.185     59.630 -9.990e-29
        478     -1.548     9.6004   1.459951    -0.0788     1.7388     0.1854     -1.534     -1.534    12.3626    196.170     59.627 -9.990e-29
        479     -1.549     9.6001   1.459642    -0.0793     1.7387     0.1858     -1.535     -1.535    12.3598    196.151     59.619 -9.990e-29
        480     -1.549     9.6000   1.459273    -0.0797     1.7386     0.1862     -1.535     -1.535    12.3565    196.132     59.612 -9.990e-29
        481     -1.548     9.5996   1.459572    -0.0800     1.7384     0.1865     -1.534     -1.534    12.3594    196.090     59.600 -9.990e-29
        482     -1.549     9.5991   1.460080    -0.0803     1.7383     0.1868     -1.535     -1.535    12.3642    196.062     59.593 -9.990e-29
        483     -1.549     9.5985   1.459995    -0.0805     1.7383     0.1870     -1.535     -1.535    12.3636    196.057     59.590 -9.990e-29
        484     -1.549     9.5979   1.459455    -0.0807     1.7382     0.1872     -1.535     -1.535    12.3589    196.043     59.583 -9.990e-29
        485     -1.548     9.5973   1.459601    -0.0809     1.7381     0.1874     -1.534     -1.534    12.3604    196.021     59.576 -9.990e-29
        486     -1.548     9.5966   1.460564    -0.0810     1.7380     0.1876     -1.534     -1.534    12.3695    195.992     59.570 -9.990e-29
        487     -1.548     9.5958   1.461284    -0.0810     1.7378     0.1878     -1.534     -1.534    12.3764    195.952     59.559 -9.990e-29
        488     -1.547     9.5953   1.460900    -0.0811     1.7376     0.1881     -1.533     -1.533    12.3730    195.924     59.549 -9.990e-29
        489     -1.546     9.5945   1.460463    -0.0812     1.7374     0.1883     -1.532     -1.532    12.3693    195.898     59.538 -9.990e-29
        490     -1.546     9.5938   1.460713    -0.0812     1.7372     0.1885     -1.532     -1.532    12.3718    195.864     59.528 -9.990e-29
        491     -1.546     9.5934   1.461443    -0.0812     1.7370     0.1888     -1.532     -1.532    12.3787    195.821     59.517 -9.990e-29
        492     -1.545     9.5925   1.462375    -0.0812     1.7369     0.1890     -1.531     -1.531    12.3875    195.793     59.511 -9.990e-29
        493     -1.546     9.5917   1.462642    -0.0811     1.7368     0.1893     -1.532     -1.532    12.3903    195.772     59.504 -9.990e-29
        494     -1.546     9.5911   1.462624    -0.0810     1.7366     0.1895     -1.532     -1.532    12.3903    195.739     59.493 -9.990e-29
        495     -1.545     9.5908   1.462823    -0.0809     1.7365     0.1898     -1.531     -1.531    12.3922    195.720     59.488 -9.990e-29
        496     -1.543     9.5898   1.462986    -0.0807     1.7364     0.1901     -1.529     -1.529    12.3941    195.707     59.483 -9.990e-29
        497     -1.542     9.5894   1.463146    -0.0804     1.7363     0.1904     -1.528     -1.528    12.3957    195.697     59.480 -9.990e-29
        498     -1.542     9.5888   1.463462    -0.0801     1.7362     0.1907     -1.528     -1.528    12.3988    195.691     59.479 -9.990e-29
        499     -1.542     9.5881   1.463609    -0.0798     1.7361     0.1910     -1.528     -1.528    12.4004    195.690     59.478 -9.990e-29
        500     -1.542     9.5876   1.463403    -0.0794     1.7359     0.1914     -1.528     -1.528    12.3987    195.679     59.474 -9.990e-29
        501     -1.541     9.5870   1.463862    -0.0789     1.7358     0.1917     -1.527     -1.527    12.4031    195.679     59.475 -9.990e-29
        502     -1.540     9.5863   1.464201    -0.0784     1.7356     0.1921     -1.526     -1.526    12.4065    195.669     59.472 -9.990e-29
        503     -1.539     9.5859   1.464091    -0.0779     1.7356     0.1924     -1.525     -1.525    12.4056    195.697     59.479 -9.990e-29
        504     -1.538     9.5853   1.464407    -0.0773     1.7356     0.1928     -1.524     -1.524    12.4087    195.721     59.487 -9.990e-29
        505     -1.536     9.5850   1.465068    -0.0769     1.7356     0.1932     -1.522     -1.522    12.4149    195.741     59.495 -9.990e-29
        506     -1.535     9.5845   1.464823    -0.0765     1.7356     0.1935     -1.521     -1.521    12.4128    195.769     59.502 -9.990e-29
        507     -1.535     9.5844   1.463776    -0.0761     1.7355     0.1939     -1.521     -1.521    12.4032    195.789     59.504 -9.990e-29
        508     -1.537     9.5842   1.463689    -0.0759     1.7354     0.1942     -1.523     -1.523    12.4025    195.799     59.507 -9.990e-29
        509     -1.537     9.5842   1.464712    -0.0756     1.7352     0.1945     -1.523     -1.523    12.4119    195.779     59.504 -9.990e-29
        510     -1.536     9.5842   1.465340    -0.0754     1.7350     0.1948     -1.522     -1.522    12.4176    195.763     59.502 -9.990e-29
        511     -1.536     9.5842   1.464540    -0.0752     1.7349     0.1951     -1.522     -1.522    12.4103    195.780     59.504 -9.990e-29
        512     -1.535     9.5842   1.463997    -0.0751     1.7347     0.1954     -1.521     -1.521    12.4053    195.778     59.502 -9.990e-29
        513     -1.535     9.5844   1.464342    -0.0750     1.7346     0.1956     -1.521     -1.521    12.4084    195.778     59.503 -9.990e-29
        514     -1.537     9.5842   1.463520    -0.0750     1.7345     0.1959     -1.523     -1.523    12.4009    195.793     59.504 -9.990e-29
        515     -1.538     9.5844   1.462630    -0.0750     1.7343     0.1962     -1.524     -1.524    12.3927    195.789     59.500 -9.990e-29
        516     -1.538     9.5846   1.463579    -0.0751     1.7342     0.1965     -1.524     -1.524    12.4013    195.781     59.502 -9.990e-29
        517     -1.539     9.5845   1.464276    -0.0752     1.7341     0.1967     -1.525     -1.525    12.4078    195.777     59.503 -9.990e-29
        518     -1.539     9.5849   1.462843    -0.0753     1.7340     0.1970     -1.525     -1.525    12.3945    195.795     59.503 -9.990e-29
        519     -1.538     9.5852   1.461310    -0.0755     1.7339     0.1972     -1.524     -1.524    12.3803    195.810     59.503 -9.990e-29
        520     -1.539     9.5853   1.461459    -0.0757     1.7339     0.1974     -1.525     -1.525    12.3816    195.822     59.507 -9.990e-29
        521     -1.541     9.5855   1.461535    -0.0760     1.7340     0.1977     -1.527     -1.527    12.3822    195.847     59.515 -9.990e-29
        522     -1.543     9.5857   1.461363    -0.0763     1.7342     0.1979     -1.529     -1.529    12.3806    195.887     59.527 -9.990e-29
        523     -1.542     9.5863   1.461296    -0.0767     1.7343     0.1982     -1.528     -1.528    12.3798    195.908     59.534 -9.990e-29
        524     -1.542     9.5863   1.461196    -0.0771     1.7344     0.1986     -1.528     -1.528    12.3788    195.928     59.540 -9.990e-29
        525     -1.542     9.5867   1.461182    -0.0776     1.7345     0.1989     -1.528     -1.528    12.3786    195.943     59.545 -9.990e-29
        526     -1.543     9.5870   1.460558    -0.0781     1.7346     0.1994     -1.529     -1.529    12.3727    195.963     59.549 -9.990e-29
        527     -1.545     9.5872   1.459576    -0.0787     1.7346     0.1998     -1.531     -1.531    12.3637    195.970     59.548 -9.990e-29
        528     -1.546     9.5875   1.459035    -0.0794     1.7345     0.2002     -1.532     -1.532    12.3586    195.955     59.542 -9.990e-29
        529     -1.546     9.5876   1.458919    -0.0800     1.7345     0.2006     -1.532     -1.532    12.3575    195.953     59.541 -9.990e-29
        530     -1.546     9.5876   1.458963    -0.0805     1.7344     0.2010     -1.532     -1.532    12.3579    195.934     59.535 -9.990e-29
        531     -1.547     9.5876   1.459098    -0.0811     1.7343     0.2014     -1.533     -1.533    12.3591    195.912     59.529 -9.990e-29
        532     -1.547     9.5878   1.458852    -0.0815     1.7342     0.2018     -1.533     -1.533    12.3568    195.892     59.523 -9.990e-29
        533     -1.546     9.5878   1.458180    -0.0820     1.7341     0.2021     -1.532     -1.532    12.3506    195.876     59.515 -9.990e-29
        534     -1.546     9.5876   1.457810    -0.0824     1.7340     0.2024     -1.532     -1.532    12.3473    195.855     59.508 -9.990e-29
        535     -1.546     9.5876   1.457276    -0.0827     1.7340     0.2027     -1.532     -1.532    12.3424    195.848     59.504 -9.990e-29
        536     -1.546     9.5873   1.456907    -0.0831     1.7340     0.2029     -1.532     -1.532    12.3391    195.840     59.499 -9.990e-29
        537     -1.546     9.5870   1.457372    -0.0834     1.7339     0.2031     -1.532     -1.532    12.3435    195.804     59.490 -9.990e-29
        538     -1.547     9.5868   1.457892    -0.0836     1.7339     0.2033     -1.533     -1.533    12.3483    195.783     59.485 -9.990e-29
        539     -1.547     9.5865   1.457714    -0.0839     1.7339     0.2036     -1.533     -1.533    12.3468    195.770     59.480 -9.990e-29
        540     -1.547     9.5860   1.457830    -0.0841     1.7340     0.2038     -1.533     -1.533    12.3480    195.769     59.479 -9.990e-29
        541     -1.546     9.5857   1.458147    -0.0843     1.7340     0.2040     -1.532     -1.532    12.3510    195.748     59.474 -9.990e-29
        542     -1.546     9.5855   1.457982    -0.0845     1.7339     0.2042     -1.532     -1.532    12.3496    195.716     59.463 -9.990e-29
        543     -1.545     9.5849   1.457633    -0.0847     1.7338     0.2044     -1.531     -1.531    12.3466    195.688     59.453 -9.990e-29
        544     -1.542     9.5844   1.458083    -0.0848     1.7337     0.2046     -1.528     -1.528    12.3509    195.649     59.442 -9.990e-29
        545     -1.541     9.5836   1.458668    -0.0850     1.7335     0.2047     -1.527     -1.527    12.3566    195.595     59.427 -9.990e-29
        546     -1.541     9.5830   1.458896    -0.0851     1.7333     0.2049     -1.527     -1.527    12.3589    195.547     59.412 -9.990e-29
        547     -1.540     9.5823   1.458881    -0.0852     1.7332     0.2052     -1.526     -1.526    12.3590    195.523     59.404 -9.990e-29
        548     -1.540     9.5816   1.459023    -0.0852     1.7330     0.2054     -1.526     -1.526    12.3605    195.484     59.392 -9.990e-29
        549     -1.539     9.5808   1.459529    -0.0853     1.7329     0.2056     -1.525     -1.525    12.3654    195.460     59.385 -9.990e-29
        550     -1.537     9.5798   1.459709    -0.0854     1.7328     0.2059     -1.523     -1.523    12.3674    195.446     59.380 -9.990e-29
        551     -1.535     9.5791   1.459376    -0.0854     1.7327     0.2061     -1.521     -1.521    12.3646    195.438     59.376 -9.990e-29
        552     -1.534     9.5779   1.459734    -0.0854     1.7326     0.2064     -1.520     -1.520    12.3683    195.426     59.372 -9.990e-29
        553     -1.533     9.5766   1.460556    -0.0854     1.7325     0.2066     -1.519     -1.519    12.3763    195.409     59.368 -9.990e-29
        554     -1.531     9.5758   1.460671    -0.0854     1.7324     0.2068     -1.517     -1.517    12.3776    195.399     59.364 -9.990e-29
        555     -1.531     9.5749   1.460738    -0.0854     1.7322     0.2070     -1.517     -1.517    12.3786    195.375     59.356 -9.990e-29
