Data/CTD_08_avg.cnv
* Sea-Bird SBE 9 Data File:
* FileName = C:\Users\ctd-user\Desktop\CTD_data\OC4920\CTD_08.hex
* Software Version Seasave V 7.26.2.13
* Temperature SN = 6313
* Conductivity SN = 4758
* Number of Bytes Per Scan = 28
* Number of Voltage Words = 3
* Number of Scans Averaged by the Deck Unit = 1
* NMEA Latitude = 57 53.87 N
* NMEA Longitude = 010 46.83 E
* NMEA UTC (Time) = May 07 2025 10:06:26
** Station: test
** Operator: Operator 1
** Ship: 7720 Skagerak
** Cruise: 7720-2025-01
** Latitude [GG MM.mm N]:
** Longitude [GG MM.mm E]:
** Pumps: PrimaryPump: 1820 # SecondaryPump:
** EventIDs: EventID: 3decf26d-821b-4112-8042-a2c98b568458 # ParentEventID:
** Additional Sampling:
** Metadata admin: MPROG: Other # PROJ: Other # ORDERER: GU # SLABO: GU # ALABO: GU # REFSK: ingen
** Metadata conditions: WADEP: 10 # WINSP: 1 # WINDIR: 02 # AIRPRES: 1000 # AIRTEMP: 1 # WEATH: 9 # CLOUD: 9 # WAVES: 9 # ICEOB: 9 # COMNT_VISIT:
** LIMS Job:
# nquan = 13
# nvalues = 274                         
# units = specified
# name 0 = scan: Scan Count
# name 1 = prDM: Pressure, Digiquartz [db]
# name 2 = t090C: Temperature [ITS-90, deg C]
# name 3 = c0S/m: Conductivity [S/m]
# name 4 = flECO-AFL: Fluorescence, WET Labs ECO-AFL/FL [mg/m^3]
# name 5 = sbeox0V: Oxygen raw, SBE 43 [V]
# name 6 = turbWETntu0: Turbidity, WET Labs ECO [NTU]
# name 7 = depSM: Depth [salt water, m]
# name 8 = depSM: Depth [salt water, m], lat = 57.8978
# name 9 = sal00: Salinity, Practical [PSU]
# name 10 = sbeox0Mm/L: Oxygen, SBE 43 [umol/l], WS = 2
# name 11 = sbeox0PS: Oxygen, SBE 43 [% saturation], WS = 2
# name 12 = flag: flag
# span 0 =        656,       7378       
# span 1 =      0.505,    138.326       
# span 2 =     7.8792,    10.2843       
# span 3 =   3.376327,   3.685928       
# span 4 =    -0.0496,     5.2878       
# span 5 =     2.5258,     2.8304       
# span 6 =     0.1637,     0.4395       
# span 7 =      0.500,    137.000       
# span 8 =      0.500,    137.000       
# span 9 =    30.3701,    35.2556       
# span 10 =    293.365,    330.427      
# span 11 =     99.403,    113.815      
# span 12 = 0.0000e+00, 0.0000e+00      
# interval = meters: 0.5                
# start_time = May 07 2025 10:06:26 [NMEA time, header]
# bad_flag = -9.990e-29
*END*
        656      0.505    10.2843   3.376327     0.4155     2.7195     0.2220      0.500      0.500    30.3701    309.143    107.077 0.0000e+00
        673      1.009    10.2614   3.379152     0.4462     2.7197     0.2260      1.000      1.000    30.4173    309.160    107.062 0.0000e+00
        694      1.514    10.2498   3.379927     0.4998     2.7189     0.2295      1.500      1.500    30.4345    309.162    107.047 0.0000e+00
        719      2.019    10.2361   3.380318     0.5488     2.7197     0.2330      2.000      2.000    30.4497    309.475    107.134 0.0000e+00
        747      2.523    10.1820   3.379302     0.6082     2.7189     0.2416      2.500      2.500    30.4848    309.428    107.015 0.0000e+00
        772      3.028    10.1427   3.378723     0.6663     2.7191     0.2401      3.000      3.000    30.5119    310.611    107.350 0.0000e+00
        793      3.533    10.0851   3.382414     0.7035     2.7235     0.2381      3.500      3.500    30.5972    312.220    107.830 0.0000e+00
        812      4.037    10.0635   3.387697     0.7983     2.7289     0.2460      4.000      4.000    30.6683    313.126    108.141 0.0000e+00
        832      4.542    10.0840   3.393595     0.9828     2.7336     0.2474      4.500      4.500    30.7100    313.664    108.404 0.0000e+00
        854      5.047    10.0854   3.403922     1.2549     2.7413     0.2425      5.000      5.000    30.8122    315.374    109.070 0.0000e+00
        880      5.552    10.0633   3.410659     1.5984     2.7548     0.2414      5.500      5.500    30.8985    318.124    110.028 0.0000e+00
        908      6.056     9.9886   3.420163     2.3886     2.7695     0.2551      6.000      6.000    31.0579    319.273    110.358 0.0000e+00
        933      6.561     9.9232   3.433221     2.3392     2.7768     0.2641      6.500      6.500    31.2458    321.258    111.019 0.0000e+00
        955      7.066     9.8746   3.439518     2.3100     2.7935     0.2709      7.000      7.000    31.3514    326.445    112.767 0.0000e+00
        975      7.570     9.6722   3.446127     2.3552     2.8156     0.2680      7.500      7.500    31.5953    330.427    113.815 0.0000e+00
        994      8.075     9.4500   3.487364     2.3743     2.8304     0.2573      8.000      8.000    32.2144    329.267    113.313 0.0000e+00
       1016      8.580     9.1372   3.546828     2.7536     2.8257     0.2519      8.500      8.500    33.1136    322.652    110.912 0.0000e+00
       1041      9.084     8.6581   3.591515     3.8216     2.7937     0.2530      9.000      9.000    34.0346    315.186    107.842 0.0000e+00
       1068      9.589     8.4918   3.608779     5.0950     2.7518     0.2490      9.500      9.500    34.3769    309.269    105.661 0.0000e+00
       1092     10.094     8.4403   3.603797     5.2878     2.7155     0.2334     10.000     10.000    34.3741    305.699    104.319 0.0000e+00
       1113     10.598     8.3746   3.600760     4.3474     2.6895     0.2236     10.500     10.500    34.4058    304.144    103.658 0.0000e+00
       1133     11.103     8.3005   3.598239     3.3880     2.6703     0.2174     11.000     11.000    34.4514    303.453    103.281 0.0000e+00
       1154     11.608     8.2189   3.592010     2.5854     2.6553     0.2105     11.500     11.500    34.4649    303.194    103.014 0.0000e+00
       1176     12.113     8.2069   3.590186     1.9028     2.6431     0.2031     12.000     12.000    34.4569    302.705    102.815 0.0000e+00
       1200     12.617     8.2132   3.591231     1.3527     2.6338     0.1951     12.500     12.500    34.4616    302.473    102.753 0.0000e+00
       1226     13.122     8.2407   3.595102     1.0417     2.6282     0.1886     13.000     13.000    34.4757    302.458    102.821 0.0000e+00
       1250     13.627     8.2203   3.597177     1.0032     2.6255     0.1880     13.500     13.500    34.5176    302.260    102.735 0.0000e+00
       1271     14.131     8.3060   3.602056     1.0466     2.6223     0.1895     14.000     14.000    34.4852    301.400    102.618 0.0000e+00
       1292     14.636     8.2982   3.612507     1.0112     2.6210     0.1938     14.500     14.500    34.6040    301.678    102.774 0.0000e+00
       1319     15.141     8.2520   3.609731     0.9126     2.6215     0.1932     15.000     15.000    34.6197    302.417    102.930 0.0000e+00
       1346     15.645     8.2902   3.611888     0.7588     2.6232     0.1849     15.500     15.500    34.6048    303.020    103.213 0.0000e+00
       1366     16.150     8.3760   3.625005     0.6659     2.6270     0.1856     16.000     16.000    34.6597    303.181    103.503 0.0000e+00
       1385     16.655     8.3968   3.635305     0.6638     2.6301     0.1870     16.499     16.500    34.7485    303.330    103.662 0.0000e+00
       1404     17.160     8.3968   3.638591     0.7548     2.6338     0.1876     16.999     17.000    34.7832    303.674    103.803 0.0000e+00
       1427     17.664     8.3971   3.641354     0.9185     2.6368     0.1901     17.499     17.500    34.8121    303.870    103.890 0.0000e+00
       1457     18.169     8.3940   3.643047     0.9929     2.6411     0.1922     18.000     18.000    34.8329    304.524    104.121 0.0000e+00
       1486     18.674     8.3864   3.644321     1.0134     2.6449     0.1923     18.500     18.500    34.8538    305.251    104.365 0.0000e+00
       1508     19.178     8.3850   3.645626     1.0140     2.6494     0.1931     19.000     19.000    34.8688    306.571    104.824 0.0000e+00
       1526     19.683     8.3845   3.646592     1.0170     2.6553     0.1908     19.500     19.500    34.8794    307.786    105.245 0.0000e+00
       1545     20.188     8.4014   3.647868     1.0259     2.6617     0.1940     20.000     20.000    34.8760    308.761    105.616 0.0000e+00
       1566     20.693     8.4313   3.655367     1.0293     2.6692     0.1955     20.500     20.500    34.9258    309.004    105.804 0.0000e+00
       1592     21.197     8.4444   3.658994     0.9637     2.6735     0.1913     21.000     21.000    34.9512    308.304    105.613 0.0000e+00
       1620     21.702     8.4446   3.661333     0.8317     2.6743     0.1879     21.500     21.500    34.9756    307.740    105.437 0.0000e+00
       1644     22.207     8.4295   3.663454     0.6815     2.6732     0.1878     22.000     22.000    35.0130    307.230    105.252 0.0000e+00
       1666     22.712     8.4274   3.664445     0.5768     2.6714     0.1850     22.500     22.500    35.0254    306.919    105.149 0.0000e+00
       1686     23.216     8.4176   3.666284     0.5216     2.6695     0.1818     23.000     23.000    35.0545    306.314    104.939 0.0000e+00
       1707     23.721     8.3613   3.664432     0.4682     2.6655     0.1807     23.500     23.500    35.0906    305.762    104.643 0.0000e+00
       1730     24.226     8.3327   3.661979     0.3518     2.6609     0.1800     24.000     24.000    35.0927    305.439    104.467 0.0000e+00
       1758     24.730     8.3097   3.660396     0.2670     2.6571     0.1777     24.500     24.500    35.0986    305.782    104.535 0.0000e+00
       1785     25.235     8.2978   3.658502     0.2302     2.6568     0.1721     25.000     25.000    35.0900    306.510    104.750 0.0000e+00
       1807     25.740     8.3142   3.659637     0.2239     2.6579     0.1708     25.500     25.500    35.0855    306.731    104.861 0.0000e+00
       1826     26.245     8.3215   3.662685     0.2195     2.6589     0.1707     26.000     26.000    35.1105    306.571    104.840 0.0000e+00
       1844     26.749     8.3317   3.664063     0.2044     2.6587     0.1711     26.500     26.500    35.1147    306.119    104.712 0.0000e+00
       1865     27.254     8.3374   3.665920     0.1831     2.6574     0.1711     27.000     27.000    35.1286    305.589    104.554 0.0000e+00
       1891     27.759     8.3385   3.666627     0.1566     2.6547     0.1710     27.500     27.500    35.1348    305.113    104.398 0.0000e+00
       1920     28.264     8.3375   3.666916     0.1342     2.6520     0.1717     28.000     28.000    35.1387    304.708    104.260 0.0000e+00
       1947     28.768     8.3336   3.666997     0.1256     2.6486     0.1715     28.500     28.500    35.1432    303.841    103.957 0.0000e+00
       1969     29.273     8.3265   3.666971     0.1242     2.6444     0.1710     29.000     29.000    35.1498    303.066    103.680 0.0000e+00
       1988     29.778     8.3173   3.666881     0.1264     2.6404     0.1709     29.500     29.500    35.1577    302.692    103.536 0.0000e+00
       2006     30.283     8.2937   3.665488     0.1198     2.6374     0.1709     30.000     30.000    35.1662    302.806    103.526 0.0000e+00
       2025     30.787     8.2872   3.663645     0.1146     2.6358     0.1714     30.500     30.500    35.1529    303.165    103.624 0.0000e+00
       2049     31.292     8.2933   3.663876     0.1105     2.6349     0.1711     31.000     31.000    35.1490    302.718    103.483 0.0000e+00
       2077     31.797     8.3417   3.666576     0.0999     2.6301     0.1709     31.500     31.500    35.1291    301.122    103.036 0.0000e+00
       2106     32.302     8.3951   3.676634     0.1104     2.6239     0.1672     32.000     32.000    35.1828    299.598    102.672 0.0000e+00
       2131     32.806     8.4187   3.679649     0.1286     2.6184     0.1686     32.500     32.500    35.1910    298.776    102.450 0.0000e+00
       2152     33.311     8.4339   3.682511     0.1429     2.6144     0.1708     33.000     33.000    35.2061    298.448    102.382 0.0000e+00
       2172     33.816     8.4386   3.683592     0.1564     2.6122     0.1714     33.500     33.500    35.2126    298.577    102.441 0.0000e+00
       2192     34.321     8.4353   3.683881     0.1663     2.6113     0.1712     34.000     34.000    35.2188    298.457    102.397 0.0000e+00
       2214     34.825     8.4374   3.683652     0.1687     2.6089     0.1710     34.500     34.500    35.2139    298.074    102.267 0.0000e+00
       2237     35.330     8.4415   3.684287     0.1691     2.6075     0.1712     35.000     35.000    35.2164    298.038    102.266 0.0000e+00
       2259     35.835     8.4437   3.684723     0.1696     2.6057     0.1711     35.500     35.500    35.2185    297.584    102.116 0.0000e+00
       2281     36.340     8.4444   3.684980     0.1698     2.6039     0.1706     36.000     36.000    35.2203    297.622    102.132 0.0000e+00
       2307     36.844     8.4423   3.684990     0.1673     2.6029     0.1709     36.500     36.500    35.2223    297.358    102.038 0.0000e+00
       2339     37.349     8.4463   3.684555     0.1502     2.5999     0.1712     37.000     37.000    35.2135    297.008    101.921 0.0000e+00
       2366     37.854     8.4409   3.685928     0.1263     2.5991     0.1713     37.500     37.500    35.2332    297.157    101.973 0.0000e+00
       2384     38.359     8.4247   3.684289     0.1192     2.5986     0.1710     38.000     38.000    35.2317    297.334    101.996 0.0000e+00
       2400     38.863     8.4191   3.683725     0.1105     2.5988     0.1710     38.500     38.500    35.2310    297.478    102.032 0.0000e+00
       2417     39.368     8.4207   3.683384     0.0968     2.5987     0.1716     39.000     39.000    35.2256    297.350    101.988 0.0000e+00
       2439     39.873     8.4205   3.684032     0.1016     2.5980     0.1726     39.500     39.500    35.2325    297.193    101.938 0.0000e+00
       2467     40.378     8.4028   3.683383     0.0907     2.5978     0.1761     40.000     40.000    35.2431    297.634    102.056 0.0000e+00
       2495     40.883     8.3804   3.680659     0.0720     2.5987     0.1725     40.500     40.500    35.2362    297.937    102.105 0.0000e+00
       2518     41.387     8.3798   3.680007     0.0627     2.5990     0.1695     41.000     41.000    35.2296    297.822    102.060 0.0000e+00
       2538     41.892     8.3856   3.680871     0.0687     2.5983     0.1664     41.500     41.500    35.2327    297.347    101.912 0.0000e+00
       2560     42.397     8.3850   3.681069     0.0724     2.5964     0.1676     42.000     42.000    35.2352    297.077    101.820 0.0000e+00
       2585     42.902     8.3844   3.681165     0.0731     2.5956     0.1702     42.500     42.500    35.2366    297.348    101.912 0.0000e+00
       2612     43.406     8.3570   3.680397     0.0633     2.5958     0.1703     43.000     43.000    35.2556    297.841    102.032 0.0000e+00
       2634     43.911     8.3142   3.675609     0.0555     2.5972     0.1710     43.500     43.500    35.2472    298.664    102.210 0.0000e+00
       2653     44.416     8.2854   3.672361     0.0517     2.5989     0.1710     44.000     44.000    35.2412    299.174    102.315 0.0000e+00
       2671     44.921     8.2543   3.669476     0.0430     2.6001     0.1703     44.501     44.500    35.2412    298.977    102.177 0.0000e+00
       2692     45.426     8.2073   3.665638     0.0378     2.5985     0.1704     45.000     45.000    35.2472    299.026    102.090 0.0000e+00
       2720     45.930     8.2516   3.666785     0.0263     2.6004     0.1708     45.500     45.500    35.2147    299.962    102.489 0.0000e+00
       2750     46.435     8.1714   3.662537     0.0217     2.6043     0.1710     46.000     46.000    35.2495    300.859    102.635 0.0000e+00
       2772     46.940     8.1663   3.658701     0.0220     2.6056     0.1695     46.500     46.500    35.2133    300.807    102.581 0.0000e+00
       2791     47.445     8.1634   3.658302     0.0206     2.6058     0.1662     47.000     47.000    35.2117    300.684    102.531 0.0000e+00
       2810     47.949     8.1704   3.658911     0.0143     2.6057     0.1637     47.500     47.500    35.2109    300.656    102.538 0.0000e+00
       2833     48.454     8.1690   3.659251     0.0063     2.6059     0.1661     48.000     48.000    35.2157    300.603    102.519 0.0000e+00
       2864     48.959     8.1684   3.659745     0.0043     2.6046     0.1702     48.500     48.500    35.2213    300.149    102.367 0.0000e+00
       2889     49.464     8.1559   3.659025     0.0042     2.6034     0.1706     49.000     49.000    35.2259    300.156    102.344 0.0000e+00
       2908     49.969     8.1565   3.658712     0.0042     2.6028     0.1710     49.500     49.500    35.2217    299.976    102.281 0.0000e+00
       2925     50.473     8.1412   3.658766     0.0042     2.6013     0.1708     50.000     50.000    35.2375    299.483    102.088 0.0000e+00
       2944     50.978     8.1269   3.656817     0.0043     2.5984     0.1701     50.500     50.500    35.2306    299.129    101.930 0.0000e+00
       2968     51.483     8.1232   3.656374     0.0054     2.5963     0.1703     51.000     51.000    35.2294    299.276    101.971 0.0000e+00
       3000     51.988     8.1045   3.654964     0.0104     2.5945     0.1703     51.500     51.500    35.2329    299.332    101.950 0.0000e+00
       3032     52.493     8.1012   3.653639    -0.0072     2.5931     0.1711     52.000     52.000    35.2216    299.015    101.827 0.0000e+00
       3067     52.997     8.1163   3.654759    -0.0141     2.5894     0.1711     52.500     52.500    35.2183    298.023    101.521 0.0000e+00
       3090     53.502     8.1196   3.656720    -0.0142     2.5866     0.1716     53.000     53.000    35.2357    297.982    101.526 0.0000e+00
       3112     54.007     8.1197   3.656840    -0.0148     2.5861     0.1743     53.500     53.500    35.2367    298.172    101.592 0.0000e+00
       3142     54.512     8.1137   3.656705    -0.0210     2.5844     0.1757     54.000     54.000    35.2410    297.584    101.381 0.0000e+00
       3171     55.017     8.1059   3.656072    -0.0215     2.5814     0.1718     54.500     54.500    35.2418    297.221    101.240 0.0000e+00
       3196     55.521     8.1045   3.655719    -0.0151     2.5792     0.1715     55.000     55.000    35.2392    296.808    101.094 0.0000e+00
       3218     56.026     8.1076   3.656000    -0.0142     2.5762     0.1748     55.500     55.500    35.2389    296.263    100.916 0.0000e+00
