Data/CTD_11_avg.cnv
* Sea-Bird SBE 9 Data File:
* FileName = C:\Users\ctd-user\Desktop\CTD_data\OC4920\CTD_11.hex
* Software Version Seasave V 7.26.2.13
* Temperature SN = 6313
* Conductivity SN = 4758
* Number of Bytes Per Scan = 28
* Number of Voltage Words = 3
* Number of Scans Averaged by the Deck Unit = 1
* NMEA Latitude = 57 50.84 N
* NMEA Longitude = 010 46.70 E
* NMEA UTC (Time) = May 07 2025 11:30:52
** Station: test
** Operator: Operator 1
** Ship: 7720 Skagerak
** Cruise: 7720-2025-01
** Latitude [GG MM.mm N]:
** Longitude [GG MM.mm E]:
** Pumps: PrimaryPump: 1820 # SecondaryPump:
** EventIDs: EventID: 3decf26d-821b-4112-8042-a2c98b568458 # ParentEventID:
** Additional Sampling:
** Metadata admin: MPROG: Other # PROJ: Other # ORDERER: GU # SLABO: GU # ALABO: GU # REFSK: ingen
** Metadata conditions: WADEP: 10 # WINSP: 1 # WINDIR: 02 # AIRPRES: 1000 # AIRTEMP: 1 # WEATH: 9 # CLOUD: 9 # WAVES: 9 # ICEOB: 9 # COMNT_VISIT:
** LIMS Job:
# nquan = 13
# nvalues = 194                         
# units = specified
# name 0 = scan: Scan Count
# name 1 = prDM: Pressure, Digiquartz [db]
# name 2 = t090C: Temperature [ITS-90, deg C]
# name 3 = c0S/m: Conductivity [S/m]
# name 4 = flECO-AFL: Fluorescence, WET Labs ECO-AFL/FL [mg/m^3]
# name 5 = sbeox0V: Oxygen raw, SBE 43 [V]
# name 6 = turbWETntu0: Turbidity, WET Labs ECO [NTU]
# name 7 = depSM: Depth [salt water, m]
# name 8 = depSM: Depth [salt water, m], lat = 57.8473
# name 9 = sal00: Salinity, Practical [PSU]
# name 10 = sbeox0Mm/L: Oxygen, SBE 43 [umol/l], WS = 2
# name 11 = sbeox0PS: Oxygen, SBE 43 [% saturation], WS = 2
# name 12 = flag: flag
# span 0 =        307,       6533       
# span 1 =      0.505,     97.929       
# span 2 =     7.6441,    10.5280       
# span 3 =   3.423872,   3.675644       
# span 4 =    -0.0247,     5.8857       
# span 5 =     2.3991,     2.8062       
# span 6 =     0.1705,     0.3294       
# span 7 =      0.500,     97.000       
# span 8 =      0.500,     97.000       
# span 9 =    30.7440,    35.2465       
# span 10 =    255.545,    325.829      
# span 11 =     87.708,    112.335      
# span 12 = 0.0000e+00, 0.0000e+00      
# interval = meters: 0.5                
# start_time = May 07 2025 11:30:52 [NMEA time, header]
# bad_flag = -9.990e-29
*END*
[from data line 112]
       4601     57.036     8.0884   3.654595     0.0706     2.5540     0.1846     56.500     56.500    35.2426    293.773    100.027 0.0000e+00
       4621     57.541     8.0711   3.651551     0.0570     2.5526     0.1815     57.000     57.000    35.2271    293.676     99.945 0.0000e+00
       4641     58.045     8.0599   3.650458     0.0459     2.5516     0.1804     57.500     57.500    35.2263    293.750     99.945 0.0000e+00
       4664     58.550     8.0358   3.648746     0.0412     2.5506     0.1810     58.000     58.000    35.2320    293.499     99.809 0.0000e+00
       4688     59.055     8.0171   3.646233     0.0388     2.5474     0.1846     58.500     58.500    35.2235    293.279     99.686 0.0000e+00
       4711     59.560     7.9922   3.644054     0.0300     2.5476     0.1870     59.000     59.000    35.2249    294.355     99.997 0.0000e+00
       4733     60.065     7.9620   3.641334     0.0237     2.5489     0.1874     59.500     59.500    35.2258    294.654    100.032 0.0000e+00
       4754     60.569     7.9483   3.638680     0.0268     2.5491     0.1879     60.000     60.000    35.2107    294.282     99.865 0.0000e+00
       4777     61.074     7.9259   3.637430     0.0315     2.5466     0.1880     60.500     60.500    35.2196    293.771     99.647 0.0000e+00
       4803     61.579     7.8685   3.632561     0.0228     2.5450     0.1898     61.000     61.000    35.2247    294.589     99.799 0.0000e+00
       4828     62.084     7.8382   3.628667     0.0166     2.5462     0.1967     61.500     61.500    35.2131    295.341     99.978 0.0000e+00
       4852     62.589     7.8140   3.624651     0.0065     2.5467     0.2032     62.000     62.000    35.1938    295.176     99.855 0.0000e+00
       4873     63.093     7.7996   3.623267     0.0021     2.5454     0.2078     62.500     62.500    35.1932    294.712     99.665 0.0000e+00
       4892     63.598     7.7665   3.621095    -0.0054     2.5435     0.2184     62.999     63.000    35.2029    294.819     99.633 0.0000e+00
       4913     64.103     7.7504   3.617752    -0.0054     2.5431     0.2230     63.500     63.500    35.1827    295.362     99.767 0.0000e+00
       4936     64.608     7.7470   3.616809    -0.0040     2.5435     0.2215     64.000     64.000    35.1756    295.632     99.846 0.0000e+00
       4961     65.113     7.7449   3.616938    -0.0056     2.5443     0.2218     64.500     64.500    35.1790    295.783     99.895 0.0000e+00
       4985     65.618     7.7244   3.615387     0.0015     2.5446     0.2263     65.000     65.000    35.1826    295.746     99.838 0.0000e+00
       5007     66.122     7.7157   3.614061    -0.0013     2.5439     0.2344     65.500     65.500    35.1767    295.462     99.719 0.0000e+00
       5030     66.627     7.7107   3.613293    -0.0111     2.5425     0.2370     66.000     66.000    35.1732    295.335     99.663 0.0000e+00
       5052     67.132     7.7094   3.612945    -0.0140     2.5417     0.2392     66.500     66.500    35.1705    295.234     99.624 0.0000e+00
       5074     67.637     7.7084   3.612901    -0.0139     2.5401     0.2450     67.000     67.000    35.1708    294.781     99.469 0.0000e+00
       5097     68.142     7.7095   3.613010    -0.0124     2.5379     0.2476     67.500     67.500    35.1706    294.641     99.424 0.0000e+00
       5121     68.647     7.7073   3.612983    -0.0044     2.5373     0.2471     68.000     68.000    35.1723    294.949     99.524 0.0000e+00
       5145     69.151     7.7082   3.612825     0.0012     2.5373     0.2441     68.500     68.500    35.1694    295.121     99.582 0.0000e+00
       5168     69.656     7.7184   3.613550    -0.0039     2.5375     0.2458     69.000     69.000    35.1668    294.665     99.450 0.0000e+00
       5189     70.161     7.7239   3.614448    -0.0059     2.5352     0.2499     69.500     69.500    35.1707    293.946     99.222 0.0000e+00
       5211     70.666     7.7261   3.615038     0.0012     2.5333     0.2451     70.000     70.000    35.1746    294.060     99.268 0.0000e+00
       5234     71.171     7.7270   3.615216     0.0001     2.5331     0.2413     70.500     70.500    35.1754    294.351     99.369 0.0000e+00
       5259     71.676     7.7276   3.615322    -0.0067     2.5333     0.2443     71.000     71.000    35.1757    294.568     99.443 0.0000e+00
       5282     72.180     7.7278   3.615369    -0.0001     2.5343     0.2421     71.500     71.500    35.1757    294.843     99.537 0.0000e+00
       5304     72.685     7.7280   3.615474     0.0008     2.5348     0.2458     72.000     72.000    35.1764    294.510     99.425 0.0000e+00
       5328     73.190     7.7257   3.615366    -0.0078     2.5335     0.2496     72.500     72.500    35.1773    294.369     99.373 0.0000e+00
       5352     73.695     7.7250   3.615201    -0.0116     2.5341     0.2448     73.000     73.000    35.1759    294.754     99.501 0.0000e+00
       5375     74.200     7.7262   3.615285    -0.0052     2.5343     0.2445     73.500     73.500    35.1754    294.486     99.412 0.0000e+00
       5398     74.705     7.7262   3.615415    -0.0060     2.5330     0.2493     74.000     74.000    35.1766    294.246     99.332 0.0000e+00
       5423     75.210     7.7229   3.615227    -0.0126     2.5329     0.2513     74.500     74.500    35.1776    294.462     99.398 0.0000e+00
       5447     75.714     7.7204   3.614974    -0.0130     2.5323     0.2516     75.000     75.000    35.1772    294.261     99.324 0.0000e+00
       5470     76.219     7.7145   3.614555    -0.0078     2.5317     0.2486     75.500     75.500    35.1783    294.172     99.282 0.0000e+00
       5491     76.724     7.7061   3.613873     0.0013     2.5306     0.2458     76.000     76.000    35.1791    293.736     99.117 0.0000e+00
       5513     77.229     7.6973   3.612794     0.0037     2.5280     0.2422     76.500     76.500    35.1761    293.627     99.058 0.0000e+00
       5537     77.734     7.6889   3.612042     0.0037     2.5280     0.2494     77.000     77.000    35.1763    294.245     99.248 0.0000e+00
       5562     78.239     7.6864   3.611284     0.0009     2.5281     0.2607     77.500     77.500    35.1702    293.999     99.156 0.0000e+00
       5586     78.744     7.6808   3.611199    -0.0093     2.5268     0.2643     78.000     78.000    35.1748    293.796     99.077 0.0000e+00
       5608     79.248     7.6719   3.610312    -0.0133     2.5265     0.2682     78.500     78.500    35.1739    294.109     99.163 0.0000e+00
       5632     79.753     7.6607   3.609144    -0.0138     2.5267     0.2725     79.000     79.000    35.1723    294.245     99.182 0.0000e+00
       5657     80.258     7.6566   3.608383    -0.0125     2.5264     0.2840     79.500     79.500    35.1679    294.244     99.170 0.0000e+00
       5681     80.763     7.6548   3.608088    -0.0050     2.5267     0.2860     80.000     80.000    35.1663    294.317     99.189 0.0000e+00
       5705     81.268     7.6537   3.607997    -0.0052     2.5264     0.2832     80.500     80.500    35.1662    294.268     99.170 0.0000e+00
       5727     81.773     7.6519   3.607899    -0.0061     2.5264     0.2907     81.000     81.000    35.1667    294.391     99.208 0.0000e+00
       5750     82.278     7.6478   3.607586    -0.0042     2.5268     0.3009     81.500     81.500    35.1672    294.534     99.247 0.0000e+00
       5773     82.783     7.6474   3.607367    -0.0118     2.5267     0.3008     81.999     82.000    35.1649    294.389     99.196 0.0000e+00
       5796     83.287     7.6472   3.607422    -0.0138     2.5265     0.2976     82.500     82.500    35.1655    294.465     99.222 0.0000e+00
       5820     83.792     7.6466   3.607411    -0.0141     2.5267     0.2970     83.000     83.000    35.1658    294.386     99.194 0.0000e+00
       5843     84.297     7.6446   3.607232    -0.0141     2.5255     0.2979     83.500     83.500    35.1656    293.917     99.031 0.0000e+00
       5865     84.802     7.6445   3.607185    -0.0138     2.5239     0.3018     84.000     84.000    35.1649    293.538     98.903 0.0000e+00
       5889     85.307     7.6445   3.607203    -0.0120     2.5215     0.3034     84.500     84.500    35.1649    293.217     98.795 0.0000e+00
       5914     85.812     7.6447   3.607207    -0.0026     2.5199     0.3042     85.000     85.000    35.1645    293.400     98.856 0.0000e+00
       5939     86.317     7.6448   3.607274     0.0012     2.5196     0.3040     85.500     85.500    35.1649    293.460     98.877 0.0000e+00
       5962     86.822     7.6448   3.607301    -0.0070     2.5190     0.3050     86.000     86.000    35.1649    293.539     98.904 0.0000e+00
       5984     87.326     7.6450   3.607334    -0.0127     2.5198     0.3083     86.500     86.500    35.1648    293.971     99.050 0.0000e+00
       6006     87.831     7.6450   3.607372    -0.0131     2.5208     0.3118     87.000     87.000    35.1650    293.928     99.035 0.0000e+00
       6031     88.336     7.6450   3.607387    -0.0081     2.5204     0.3092     87.500     87.500    35.1648    293.610     98.928 0.0000e+00
       6055     88.841     7.6450   3.607437    -0.0050     2.5199     0.3022     88.000     88.000    35.1651    293.618     98.931 0.0000e+00
       6078     89.346     7.6450   3.607444    -0.0162     2.5197     0.2997     88.500     88.500    35.1650    293.807     98.995 0.0000e+00
       6099     89.851     7.6453   3.607479    -0.0247     2.5203     0.3036     89.000     89.000    35.1648    293.973     99.051 0.0000e+00
       6122     90.356     7.6455   3.607536    -0.0161     2.5206     0.3055     89.500     89.500    35.1650    293.780     98.987 0.0000e+00
       6147     90.861     7.6449   3.607529    -0.0049     2.5195     0.3100     90.000     90.000    35.1652    293.451     98.875 0.0000e+00
       6173     91.366     7.6449   3.607520    -0.0125     2.5186     0.3070     90.500     90.500    35.1649    293.465     98.879 0.0000e+00
       6196     91.870     7.6448   3.607537    -0.0241     2.5185     0.3053     91.000     91.000    35.1649    293.736     98.970 0.0000e+00
       6218     92.375     7.6449   3.607573    -0.0208     2.5191     0.3098     91.500     91.500    35.1650    294.002     99.060 0.0000e+00
       6239     92.880     7.6448   3.607583    -0.0147     2.5201     0.3123     92.000     92.000    35.1649    294.134     99.104 0.0000e+00
       6262     93.385     7.6446   3.607603    -0.0079     2.5203     0.3153     92.500     92.500    35.1651    293.881     99.019 0.0000e+00
       6289     93.890     7.6449   3.607616    -0.0059     2.5196     0.3171     93.000     93.000    35.1647    293.592     98.922 0.0000e+00
       6317     94.395     7.6449   3.607671    -0.0132     2.5181     0.3179     93.500     93.500    35.1650    293.438     98.870 0.0000e+00
       6339     94.900     7.6446   3.607680    -0.0139     2.5179     0.3231     94.000     94.000    35.1652    293.506     98.892 0.0000e+00
       6357     95.405     7.6450   3.607706    -0.0141     2.5172     0.3256     94.500     94.500    35.1649    293.219     98.797 0.0000e+00
       6376     95.910     7.6447   3.607745    -0.0141     2.5160     0.3232     95.000     95.000    35.1653    292.932     98.700 0.0000e+00
       6398     96.415     7.6441   3.607715    -0.0141     2.5144     0.3234     95.500     95.500    35.1653    292.851     98.671 0.0000e+00
       6425     96.920     7.6442   3.607716    -0.0141     2.5139     0.3294     96.000     96.000    35.1650    293.155     98.773 0.0000e+00
       6457     97.424     7.6443   3.607730    -0.0141 -9.990e-29     0.3232     96.500     96.500    35.1648 -9.990e-29 -9.990e-29 0.0000e+00
       6533     97.929     7.6455   3.607859    -0.0141 -9.990e-29     0.2987     97.000     97.000    35.1646 -9.990e-29 -9.990e-29 0.0000e+00
