Data/CTD_01.cnv
* Sea-Bird SBE 9 Data File:
* FileName = C:\Users\ctd-user\Desktop\CTD_data\OC4920\CTD_01.hex
* Software Version Seasave V 7.26.2.13
* Temperature SN = 6313
* Conductivity SN = 4758
* Number of Bytes Per Scan = 28
* Number of Voltage Words = 3
* Number of Scans Averaged by the Deck Unit = 1
* NMEA Latitude = 57 33.55 N
* NMEA Longitude = 011 31.36 E
* NMEA UTC (Time) = May 06 2025 09:08:45
** Station: test
** Operator: Operator 1
** Ship: 7720 Skagerak
** Cruise: 7720-2025-01
** Latitude [GG MM.mm N]:
** Longitude [GG MM.mm E]:
** Pumps: PrimaryPump: 1820 # SecondaryPump:
** EventIDs: EventID: 3decf26d-821b-4112-8042-a2c98b568458 # ParentEventID:
** Additional Sampling:
** Metadata admin: MPROG: Other # PROJ: Other # ORDERER: GU # SLABO: GU # ALABO: GU # REFSK: ingen
** Metadata conditions: WADEP: 10 # WINSP: 1 # WINDIR: 02 # AIRPRES: 1000 # AIRTEMP: 1 # WEATH: 9 # CLOUD: 9 # WAVES: 9 # ICEOB: 9 # COMNT_VISIT:
** LIMS Job:
# nquan = 18                                
# nvalues = 10762                       
# units = specified
# name 0 = scan: Scan Count
# name 1 = prDM: Pressure, Digiquartz [db]
# name 2 = t090C: Temperature [ITS-90, deg C]
# name 3 = c0S/m: Conductivity [S/m]
# name 4 = flECO-AFL: Fluorescence, WET Labs ECO-AFL/FL [mg/m^3]
# name 5 = sbeox0V: Oxygen raw, SBE 43 [V]
# name 6 = turbWETntu0: Turbidity, WET Labs ECO [NTU]
# name 7 = depSM: Depth [salt water, m]
# name 8 = depSM: Depth [salt water, m], lat = 57.5592
# name 9 = sal00: Salinity, Practical [PSU]
# name 10 = sbeox0Mg/L: Oxygen, SBE 43 [mg/l], WS = 2
# name 11 = sbeox0Mm/L: Oxygen, SBE 43 [umol/l], WS = 2
# name 12 = sbeox0PS: Oxygen, SBE 43 [% saturation], WS = 2
# name 13 = depSM: Depth [salt water, m], lat = 57.5592
# name 14 = sal00: Salinity, Practical [PSU]
# name 15 = sbeox0Mm/L: Oxygen, SBE 43 [umol/l], WS = 2
# name 16 = sbeox0PS: Oxygen, SBE 43 [% saturation], WS = 2
# name 17 = flag: flag
# span 0 =          1,      10762       
# span 1 =     -1.528,     69.087       
# span 2 =     7.3922,    14.9924       
# span 3 =   0.004266,   3.550992       
# span 4 =    -0.3805,     4.3266       
# span 5 =     2.0659,     2.7187       
# span 6 =    -0.2406,     0.8329       
# span 7 =     -1.514,     68.438       
# span 8 =     -1.514,     68.438       
# span 9 =     0.0284,    34.6072       
# span 10 =     7.6517,    10.1993      
# span 11 =    239.120,    318.731      
# span 12 =     75.104,    107.986      
# span 13 =     -1.514,     68.438      
# span 14 =     0.0284,    34.6072      
# span 15 =    239.120,    318.731      
# span 16 =     75.104,    107.986      
# span 17 = 0.0000e+00, 0.0000e+00      
# interval = seconds: 0.0416667
# start_time = May 06 2025 09:08:45 [NMEA time, header]
# bad_flag = -9.990e-29
*END*
[from data line 3538]
       3539     -0.281    10.8171   2.952988     0.3058     2.2578     0.2162     -0.279     -0.278    25.8101     7.8723    246.013     83.738     -0.278    25.8101    246.013     83.738 -9.990e-29
       3540     -0.284    10.8176   2.952681     0.3065     2.2573     0.2174     -0.282     -0.281    25.8068     7.8673    245.856     83.683     -0.281    25.8068    245.856     83.683 -9.990e-29
       3541     -0.288    10.8099   2.952276     0.3070     2.2568     0.2186     -0.285     -0.285    25.8083     7.8636    245.742     83.631     -0.285    25.8083    245.742     83.631 -9.990e-29
       3542     -0.290    10.8017   2.951913     0.3071     2.2561     0.2197     -0.288     -0.287    25.8105     7.8592    245.604     83.571     -0.287    25.8105    245.604     83.571 -9.990e-29
       3543     -0.292    10.7938   2.951584     0.3069     2.2554     0.2209     -0.290     -0.289    25.8129     7.8549    245.468     83.511     -0.289    25.8129    245.468     83.511 -9.990e-29
       3544     -0.294    10.7864   2.951313     0.3064     2.2547     0.2221     -0.292     -0.291    25.8155     7.8506    245.334     83.453     -0.291    25.8155    245.334     83.453 -9.990e-29
       3545     -0.297    10.7759   2.951025     0.3056     2.2540     0.2232     -0.294     -0.294    25.8201     7.8469    245.219     83.398     -0.294    25.8201    245.219     83.398 -9.990e-29
       3546     -0.300    10.7648   2.950768     0.3044     2.2533     0.2244     -0.298     -0.297    25.8255     7.8435    245.113     83.344     -0.297    25.8255    245.113     83.344 -9.990e-29
       3547     -0.303    10.7542   2.950530     0.3029     2.2527     0.2256     -0.300     -0.300    25.8307     7.8406    245.023     83.297     -0.300    25.8307    245.023     83.297 -9.990e-29
       3548     -0.303    10.7440   2.950431     0.3011     2.2520     0.2269     -0.300     -0.300    25.8369     7.8374    244.922     83.247     -0.300    25.8369    244.922     83.247 -9.990e-29
       3549     -0.301    10.7367   2.950437     0.2989     2.2514     0.2281     -0.298     -0.298    25.8421     7.8344    244.827     83.205     -0.298    25.8421    244.827     83.205 -9.990e-29
       3550     -0.298    10.7318   2.950529     0.2965     2.2507     0.2293     -0.295     -0.295    25.8464     7.8307    244.712     83.159     -0.295    25.8464    244.712     83.159 -9.990e-29
       3551     -0.296    10.7272   2.950700     0.2940     2.2500     0.2305     -0.293     -0.293    25.8513     7.8271    244.599     83.115     -0.293    25.8513    244.599     83.115 -9.990e-29
       3552     -0.295    10.7237   2.950996     0.2916     2.2493     0.2315     -0.292     -0.292    25.8567     7.8235    244.486     83.073     -0.292    25.8567    244.486     83.073 -9.990e-29
       3553     -0.292    10.7210   2.951423     0.2895     2.2487     0.2323     -0.290     -0.289    25.8627     7.8204    244.390     83.038     -0.289    25.8627    244.390     83.038 -9.990e-29
       3554     -0.288    10.7191   2.951879     0.2875     2.2480     0.2330     -0.285     -0.285    25.8684     7.8169    244.281     83.001     -0.285    25.8684    244.281     83.001 -9.990e-29
       3555     -0.283    10.7185   2.952264     0.2856     2.2473     0.2336     -0.280     -0.280    25.8726     7.8135    244.176     82.966     -0.280    25.8726    244.176     82.966 -9.990e-29
       3556     -0.280    10.7178   2.952499     0.2839     2.2465     0.2340     -0.277     -0.277    25.8754     7.8100    244.064     82.929     -0.277    25.8754    244.064     82.929 -9.990e-29
       3557     -0.278    10.7176   2.952549     0.2822     2.2458     0.2343     -0.275     -0.275    25.8760     7.8071    243.975     82.898     -0.275    25.8760    243.975     82.898 -9.990e-29
       3558     -0.276    10.7166   2.952518     0.2807     2.2451     0.2345     -0.273     -0.273    25.8764     7.8046    243.897     82.870     -0.273    25.8764    243.897     82.870 -9.990e-29
       3559     -0.273    10.7160   2.952473     0.2793     2.2443     0.2346     -0.271     -0.270    25.8764     7.8018    243.810     82.840     -0.270    25.8764    243.810     82.840 -9.990e-29
       3560     -0.270    10.7159   2.952480     0.2780     2.2436     0.2345     -0.267     -0.268    25.8765     7.7997    243.743     82.817     -0.268    25.8765    243.743     82.817 -9.990e-29
       3561     -0.266    10.7155   2.952716     0.2767     2.2428     0.2343     -0.264     -0.264    25.8791     7.7973    243.668     82.792     -0.264    25.8791    243.668     82.792 -9.990e-29
       3562     -0.262    10.7157   2.953038     0.2754     2.2421     0.2340     -0.260     -0.260    25.8820     7.7955    243.613     82.775     -0.260    25.8820    243.613     82.775 -9.990e-29
       3563     -0.258    10.7159   2.953454     0.2743     2.2413     0.2336     -0.256     -0.256    25.8859     7.7936    243.552     82.757     -0.256    25.8859    243.552     82.757 -9.990e-29
       3564     -0.255    10.7158   2.953834     0.2732     2.2405     0.2331     -0.252     -0.253    25.8897     7.7920    243.505     82.742     -0.253    25.8897    243.505     82.742 -9.990e-29
       3565     -0.252    10.7152   2.954004     0.2721     2.2398     0.2325     -0.249     -0.250    25.8917     7.7915    243.488     82.737     -0.250    25.8917    243.488     82.737 -9.990e-29
       3566     -0.249    10.7143   2.953880     0.2711     2.2391     0.2317     -0.247     -0.247    25.8912     7.7915    243.487     82.734     -0.247    25.8912    243.487     82.734 -9.990e-29
       3567     -0.246    10.7138   2.953383     0.2702     2.2384     0.2309     -0.244     -0.244    25.8867     7.7918    243.496     82.734     -0.244    25.8867    243.496     82.734 -9.990e-29
       3568     -0.242    10.7133   2.952692     0.2692     2.2377     0.2298     -0.240     -0.240    25.8804     7.7924    243.517     82.737     -0.240    25.8804    243.517     82.737 -9.990e-29
       3569     -0.240    10.7128   2.952053     0.2681     2.2371     0.2286     -0.237     -0.238    25.8746     7.7938    243.561     82.748     -0.238    25.8746    243.561     82.748 -9.990e-29
       3570     -0.238    10.7125   2.951412     0.2671     2.2365     0.2273     -0.236     -0.236    25.8686     7.7955    243.612     82.762     -0.236    25.8686    243.612     82.762 -9.990e-29
       3571     -0.236    10.7112   2.950813     0.2662     2.2359     0.2258     -0.234     -0.234    25.8637     7.7975    243.676     82.779     -0.234    25.8637    243.676     82.779 -9.990e-29
       3572     -0.235    10.7103   2.950276     0.2652     2.2353     0.2241     -0.233     -0.233    25.8592     7.7998    243.748     82.799     -0.233    25.8592    243.748     82.799 -9.990e-29
       3573     -0.236    10.7099   2.949763     0.2644     2.2348     0.2222     -0.234     -0.234    25.8545     7.8027    243.839     82.827     -0.234    25.8545    243.839     82.827 -9.990e-29
       3574     -0.237    10.7102   2.949402     0.2635     2.2343     0.2201     -0.235     -0.235    25.8508     7.8058    243.935     82.858     -0.235    25.8508    243.935     82.858 -9.990e-29
       3575     -0.238    10.7106   2.949145     0.2626     2.2338     0.2178     -0.236     -0.236    25.8480     7.8091    244.039     82.892     -0.236    25.8480    244.039     82.892 -9.990e-29
       3576     -0.240    10.7123   2.949008     0.2618     2.2333     0.2155     -0.238     -0.238    25.8455     7.8125    244.143     82.929     -0.238    25.8455    244.143     82.929 -9.990e-29
       3577     -0.243    10.7151   2.948993     0.2611     2.2329     0.2133     -0.240     -0.241    25.8434     7.8163    244.262     82.974     -0.241    25.8434    244.262     82.974 -9.990e-29
       3578     -0.246    10.7180   2.949005     0.2604     2.2325     0.2113     -0.243     -0.244    25.8414     7.8203    244.389     83.021     -0.244    25.8414    244.389     83.021 -9.990e-29
       3579     -0.249    10.7202   2.949179     0.2598     2.2322     0.2095     -0.247     -0.247    25.8416     7.8251    244.536     83.075     -0.247    25.8416    244.536     83.075 -9.990e-29
       3580     -0.253    10.7229   2.949411     0.2593     2.2318     0.2078     -0.251     -0.251    25.8419     7.8293    244.670     83.126     -0.251    25.8419    244.670     83.126 -9.990e-29
       3581     -0.258    10.7262   2.949606     0.2588     2.2315     0.2064     -0.256     -0.256    25.8415     7.8342    244.821     83.183     -0.256    25.8415    244.821     83.183 -9.990e-29
       3582     -0.265    10.7292   2.949816     0.2583     2.2312     0.2051     -0.262     -0.263    25.8414     7.8391    244.975     83.241     -0.263    25.8414    244.975     83.241 -9.990e-29
       3583     -0.272    10.7323   2.950076     0.2579     2.2310     0.2040     -0.269     -0.269    25.8417     7.8445    245.144     83.304     -0.269    25.8417    245.144     83.304 -9.990e-29
       3584     -0.278    10.7346   2.950283     0.2575     2.2309     0.2031     -0.275     -0.275    25.8421     7.8505    245.332     83.372     -0.275    25.8421    245.332     83.372 -9.990e-29
       3585     -0.282    10.7357   2.950399     0.2571     2.2308     0.2023     -0.279     -0.279    25.8424     7.8568    245.527     83.441     -0.279    25.8424    245.527     83.441 -9.990e-29
       3586     -0.284    10.7364   2.950369     0.2567     2.2309     0.2017     -0.282     -0.281    25.8416     7.8640    245.754     83.519     -0.281    25.8416    245.754     83.519 -9.990e-29
       3587     -0.287    10.7370   2.950322     0.2563     2.2310     0.2012     -0.285     -0.284    25.8408     7.8712    245.979     83.596     -0.284    25.8408    245.979     83.596 -9.990e-29
       3588     -0.290    10.7377   2.950297     0.2559     2.2311     0.2008     -0.287     -0.287    25.8400     7.8783    246.199     83.671     -0.287    25.8400    246.199     83.671 -9.990e-29
       3589     -0.292    10.7391   2.950264     0.2555     2.2313     0.2004     -0.289     -0.289    25.8387     7.8855    246.425     83.750     -0.289    25.8387    246.425     83.750 -9.990e-29
       3590     -0.294    10.7405   2.950104     0.2551     2.2314     0.2002     -0.291     -0.291    25.8362     7.8921    246.633     83.822     -0.291    25.8362    246.633     83.822 -9.990e-29
       3591     -0.295    10.7419   2.949895     0.2546     2.2316     0.2001     -0.292     -0.292    25.8332     7.8991    246.851     83.897     -0.292    25.8332    246.851     83.897 -9.990e-29
       3592     -0.296    10.7428   2.949645     0.2541     2.2319     0.2001     -0.293     -0.293    25.8301     7.9064    247.077     83.974     -0.293    25.8301    247.077     83.974 -9.990e-29
       3593     -0.297    10.7433   2.949345     0.2536     2.2323     0.2002     -0.294     -0.294    25.8269     7.9139    247.313     84.053     -0.294    25.8269    247.313     84.053 -9.990e-29
       3594     -0.298    10.7424   2.949016     0.2530     2.2327     0.2004     -0.295     -0.295    25.8244     7.9214    247.547     84.130     -0.295    25.8244    247.547     84.130 -9.990e-29
       3595     -0.297    10.7392   2.948657     0.2523     2.2332     0.2007     -0.294     -0.294    25.8231     7.9294    247.797     84.208     -0.294    25.8231    247.797     84.208 -9.990e-29
       3596     -0.295    10.7377   2.948337     0.2516     2.2337     0.2011     -0.292     -0.292    25.8211     7.9368    248.029     84.283     -0.292    25.8211    248.029     84.283 -9.990e-29
       3597     -0.294    10.7375   2.948056     0.2509     2.2342     0.2016     -0.292     -0.291    25.8185     7.9437    248.244     84.355     -0.291    25.8185    248.244     84.355 -9.990e-29
       3598     -0.294    10.7366   2.947921     0.2502     2.2348     0.2022     -0.292     -0.291    25.8179     7.9507    248.463     84.427     -0.291    25.8179    248.463     84.427 -9.990e-29
       3599     -0.293    10.7355   2.947796     0.2495     2.2355     0.2029     -0.290     -0.290    25.8174     7.9579    248.687     84.501     -0.290    25.8174    248.687     84.501 -9.990e-29
       3600     -0.290    10.7341   2.947675     0.2488     2.2362     0.2038     -0.287     -0.287    25.8173     7.9647    248.900     84.570     -0.287    25.8173    248.900     84.570 -9.990e-29
       3601     -0.285    10.7314   2.947600     0.2482     2.2369     0.2047     -0.283     -0.282    25.8184     7.9712    249.104     84.636     -0.282    25.8184    249.104     84.636 -9.990e-29
       3602     -0.281    10.7291   2.947530     0.2475     2.2376     0.2057     -0.279     -0.278    25.8194     7.9773    249.295     84.697     -0.278    25.8194    249.295     84.697 -9.990e-29
       3603     -0.279    10.7285   2.947540     0.2471     2.2383     0.2066     -0.277     -0.276    25.8199     7.9827    249.461     84.752     -0.276    25.8199    249.461     84.752 -9.990e-29
       3604     -0.277    10.7285   2.947628     0.2468     2.2389     0.2074     -0.275     -0.274    25.8207     7.9870    249.598     84.799     -0.274    25.8207    249.598     84.799 -9.990e-29
       3605     -0.274    10.7283   2.947739     0.2466     2.2397     0.2081     -0.271     -0.271    25.8220     7.9919    249.750     84.851     -0.271    25.8220    249.750     84.851 -9.990e-29
       3606     -0.269    10.7270   2.947927     0.2466     2.2403     0.2088     -0.267     -0.267    25.8247     7.9956    249.866     84.890     -0.267    25.8247    249.866     84.890 -9.990e-29
       3607     -0.265    10.7255   2.948159     0.2468     2.2410     0.2094     -0.263     -0.263    25.8280     7.9993    249.983     84.928     -0.263    25.8280    249.983     84.928 -9.990e-29
       3608     -0.260    10.7241   2.948485     0.2471     2.2417     0.2100     -0.258     -0.258    25.8321     8.0027    250.088     84.964     -0.258    25.8321    250.088     84.964 -9.990e-29
       3609     -0.256    10.7219   2.948736     0.2475     2.2423     0.2105     -0.254     -0.254    25.8361     8.0055    250.174     84.991     -0.254    25.8361    250.174     84.991 -9.990e-29
       3610     -0.252    10.7209   2.948987     0.2482     2.2430     0.2110     -0.250     -0.250    25.8392     8.0082    250.259     85.020     -0.250    25.8392    250.259     85.020 -9.990e-29
       3611     -0.246    10.7200   2.949199     0.2490     2.2436     0.2114     -0.244     -0.244    25.8419     8.0102    250.324     85.041     -0.244    25.8419    250.324     85.041 -9.990e-29
       3612     -0.240    10.7191   2.949312     0.2500     2.2442     0.2118     -0.238     -0.238    25.8436     8.0121    250.382     85.060     -0.238    25.8436    250.382     85.060 -9.990e-29
       3613     -0.235    10.7186   2.949201     0.2511     2.2448     0.2121     -0.233     -0.233    25.8429     8.0138    250.434     85.077     -0.233    25.8429    250.434     85.077 -9.990e-29
       3614     -0.231    10.7177   2.948912     0.2525     2.2453     0.2124     -0.229     -0.229    25.8407     8.0149    250.468     85.085     -0.229    25.8407    250.468     85.085 -9.990e-29
       3615     -0.228    10.7169   2.948601     0.2539     2.2459     0.2127     -0.226     -0.226    25.8383     8.0161    250.506     85.096     -0.226    25.8383    250.506     85.096 -9.990e-29
       3616     -0.225    10.7166   2.948319     0.2556     2.2463     0.2130     -0.224     -0.223    25.8358     8.0161    250.506     85.094     -0.223    25.8358    250.506     85.094 -9.990e-29
       3617     -0.222    10.7159   2.948146     0.2574     2.2468     0.2132     -0.220     -0.220    25.8346     8.0163    250.514     85.094     -0.220    25.8346    250.514     85.094 -9.990e-29
       3618     -0.218    10.7150   2.948210     0.2595     2.2472     0.2134     -0.216     -0.216    25.8359     8.0158    250.498     85.088     -0.216    25.8359    250.498     85.088 -9.990e-29
