Data/CTD_06_avg.cnv
* Sea-Bird SBE 9 Data File:
* FileName = C:\Users\ctd-user\Desktop\CTD_data\OC4920\CTD_06.hex
* Software Version Seasave V 7.26.2.13
* Temperature SN = 6313
* Conductivity SN = 4758
* Number of Bytes Per Scan = 28
* Number of Voltage Words = 3
* Number of Scans Averaged by the Deck Unit = 1
* NMEA Latitude = 57 55.90 N
* NMEA Longitude = 010 46.96 E
* NMEA UTC (Time) = May 07 2025 09:15:41
** Station: test
** Operator: Operator 1
** Ship: 7720 Skagerak
** Cruise: 7720-2025-01
** Latitude [GG MM.mm N]:
** Longitude [GG MM.mm E]:
** Pumps: PrimaryPump: 1820 # SecondaryPump:
** EventIDs: EventID: 3decf26d-821b-4112-8042-a2c98b568458 # ParentEventID:
** Additional Sampling:
** Metadata admin: MPROG: Other # PROJ: Other # ORDERER: GU # SLABO: GU # ALABO: GU # REFSK: ingen
** Metadata conditions: WADEP: 10 # WINSP: 1 # WINDIR: 02 # AIRPRES: 1000 # AIRTEMP: 1 # WEATH: 9 # CLOUD: 9 # WAVES: 9 # ICEOB: 9 # COMNT_VISIT:
** LIMS Job:
# nquan = 13
# nvalues = 330                         
# units = specified
# name 0 = scan: Scan Count
# name 1 = prDM: Pressure, Digiquartz [db]
# name 2 = t090C: Temperature [ITS-90, deg C]
# name 3 = c0S/m: Conductivity [S/m]
# name 4 = flECO-AFL: Fluorescence, WET Labs ECO-AFL/FL [mg/m^3]
# name 5 = sbeox0V: Oxygen raw, SBE 43 [V]
# name 6 = turbWETntu0: Turbidity, WET Labs ECO [NTU]
# name 7 = depSM: Depth [salt water, m]
# name 8 = depSM: Depth [salt water, m], lat = 57.9317
# name 9 = sal00: Salinity, Practical [PSU]
# name 10 = sbeox0Mm/L: Oxygen, SBE 43 [umol/l], WS = 2
# name 11 = sbeox0PS: Oxygen, SBE 43 [% saturation], WS = 2
# name 12 = flag: flag
# span 0 =       2111,      11756       
# span 1 =      0.505,    166.610       
# span 2 =     7.7868,    10.4020       
# span 3 =   3.225845,   3.669815       
# span 4 =    -0.0472,     4.0616       
# span 5 =     2.5074,     2.8236       
# span 6 =     0.1648,     0.3507       
# span 7 =      0.500,    165.000       
# span 8 =      0.500,    165.000       
# span 9 =    28.8126,    35.2697       
# span 10 =    292.714,    329.812      
# span 11 =     99.212,    113.313      
# span 12 = 0.0000e+00, 0.0000e+00      
# interval = meters: 0.5                
# start_time = May 07 2025 09:15:41 [NMEA time, header]
# bad_flag = -9.990e-29
*END*
       2111      0.505    10.3943   3.229963     0.1571     2.7164     0.2861      0.500      0.500    28.8282    311.720    107.168 0.0000e+00
       2128      1.009    10.3866   3.231844     0.1679     2.7185     0.2795      1.000      1.000    28.8527    311.510    107.095 0.0000e+00
       2148      1.514    10.4020   3.232148     0.1832     2.7177     0.2644      1.500      1.500    28.8433    311.117    106.989 0.0000e+00
       2176      2.019    10.3882   3.228544     0.2137     2.7191     0.2602      2.000      2.000    28.8184    311.642    107.121 0.0000e+00
       2206      2.523    10.3611   3.226250     0.2441     2.7183     0.2576      2.500      2.500    28.8170    311.109    106.873 0.0000e+00
       2228      3.028    10.3613   3.225845     0.2737     2.7167     0.2556      3.000      3.000    28.8126    311.527    107.014 0.0000e+00
       2248      3.533    10.3561   3.230612     0.3056     2.7189     0.2554      3.500      3.500    28.8637    312.444    107.352 0.0000e+00
       2268      4.037    10.2895   3.232101     0.3520     2.7225     0.2553      4.000      4.000    28.9311    313.506    107.606 0.0000e+00
       2290      4.542    10.2705   3.236934     0.4212     2.7260     0.2557      4.500      4.500    28.9939    313.642    107.651 0.0000e+00
       2313      5.047    10.2590   3.242284     0.5220     2.7271     0.2523      5.000      5.000    29.0560    313.304    107.551 0.0000e+00
       2339      5.552    10.2441   3.244229     0.6568     2.7278     0.2445      5.500      5.500    29.0870    313.792    107.705 0.0000e+00
       2363      6.056    10.2111   3.247243     0.7500     2.7314     0.2490      5.999      6.000    29.1432    315.872    108.379 0.0000e+00
       2385      6.561    10.1618   3.255123     0.8418     2.7421     0.2507      6.500      6.500    29.2610    319.449    109.571 0.0000e+00
       2405      7.066    10.0510   3.275404     0.9847     2.7578     0.2508      7.000      7.000    29.5532    322.920    110.699 0.0000e+00
       2428      7.570     9.9043   3.337198     1.2654     2.7778     0.2511      7.500      7.500    30.2939    326.117    111.966 0.0000e+00
       2454      8.075     9.7579   3.385262     1.7187     2.8042     0.2407      8.000      8.000    30.9030    329.812    113.313 0.0000e+00
       2478      8.580     9.5296   3.451336     2.1010     2.8236     0.2372      8.500      8.500    31.7743    327.924    112.728 0.0000e+00
       2501      9.084     9.2193   3.533339     2.4353     2.8130     0.2434      9.000      9.000    32.8989    318.799    109.637 0.0000e+00
       2525      9.589     8.8373   3.591570     2.8204     2.7759     0.2447      9.500      9.500    33.8621    309.398    106.166 0.0000e+00
       2547     10.094     8.6668   3.594494     3.4187     2.7314     0.2440     10.000     10.000    34.0561    303.541    103.892 0.0000e+00
       2566     10.598     8.4968   3.589123     4.0616     2.6976     0.2482     10.500     10.500    34.1634    301.755    102.962 0.0000e+00
       2585     11.103     8.4559   3.583363     3.9036     2.6708     0.2463     11.000     11.000    34.1418    300.593    102.458 0.0000e+00
       2610     11.608     8.4204   3.580486     2.9908     2.6456     0.2351     11.500     11.500    34.1455    299.315    101.943 0.0000e+00
       2640     12.113     8.3812   3.577605     2.0089     2.6231     0.2194     12.000     12.000    34.1527    298.361    101.534 0.0000e+00
       2666     12.617     8.2901   3.574483     1.7434     2.6097     0.2180     12.500     12.500    34.2079    298.171    101.299 0.0000e+00
       2688     13.122     8.2356   3.570028     1.6310     2.6016     0.2140     13.000     13.000    34.2133    298.056    101.140 0.0000e+00
       2707     13.627     8.2009   3.569117     1.4387     2.5962     0.2051     13.500     13.500    34.2372    297.889    101.021 0.0000e+00
       2726     14.131     8.1862   3.568935     1.2612     2.5916     0.1989     14.000     14.000    34.2493    297.638    100.910 0.0000e+00
       2746     14.636     8.1826   3.569757     1.1251     2.5877     0.1975     14.500     14.500    34.2614    297.449    100.846 0.0000e+00
       2770     15.141     8.1766   3.571530     0.9900     2.5848     0.1966     15.000     15.000    34.2860    297.683    100.928 0.0000e+00
       2801     15.646     8.1764   3.573495     0.8847     2.5843     0.1941     15.500     15.500    34.3069    298.126    101.092 0.0000e+00
       2829     16.150     8.1800   3.576217     0.7850     2.5847     0.1895     16.000     16.000    34.3322    298.140    101.121 0.0000e+00
       2850     16.655     8.1828   3.578545     0.7281     2.5849     0.1884     16.500     16.500    34.3541    298.183    101.156 0.0000e+00
       2867     17.160     8.1489   3.582159     0.6509     2.5855     0.1881     17.000     17.000    34.4257    298.588    101.264 0.0000e+00
       2884     17.664     8.1344   3.583527     0.5929     2.5867     0.1881     17.500     17.500    34.4543    299.013    101.394 0.0000e+00
       2904     18.169     8.1071   3.588263     0.5408     2.5884     0.1884     18.000     18.000    34.5316    299.177    101.439 0.0000e+00
       2929     18.674     8.0846   3.587441     0.4747     2.5891     0.1880     18.500     18.500    34.5448    299.258    101.423 0.0000e+00
       2964     19.179     8.0981   3.590040     0.4179     2.5909     0.1846     19.000     19.000    34.5590    300.068    101.738 0.0000e+00
       2991     19.683     8.1087   3.596410     0.4223     2.5962     0.1824     19.500     19.500    34.6165    301.161    102.171 0.0000e+00
       3010     20.188     8.1374   3.600114     0.4052     2.6002     0.1847     20.000     20.000    34.6277    301.473    102.350 0.0000e+00
       3027     20.693     8.2544   3.612365     0.3827     2.6036     0.1860     20.500     20.500    34.6428    300.893    102.432 0.0000e+00
       3045     21.197     8.2723   3.624569     0.3868     2.6062     0.1832     21.000     21.000    34.7551    300.456    102.399 0.0000e+00
       3064     21.702     8.2676   3.626406     0.4057     2.6070     0.1808     21.500     21.500    34.7790    299.935    102.227 0.0000e+00
       3088     22.207     8.2636   3.626064     0.4338     2.6062     0.1760     22.000     22.000    34.7791    300.044    102.255 0.0000e+00
       3120     22.712     8.2630   3.625857     0.4419     2.6092     0.1775     22.500     22.500    34.7772    300.853    102.528 0.0000e+00
       3148     23.216     8.2944   3.627532     0.4457     2.6094     0.1807     23.000     23.000    34.7638    299.975    102.291 0.0000e+00
       3169     23.721     8.3639   3.633701     0.4677     2.6088     0.1816     23.500     23.500    34.7605    299.685    102.349 0.0000e+00
       3188     24.226     8.4021   3.642411     0.4885     2.6097     0.1822     24.000     24.000    34.8152    299.780    102.505 0.0000e+00
       3206     24.730     8.4151   3.646569     0.4883     2.6110     0.1820     24.500     24.500    34.8464    299.842    102.577 0.0000e+00
       3228     25.235     8.4145   3.649104     0.4450     2.6122     0.1814     25.000     25.000    34.8736    299.883    102.608 0.0000e+00
       3252     25.740     8.4021   3.649000     0.4034     2.6129     0.1811     25.500     25.500    34.8846    299.697    102.523 0.0000e+00
       3278     26.245     8.3817   3.647610     0.3642     2.6121     0.1814     26.000     26.000    34.8899    299.749    102.498 0.0000e+00
       3303     26.749     8.3613   3.646522     0.3722     2.6123     0.1814     26.500     26.500    34.8982    299.964    102.530 0.0000e+00
       3326     27.254     8.3446   3.646864     0.3813     2.6120     0.1810     27.000     27.000    34.9182    300.181    102.579 0.0000e+00
       3348     27.759     8.3321   3.647016     0.3895     2.6133     0.1808     27.500     27.500    34.9321    300.928    102.815 0.0000e+00
       3367     28.264     8.3223   3.646998     0.4366     2.6158     0.1809     28.000     28.000    34.9413    301.817    103.103 0.0000e+00
       3387     28.768     8.3225   3.647442     0.5190     2.6199     0.1829     28.500     28.500    34.9456    303.021    103.517 0.0000e+00
       3409     29.273     8.3226   3.648145     0.6068     2.6267     0.1846     29.000     29.000    34.9527    304.257    103.945 0.0000e+00
       3438     29.778     8.3180   3.648925     0.5991     2.6352     0.1816     29.500     29.500    34.9655    305.195    104.263 0.0000e+00
       3468     30.283     8.3180   3.649833     0.5511     2.6416     0.1816     30.000     30.000    34.9749    305.510    104.377 0.0000e+00
       3490     30.787     8.3565   3.652237     0.5405     2.6444     0.1831     30.500     30.500    34.9620    305.386    104.415 0.0000e+00
       3507     31.292     8.3803   3.660376     0.5508     2.6464     0.1864     31.000     31.000    35.0248    305.379    104.511 0.0000e+00
       3523     31.797     8.3805   3.663043     0.5912     2.6484     0.1871     31.500     31.500    35.0527    305.427    104.547 0.0000e+00
       3543     32.302     8.3809   3.663391     0.6064     2.6495     0.1852     32.000     32.000    35.0558    305.327    104.516 0.0000e+00
       3571     32.806     8.3808   3.663988     0.5535     2.6498     0.1821     32.500     32.500    35.0620    304.845    104.355 0.0000e+00
       3603     33.311     8.3806   3.664926     0.4957     2.6477     0.1818     33.000     33.000    35.0720    304.369    104.198 0.0000e+00
       3626     33.816     8.3768   3.666955     0.4641     2.6465     0.1810     33.499     33.500    35.0971    304.345    104.198 0.0000e+00
       3645     34.321     8.3745   3.667500     0.4391     2.6461     0.1809     33.999     34.000    35.1050    304.326    104.192 0.0000e+00
       3661     34.825     8.3723   3.667789     0.4168     2.6451     0.1808     34.500     34.500    35.1101    304.158    104.132 0.0000e+00
       3680     35.330     8.3711   3.668408     0.3971     2.6445     0.1800     34.999     35.000    35.1175    304.275    104.175 0.0000e+00
       3706     35.835     8.3690   3.668914     0.3393     2.6442     0.1756     35.500     35.500    35.1248    303.986    104.076 0.0000e+00
       3738     36.340     8.3640   3.669168     0.2737     2.6410     0.1719     36.000     36.000    35.1323    303.339    103.848 0.0000e+00
       3762     36.845     8.3520   3.669221     0.2613     2.6395     0.1717     36.500     36.500    35.1446    303.505    103.885 0.0000e+00
       3782     37.349     8.3364   3.668357     0.2551     2.6387     0.1716     37.000     37.000    35.1507    303.478    103.844 0.0000e+00
       3800     37.854     8.3271   3.669815     0.2354     2.6375     0.1711     37.500     37.500    35.1753    302.970    103.665 0.0000e+00
       3819     38.359     8.3006   3.668479     0.2061     2.6346     0.1698     38.000     38.000    35.1874    302.269    103.372 0.0000e+00
       3841     38.864     8.2736   3.666531     0.1788     2.6299     0.1676     38.500     38.500    35.1933    301.927    103.197 0.0000e+00
       3868     39.368     8.2662   3.665749     0.1381     2.6267     0.1695     39.000     39.000    35.1921    301.966    103.193 0.0000e+00
       3897     39.873     8.2626   3.665485     0.1201     2.6240     0.1677     39.500     39.500    35.1927    301.815    103.133 0.0000e+00
       3922     40.378     8.2698   3.665978     0.1154     2.6225     0.1707     40.000     40.000    35.1905    301.468    103.029 0.0000e+00
       3942     40.883     8.2681   3.667444     0.1163     2.6201     0.1700     40.500     40.500    35.2076    300.885    102.838 0.0000e+00
       3961     41.387     8.2522   3.666859     0.1232     2.6178     0.1668     41.000     41.000    35.2171    300.440    102.656 0.0000e+00
       3979     41.892     8.2367   3.666022     0.1188     2.6143     0.1648     41.500     41.500    35.2234    299.764    102.393 0.0000e+00
       4001     42.397     8.2245   3.664652     0.0977     2.6095     0.1675     42.000     42.000    35.2208    299.183    102.165 0.0000e+00
       4026     42.902     8.2177   3.664130     0.0654     2.6049     0.1710     42.500     42.500    35.2218    299.093    102.120 0.0000e+00
       4053     43.407     8.2073   3.663623     0.0435     2.6023     0.1714     43.000     43.000    35.2266    299.060    102.088 0.0000e+00
       4083     43.911     8.1985   3.662903     0.0319     2.5992     0.1714     43.500     43.500    35.2275    298.401    101.843 0.0000e+00
       4107     44.416     8.1933   3.662414     0.0309     2.5949     0.1713     44.000     44.000    35.2271    297.075    101.379 0.0000e+00
       4125     44.921     8.1725   3.662179     0.0370     2.5892     0.1713     44.500     44.500    35.2453    295.752    100.892 0.0000e+00
       4141     45.426     8.1629   3.660323     0.0354     2.5831     0.1713     45.000     45.000    35.2348    294.933    100.584 0.0000e+00
       4156     45.930     8.1646   3.660581     0.0239     2.5778     0.1717     45.500     45.500    35.2357    294.530    100.451 0.0000e+00
       4178     46.435     8.1559   3.660280     0.0084     2.5723     0.1718     46.000     46.000    35.2409    294.148    100.305 0.0000e+00
       4220     46.940     8.1314   3.658318    -0.0085     2.5615     0.1733     46.500     46.500    35.2442    293.010     99.864 0.0000e+00
       4251     47.445     8.0780   3.654284    -0.0141     2.5560     0.1771     47.000     47.000    35.2545    293.375     99.876 0.0000e+00
       4266     47.950     8.0381   3.650735    -0.0140     2.5550     0.1759     47.500     47.500    35.2563    293.649     99.881 0.0000e+00
       4280     48.454     7.9771   3.646288    -0.0141     2.5539     0.1782     48.000     48.000    35.2697    293.736     99.782 0.0000e+00
       4294     48.959     7.9429   3.640281    -0.0141     2.5515     0.1856     48.500     48.500    35.2392    293.664     99.662 0.0000e+00
       4313     49.464     7.9222   3.636302    -0.0141     2.5498     0.1935     49.000     49.000    35.2169    294.220     99.789 0.0000e+00
       4352     49.969     7.8829   3.632715    -0.0141     2.5507     0.2023     49.500     49.500    35.2176    295.100    100.000 0.0000e+00
       4384     50.474     7.8415   3.626635    -0.0141     2.5513     0.2049     50.000     50.000    35.1935    295.144     99.906 0.0000e+00
       4402     50.978     7.8415   3.626428    -0.0141     2.5499     0.2127     50.500     50.500    35.1911    294.736     99.766 0.0000e+00
       4418     51.483     7.8458   3.626469    -0.0141     2.5490     0.2145     51.000     51.000    35.1869    294.764     99.782 0.0000e+00
       4433     51.988     7.8466   3.626931    -0.0142     2.5488     0.2141     51.500     51.500    35.1908    294.774     99.790 0.0000e+00
       4451     52.493     7.8480   3.627076    -0.0145     2.5478     0.2145     52.000     52.000    35.1907    294.558     99.720 0.0000e+00
       4481     52.998     7.8484   3.627246    -0.0196     2.5468     0.2139     52.500     52.500    35.1919    294.610     99.739 0.0000e+00
       4521     53.502     7.8468   3.627199    -0.0210     2.5464     0.2095     53.000     53.000    35.1928    294.451     99.682 0.0000e+00
       4543     54.007     7.8469   3.627271    -0.0149     2.5448     0.2111     53.500     53.500    35.1932    294.135     99.576 0.0000e+00
       4559     54.512     7.8466   3.627241    -0.0143     2.5443     0.2133     54.000     54.000    35.1929    294.098     99.563 0.0000e+00
       4575     55.017     7.8376   3.627213    -0.0142     2.5431     0.2138     54.500     54.500    35.2015    293.918     99.487 0.0000e+00
       4591     55.522     7.8241   3.625750    -0.0141     2.5421     0.2144     55.000     55.000    35.1990    294.153     99.535 0.0000e+00
       4615     56.026     7.8216   3.624673    -0.0141     2.5424     0.2182     55.500     55.500    35.1897    294.435     99.618 0.0000e+00
