Data/CTD_09_avg.cnv
* Sea-Bird SBE 9 Data File:
* FileName = C:\Users\ctd-user\Desktop\CTD_data\OC4920\CTD_09.hex
* Software Version Seasave V 7.26.2.13
* Temperature SN = 6313
* Conductivity SN = 4758
* Number of Bytes Per Scan = 28
* Number of Voltage Words = 3
* Number of Scans Averaged by the Deck Unit = 1
* NMEA Latitude = 57 52.85 N
* NMEA Longitude = 010 46.74 E
* NMEA UTC (Time) = May 07 2025 10:44:48
** Station: test
** Operator: Operator 1
** Ship: 7720 Skagerak
** Cruise: 7720-2025-01
** Latitude [GG MM.mm N]:
** Longitude [GG MM.mm E]:
** Pumps: PrimaryPump: 1820 # SecondaryPump:
** EventIDs: EventID: 3decf26d-821b-4112-8042-a2c98b568458 # ParentEventID:
** Additional Sampling:
** Metadata admin: MPROG: Other # PROJ: Other # ORDERER: GU # SLABO: GU # ALABO: GU # REFSK: ingen
** Metadata conditions: WADEP: 10 # WINSP: 1 # WINDIR: 02 # AIRPRES: 1000 # AIRTEMP: 1 # WEATH: 9 # CLOUD: 9 # WAVES: 9 # ICEOB: 9 # COMNT_VISIT:
** LIMS Job:
# nquan = 13
# nvalues = 239                         
# units = specified
# name 0 = scan: Scan Count
# name 1 = prDM: Pressure, Digiquartz [db]
# name 2 = t090C: Temperature [ITS-90, deg C]
# name 3 = c0S/m: Conductivity [S/m]
# name 4 = flECO-AFL: Fluorescence, WET Labs ECO-AFL/FL [mg/m^3]
# name 5 = sbeox0V: Oxygen raw, SBE 43 [V]
# name 6 = turbWETntu0: Turbidity, WET Labs ECO [NTU]
# name 7 = depSM: Depth [salt water, m]
# name 8 = depSM: Depth [salt water, m], lat = 57.8808
# name 9 = sal00: Salinity, Practical [PSU]
# name 10 = sbeox0Mm/L: Oxygen, SBE 43 [umol/l], WS = 2
# name 11 = sbeox0PS: Oxygen, SBE 43 [% saturation], WS = 2
# name 12 = flag: flag
# span 0 =          8,       8951       
# span 1 =      4.037,    124.187       
# span 2 =     7.7743,     9.7811       
# span 3 =   3.412967,   3.690767       
# span 4 =    -0.0504,     8.4765       
# span 5 =     2.2292,     2.9289       
# span 6 =     0.1677,     0.3401       
# span 7 =      4.000,    123.000       
# span 8 =      4.000,    123.000       
# span 9 =    31.1650,    35.2857       
# span 10 =    247.583,    347.382      
# span 11 =     84.924,    119.713      
# span 12 = 0.0000e+00, 0.0000e+00      
# interval = meters: 0.5                
# start_time = May 07 2025 10:44:48 [NMEA time, header]
# bad_flag = -9.990e-29
*END*
[from data line 112]
       5739     60.569     7.8598   3.629219    -0.0141     2.5413     0.2176     60.000     60.000    35.1980    294.610     99.769 0.0000e+00
       5760     61.074     7.8589   3.629071    -0.0141     2.5423     0.2192     60.500     60.500    35.1971    294.198     99.627 0.0000e+00
       5783     61.579     7.8571   3.628980    -0.0141     2.5408     0.2208     61.000     61.000    35.1976    294.075     99.581 0.0000e+00
       5809     62.084     7.8557   3.628801    -0.0141     2.5422     0.2210     61.500     61.500    35.1969    294.786     99.819 0.0000e+00
       5834     62.589     7.8513   3.628637    -0.0141     2.5435     0.2211     62.000     62.000    35.1992    294.611     99.751 0.0000e+00
       5856     63.094     7.8475   3.628091    -0.0141     2.5427     0.2223     62.500     62.500    35.1970    294.320     99.642 0.0000e+00
       5875     63.598     7.8444   3.627896    -0.0144     2.5423     0.2268     63.000     63.000    35.1978    294.326     99.638 0.0000e+00
       5895     64.103     7.8310   3.627277    -0.0151     2.5416     0.2334     63.500     63.500    35.2043    294.505     99.673 0.0000e+00
       5918     64.608     7.8238   3.625577    -0.0176     2.5424     0.2323     64.000     64.000    35.1930    294.977     99.809 0.0000e+00
       5942     65.113     7.8280   3.625641    -0.0278     2.5431     0.2356     64.500     64.500    35.1892    294.879     99.783 0.0000e+00
       5968     65.618     7.8285   3.626114    -0.0315     2.5425     0.2379     65.000     65.000    35.1935    294.406     99.627 0.0000e+00
       5993     66.123     7.8303   3.626121    -0.0290     2.5409     0.2378     65.500     65.500    35.1915    294.074     99.517 0.0000e+00
       6016     66.627     7.8342   3.626536    -0.0191     2.5393     0.2379     66.000     66.000    35.1919    293.758     99.419 0.0000e+00
       6035     67.132     7.8390   3.627144    -0.0151     2.5377     0.2378     66.500     66.500    35.1933    293.588     99.373 0.0000e+00
       6056     67.637     7.8397   3.627491    -0.0144     2.5366     0.2373     67.000     67.000    35.1961    293.530     99.357 0.0000e+00
       6079     68.142     7.8399   3.627580    -0.0150     2.5357     0.2369     67.500     67.500    35.1966    293.808     99.452 0.0000e+00
       6104     68.647     7.8392   3.627604    -0.0206     2.5370     0.2373     68.000     68.000    35.1973    294.560     99.705 0.0000e+00
       6127     69.152     7.8374   3.627470    -0.0300     2.5392     0.2351     68.500     68.500    35.1974    294.615     99.720 0.0000e+00
       6150     69.656     7.8371   3.627382    -0.0316     2.5390     0.2328     69.000     69.000    35.1965    294.095     99.543 0.0000e+00
       6172     70.161     7.8370   3.627388    -0.0296     2.5377     0.2366     69.500     69.500    35.1965    293.438     99.320 0.0000e+00
       6193     70.666     7.8370   3.627417    -0.0221     2.5348     0.2380     70.000     70.000    35.1965    293.011     99.176 0.0000e+00
       6216     71.171     7.8373   3.627473    -0.0256     2.5336     0.2380     70.500     70.500    35.1966    293.710     99.413 0.0000e+00
       6244     71.676     7.8407   3.627831    -0.0297     2.5354     0.2378     71.000     71.000    35.1967    294.305     99.622 0.0000e+00
       6270     72.181     7.8419   3.627771    -0.0220     2.5372     0.2382     71.500     71.500    35.1947    294.652     99.741 0.0000e+00
       6290     72.686     7.8518   3.628526    -0.0249     2.5387     0.2386     72.000     72.000    35.1926    294.370     99.666 0.0000e+00
       6310     73.190     7.8534   3.629389    -0.0300     2.5377     0.2379     72.500     72.500    35.2000    293.878     99.508 0.0000e+00
       6334     73.695     7.8535   3.629435    -0.0263     2.5372     0.2354     73.000     73.000    35.2002    294.022     99.557 0.0000e+00
       6360     74.200     7.8500   3.629415    -0.0233     2.5368     0.2339     73.500     73.500    35.2032    293.815     99.481 0.0000e+00
       6385     74.705     7.8468   3.628773    -0.0307     2.5354     0.2385     74.000     74.000    35.1992    293.493     99.362 0.0000e+00
       6406     75.210     7.8505   3.629183    -0.0321     2.5342     0.2438     74.500     74.500    35.1997    293.590     99.404 0.0000e+00
       6426     75.715     7.8532   3.629450    -0.0323     2.5344     0.2559     75.000     75.000    35.1996    293.896     99.513 0.0000e+00
       6449     76.220     7.8548   3.629834    -0.0321     2.5349     0.2603     75.500     75.500    35.2019    293.843     99.500 0.0000e+00
       6478     76.724     7.8560   3.629972    -0.0294     2.5348     0.2572     76.000     76.000    35.2019    293.959     99.543 0.0000e+00
       6504     77.229     7.8578   3.630175    -0.0214     2.5355     0.2561     76.500     76.500    35.2021    294.011     99.564 0.0000e+00
       6525     77.734     7.8600   3.630444    -0.0274     2.5355     0.2596     77.000     77.000    35.2025    293.980     99.559 0.0000e+00
       6545     78.239     7.8609   3.630658    -0.0314     2.5357     0.2612     77.500     77.500    35.2036    294.139     99.615 0.0000e+00
       6569     78.744     7.8641   3.630881    -0.0321     2.5368     0.2584     78.000     78.000    35.2026    294.502     99.745 0.0000e+00
       6594     79.249     7.8691   3.631543    -0.0314     2.5379     0.2544     78.500     78.500    35.2044    294.396     99.722 0.0000e+00
       6615     79.754     7.8691   3.631790    -0.0266     2.5378     0.2522     79.000     79.000    35.2069    294.332     99.701 0.0000e+00
       6637     80.258     7.8698   3.631896    -0.0217     2.5382     0.2493     79.500     79.500    35.2070    294.336     99.705 0.0000e+00
       6663     80.763     7.8658   3.631780    -0.0251     2.5375     0.2483     80.000     80.000    35.2095    294.120     99.624 0.0000e+00
       6691     81.268     7.8639   3.631353    -0.0225     2.5371     0.2508     80.500     80.500    35.2067    294.249     99.662 0.0000e+00
       6714     81.773     7.8635   3.631339    -0.0302     2.5368     0.2536     81.000     81.000    35.2067    293.945     99.558 0.0000e+00
       6733     82.278     7.8632   3.631341    -0.0320     2.5355     0.2542     81.500     81.500    35.2067    293.693     99.472 0.0000e+00
       6753     82.783     7.8629   3.631351    -0.0323     2.5346     0.2549     82.000     82.000    35.2069    293.814     99.512 0.0000e+00
       6779     83.288     7.8631   3.631350    -0.0324     2.5345     0.2587     82.500     82.500    35.2064    293.997     99.574 0.0000e+00
       6809     83.792     7.8651   3.631460    -0.0324     2.5346     0.2593     83.000     83.000    35.2053    294.031     99.590 0.0000e+00
       6833     84.297     7.8715   3.632081    -0.0324     2.5349     0.2691     83.500     83.500    35.2053    294.093     99.625 0.0000e+00
       6852     84.802     7.8723   3.632498    -0.0324     2.5350     0.2954     84.000     84.000    35.2088    294.167     99.654 0.0000e+00
       6871     85.307     7.8792   3.632753    -0.0324     2.5357     0.2987     84.500     84.500    35.2044    294.384     99.740 0.0000e+00
       6895     85.812     7.8832   3.633811    -0.0324     2.5365     0.2744     85.000     85.000    35.2114    294.390     99.756 0.0000e+00
       6921     86.317     7.8836   3.633958    -0.0324     2.5370     0.2644     85.500     85.500    35.2124    294.344     99.742 0.0000e+00
       6946     86.822     7.8839   3.634011    -0.0324     2.5367     0.2634     86.000     86.000    35.2125    294.053     99.644 0.0000e+00
       6969     87.327     7.8875   3.634204    -0.0325     2.5358     0.2631     86.500     86.500    35.2106    293.986     99.628 0.0000e+00
       6992     87.832     7.8926   3.634947    -0.0328     2.5357     0.2650     87.000     87.000    35.2132    294.168     99.703 0.0000e+00
       7017     88.337     7.8943   3.635387    -0.0358     2.5361     0.2678     87.500     87.500    35.2160    294.311     99.757 0.0000e+00
       7040     88.841     7.8960   3.635627    -0.0428     2.5369     0.2642     88.000     88.000    35.2166    294.518     99.831 0.0000e+00
       7063     89.346     7.8980   3.635873    -0.0368     2.5376     0.2621     88.500     88.500    35.2170    294.604     99.865 0.0000e+00
       7085     89.851     7.9030   3.636287    -0.0349     2.5383     0.2576     89.000     89.000    35.2162    294.880     99.969 0.0000e+00
       7110     90.356     7.9096   3.637039    -0.0413     2.5406     0.2537     89.500     89.500    35.2174    295.337    100.140 0.0000e+00
       7136     90.861     7.9139   3.637800    -0.0372     2.5420     0.2494     90.000     90.000    35.2211    294.971    100.028 0.0000e+00
       7160     91.366     7.9134   3.637967    -0.0330     2.5410     0.2411     90.500     90.500    35.2230    294.426     99.843 0.0000e+00
       7179     91.871     7.9142   3.638020    -0.0325     2.5398     0.2354     91.000     91.000    35.2226    294.574     99.895 0.0000e+00
       7198     92.376     7.9174   3.638261    -0.0324     2.5404     0.2332     91.500     91.500    35.2217    295.051    100.063 0.0000e+00
       7221     92.881     7.9192   3.638750    -0.0324     2.5413     0.2357     92.000     92.000    35.2249    295.019    100.059 0.0000e+00
       7253     93.385     7.9187   3.638822    -0.0324     2.5418     0.2367     92.500     92.500    35.2259    295.021    100.059 0.0000e+00
       7282     93.890     7.9167   3.638740    -0.0325     2.5412     0.2335     93.000     93.000    35.2268    294.614     99.917 0.0000e+00
       7304     94.395     7.9135   3.638507    -0.0330     2.5400     0.2335     93.500     93.500    35.2273    294.758     99.959 0.0000e+00
       7324     94.900     7.9099   3.638347    -0.0356     2.5407     0.2367     94.000     94.000    35.2290    295.052    100.052 0.0000e+00
       7342     95.405     7.9069   3.637844    -0.0419     2.5407     0.2384     94.500     94.500    35.2264    295.053    100.043 0.0000e+00
       7364     95.910     7.9096   3.637902    -0.0390     2.5413     0.2437     95.000     95.000    35.2240    295.431    100.176 0.0000e+00
       7390     96.415     7.9113   3.638343    -0.0400     2.5429     0.2471     95.500     95.500    35.2267    295.479    100.198 0.0000e+00
       7418     96.920     7.9123   3.638443    -0.0362     2.5426     0.2462     96.000     96.000    35.2266    295.149    100.088 0.0000e+00
       7441     97.425     7.9166   3.638723    -0.0331     2.5424     0.2401     96.500     96.500    35.2250    295.205    100.116 0.0000e+00
       7462     97.930     7.9189   3.639264    -0.0337     2.5422     0.2376     97.000     97.000    35.2283    295.158    100.107 0.0000e+00
       7486     98.434     7.9200   3.639414    -0.0402     2.5423     0.2369     97.500     97.500    35.2286    295.397    100.191 0.0000e+00
       7513     98.939     7.9224   3.639685    -0.0483     2.5434     0.2334     98.000     98.000    35.2288    295.642    100.280 0.0000e+00
       7537     99.444     7.9231   3.639904    -0.0484     2.5441     0.2298     98.500     98.500    35.2302    295.558    100.254 0.0000e+00
       7556     99.949     7.9232   3.639962    -0.0483     2.5439     0.2296     99.000     99.000    35.2305    295.438    100.214 0.0000e+00
       7578    100.454     7.9233   3.639990    -0.0488     2.5436     0.2312     99.500     99.500    35.2305    295.362    100.188 0.0000e+00
       7606    100.959     7.9234   3.640002    -0.0504     2.5433     0.2351    100.000    100.000    35.2302    295.322    100.174 0.0000e+00
       7631    101.464     7.9236   3.640066    -0.0501     2.5425     0.2351    100.500    100.500    35.2305    295.085    100.095 0.0000e+00
       7652    101.969     7.9237   3.640105    -0.0496     2.5419     0.2325    101.000    101.000    35.2305    295.293    100.165 0.0000e+00
       7673    102.474     7.9238   3.640147    -0.0491     2.5425     0.2339    101.500    101.500    35.2306    295.564    100.257 0.0000e+00
       7697    102.979     7.9238   3.640179    -0.0490     2.5429     0.2328    102.000    102.000    35.2307    295.411    100.206 0.0000e+00
       7720    103.484     7.9238   3.640211    -0.0497     2.5424     0.2346    102.500    102.500    35.2308    295.362    100.189 0.0000e+00
       7743    103.989     7.9238   3.640239    -0.0480     2.5427     0.2365    103.000    103.000    35.2309    295.427    100.211 0.0000e+00
       7768    104.494     7.9238   3.640261    -0.0393     2.5419     0.2335    103.500    103.500    35.2309    295.140    100.114 0.0000e+00
       7795    104.998     7.9238   3.640280    -0.0347     2.5413     0.2336    104.000    104.000    35.2308    295.264    100.156 0.0000e+00
       7819    105.503     7.9238   3.640317    -0.0413     2.5415     0.2336    104.500    104.500    35.2310    295.493    100.234 0.0000e+00
       7840    106.008     7.9239   3.640362    -0.0474     2.5421     0.2363    105.000    105.000    35.2311    295.723    100.312 0.0000e+00
       7861    106.513     7.9239   3.640395    -0.0495     2.5432     0.2423    105.500    105.500    35.2312    295.874    100.363 0.0000e+00
       7885    107.018     7.9223   3.640379    -0.0500     2.5434     0.2420    106.000    106.000    35.2324    295.412    100.204 0.0000e+00
       7908    107.523     7.9187   3.640111    -0.0501     2.5416     0.2479    106.500    106.500    35.2329    294.904    100.023 0.0000e+00
       7930    108.028     7.9178   3.639866    -0.0489     2.5399     0.2536    107.000    107.000    35.2309    295.098    100.086 0.0000e+00
       7955    108.533     7.9175   3.639863    -0.0466     2.5406     0.2597    107.500    107.500    35.2309    295.485    100.217 0.0000e+00
       7982    109.038     7.9171   3.639834    -0.0390     2.5405     0.2633    108.000    108.000    35.2308    295.280    100.146 0.0000e+00
       8006    109.543     7.9151   3.639774    -0.0446     2.5400     0.2712    108.500    108.500    35.2319    295.126    100.090 0.0000e+00
       8027    110.048     7.9140   3.639600    -0.0473     2.5390     0.2841    109.000    109.000    35.2309    294.904    100.012 0.0000e+00
       8048    110.553     7.9140   3.639586    -0.0477     2.5382     0.3035    109.500    109.500    35.2305    295.075    100.069 0.0000e+00
       8071    111.058     7.9141   3.639621    -0.0491     2.5385     0.3168    110.000    110.000    35.2305    294.953    100.029 0.0000e+00
       8096    111.563     7.9141   3.639645    -0.0503     2.5361     0.3129    110.500    110.500    35.2305    294.199     99.773 0.0000e+00
       8121    112.068     7.9141   3.639674    -0.0497     2.5341     0.3093    111.000    111.000    35.2306    294.147     99.755 0.0000e+00
       8144    112.573     7.9141   3.639699    -0.0481     2.5328     0.3174    111.500    111.500    35.2306    294.186     99.768 0.0000e+00
       8167    113.077     7.9142   3.639727    -0.0433     2.5324     0.3221    112.000    112.000    35.2306    294.268     99.796 0.0000e+00
       8193    113.582     7.9144   3.639767    -0.0345     2.5321     0.3174    112.500    112.500    35.2306    294.476     99.867 0.0000e+00
       8217    114.087     7.9146   3.639831    -0.0327     2.5330     0.3197    113.000    113.000    35.2308    294.731     99.955 0.0000e+00
       8239    114.592     7.9147   3.639925    -0.0324     2.5335     0.3206    113.500    113.500    35.2315    294.538     99.890 0.0000e+00
       8259    115.097     7.9148   3.639964    -0.0324     2.5327     0.3216    114.000    114.000    35.2315    294.316     99.814 0.0000e+00
       8279    115.602     7.9149   3.639993    -0.0324     2.5324     0.3254    114.500    114.500    35.2315    294.477     99.869 0.0000e+00
