Data/CTD_15.cnv
* Sea-Bird SBE 9 Data File:
* FileName = C:\Users\ctd-user\Desktop\CTD_data\OC4920\CTD_15.hex
* Software Version Seasave V 7.26.2.13
* Temperature SN = 6313
* Conductivity SN = 4758
* Number of Bytes Per Scan = 28
* Number of Voltage Words = 3
* Number of Scans Averaged by the Deck Unit = 1
* NMEA Latitude = 57 46.78 N
* NMEA Longitude = 010 46.31 E
* NMEA UTC (Time) = May 07 2025 12:57:52
** Station: test
** Operator: Operator 1
** Ship: 7720 Skagerak
** Cruise: 7720-2025-01
** Latitude [GG MM.mm N]:
** Longitude [GG MM.mm E]:
** Pumps: PrimaryPump: 1820 # SecondaryPump:
** EventIDs: EventID: 3decf26d-821b-4112-8042-a2c98b568458 # ParentEventID:
** Additional Sampling:
** Metadata admin: MPROG: Other # PROJ: Other # ORDERER: GU # SLABO: GU # ALABO: GU # REFSK: ingen
** Metadata conditions: WADEP: 10 # WINSP: 1 # WINDIR: 02 # AIRPRES: 1000 # AIRTEMP: 1 # WEATH: 9 # CLOUD: 9 # WAVES: 9 # ICEOB: 9 # COMNT_VISIT:
** LIMS Job:
# nquan = 13                                
# nvalues = 7867                        
# units = specified
# name 0 = scan: Scan Count
# name 1 = prDM: Pressure, Digiquartz [db]
# name 2 = t090C: Temperature [ITS-90, deg C]
# name 3 = c0S/m: Conductivity [S/m]
# name 4 = flECO-AFL: Fluorescence, WET Labs ECO-AFL/FL [mg/m^3]
# name 5 = sbeox0V: Oxygen raw, SBE 43 [V]
# name 6 = turbWETntu0: Turbidity, WET Labs ECO [NTU]
# name 7 = depSM: Depth [salt water, m]
# name 8 = depSM: Depth [salt water, m], lat = 57.7797
# name 9 = sal00: Salinity, Practical [PSU]
# name 10 = sbeox0Mm/L: Oxygen, SBE 43 [umol/l], WS = 2
# name 11 = sbeox0PS: Oxygen, SBE 43 [% saturation], WS = 2
# name 12 = flag: flag
# span 0 =          1,       7867       
# span 1 =     -1.536,     45.935       
# span 2 =     7.7067,    11.3855       
# span 3 =   0.039896,   3.615155       
# span 4 =    -0.3887,     2.9244       
# span 5 =     1.6618,     2.7715       
# span 6 =    -0.1787,     0.6589       
# span 7 =     -1.522,     45.505       
# span 8 =     -1.522,     45.505       
# span 9 =     0.2719,    35.1072       
# span 10 =    196.806,    350.565      
# span 11 =     56.046,    109.719      
# span 12 = 0.0000e+00, 0.0000e+00      
# interval = seconds: 0.0416667
# start_time = May 07 2025 12:57:52 [NMEA time, header]
# bad_flag = -9.990e-29
*END*
[from data line 1556]
       1557     -1.520     9.7882   0.045367    -0.0870     1.6991    -0.1098     -1.506     -1.506     0.3123    204.592     57.824 -9.990e-29
       1558     -1.520     9.7857   0.045291    -0.0869     1.6991    -0.1098     -1.506     -1.506     0.3117    204.605     57.824 -9.990e-29
       1559     -1.521     9.7820   0.045239    -0.0869     1.6992    -0.1098     -1.507     -1.507     0.3114    204.641     57.829 -9.990e-29
       1560     -1.522     9.7771   0.045176    -0.0869     1.6993    -0.1097     -1.508     -1.508     0.3110    204.685     57.834 -9.990e-29
       1561     -1.523     9.7749   0.045090    -0.0868     1.6993    -0.1097     -1.509     -1.509     0.3104    204.696     57.834 -9.990e-29
       1562     -1.523     9.7756   0.045046    -0.0868     1.6994    -0.1096     -1.508     -1.509     0.3101    204.708     57.838 -9.990e-29
       1563     -1.521     9.7761   0.045009    -0.0867     1.6994    -0.1096     -1.507     -1.507     0.3098    204.703     57.838 -9.990e-29
       1564     -1.521     9.7787   0.044980    -0.0867     1.6993    -0.1095     -1.507     -1.507     0.3096    204.672     57.832 -9.990e-29
       1565     -1.521     9.7818   0.044951    -0.0866     1.6993    -0.1095     -1.507     -1.507     0.3094    204.656     57.832 -9.990e-29
       1566     -1.520     9.7843   0.044931    -0.0866     1.6992    -0.1094     -1.506     -1.506     0.3092    204.625     57.827 -9.990e-29
       1567     -1.520     9.7855   0.044922    -0.0865     1.6992    -0.1094     -1.506     -1.506     0.3091    204.620     57.827 -9.990e-29
       1568     -1.519     9.7879   0.044886    -0.0864     1.6991    -0.1094     -1.505     -1.505     0.3088    204.590     57.821 -9.990e-29
       1569     -1.518     9.7913   0.044875    -0.0864     1.6991    -0.1093     -1.504     -1.504     0.3087    204.571     57.821 -9.990e-29
       1570     -1.517     9.7957   0.044880    -0.0863     1.6991    -0.1093     -1.503     -1.503     0.3087    204.548     57.820 -9.990e-29
       1571     -1.517     9.7987   0.044871    -0.0863     1.6991    -0.1093     -1.503     -1.503     0.3086    204.530     57.819 -9.990e-29
       1572     -1.518     9.7993   0.044845    -0.0863     1.6990    -0.1094     -1.504     -1.504     0.3085    204.505     57.813 -9.990e-29
       1573     -1.517     9.8032   0.044863    -0.0864     1.6989    -0.1094     -1.503     -1.503     0.3086    204.461     57.806 -9.990e-29
       1574     -1.516     9.8041   0.044870    -0.0864     1.6988    -0.1093     -1.502     -1.502     0.3086    204.431     57.799 -9.990e-29
       1575     -1.515     9.8054   0.044868    -0.0864     1.6986    -0.1093     -1.501     -1.501     0.3086    204.382     57.786 -9.990e-29
       1576     -1.515     9.8079   0.044849    -0.0864     1.6985    -0.1093     -1.501     -1.501     0.3084    204.343     57.779 -9.990e-29
       1577     -1.515     9.8119   0.044893    -0.0864     1.6984    -0.1092     -1.501     -1.501     0.3087    204.297     57.771 -9.990e-29
       1578     -1.515     9.8176   0.044895    -0.0864     1.6983    -0.1092     -1.501     -1.501     0.3087    204.242     57.764 -9.990e-29
       1579     -1.516     9.8221   0.044913    -0.0864     1.6982    -0.1091     -1.502     -1.502     0.3088    204.193     57.756 -9.990e-29
       1580     -1.516     9.8239   0.044948    -0.0864     1.6981    -0.1091     -1.502     -1.502     0.3090    204.159     57.749 -9.990e-29
       1581     -1.515     9.8255   0.044954    -0.0864     1.6981    -0.1090     -1.501     -1.501     0.3090    204.141     57.746 -9.990e-29
       1582     -1.514     9.8282   0.045004    -0.0863     1.6981    -0.1090     -1.500     -1.500     0.3093    204.120     57.744 -9.990e-29
       1583     -1.514     9.8307   0.045028    -0.0863     1.6981    -0.1089     -1.500     -1.500     0.3095    204.099     57.741 -9.990e-29
       1584     -1.513     9.8301   0.045046    -0.0863     1.6981    -0.1088     -1.500     -1.499     0.3096    204.096     57.740 -9.990e-29
       1585     -1.512     9.8297   0.045078    -0.0863     1.6980    -0.1087     -1.499     -1.498     0.3099    204.074     57.733 -9.990e-29
       1586     -1.510     9.8309   0.045120    -0.0864     1.6979    -0.1086     -1.497     -1.496     0.3102    204.045     57.727 -9.990e-29
       1587     -1.510     9.8347   0.045145    -0.0864     1.6979    -0.1086     -1.496     -1.496     0.3103    204.022     57.725 -9.990e-29
       1588     -1.510     9.8385   0.045185    -0.0865     1.6979    -0.1086     -1.496     -1.496     0.3106    204.000     57.724 -9.990e-29
       1589     -1.510     9.8392   0.045238    -0.0866     1.6978    -0.1087     -1.496     -1.496     0.3109    203.974     57.718 -9.990e-29
       1590     -1.509     9.8375   0.045264    -0.0866     1.6978    -0.1087     -1.495     -1.495     0.3111    203.979     57.717 -9.990e-29
       1591     -1.507     9.8354   0.045307    -0.0866     1.6978    -0.1087     -1.493     -1.493     0.3114    203.983     57.716 -9.990e-29
       1592     -1.505     9.8340   0.045327    -0.0867     1.6977    -0.1088     -1.492     -1.491     0.3116    203.969     57.710 -9.990e-29
       1593     -1.505     9.8330   0.045377    -0.0867     1.6976    -0.1088     -1.491     -1.491     0.3120    203.951     57.704 -9.990e-29
       1594     -1.504     9.8308   0.045406    -0.0867     1.6975    -0.1088     -1.490     -1.490     0.3122    203.942     57.698 -9.990e-29
       1595     -1.502     9.8277   0.045437    -0.0867     1.6974    -0.1089     -1.488     -1.488     0.3124    203.941     57.694 -9.990e-29
       1596     -1.501     9.8255   0.045477    -0.0868     1.6973    -0.1089     -1.487     -1.487     0.3127    203.937     57.690 -9.990e-29
       1597     -1.501     9.8239   0.045500    -0.0868     1.6973    -0.1090     -1.487     -1.487     0.3129    203.946     57.690 -9.990e-29
       1598     -1.502     9.8229   0.045556    -0.0868     1.6972    -0.1090     -1.488     -1.488     0.3133    203.934     57.685 -9.990e-29
       1599     -1.502     9.8224   0.045591    -0.0868     1.6971    -0.1090     -1.488     -1.488     0.3136    203.918     57.680 -9.990e-29
       1600     -1.502     9.8213   0.045635    -0.0868     1.6971    -0.1090     -1.489     -1.488     0.3139    203.919     57.679 -9.990e-29
       1601     -1.503     9.8210   0.045665    -0.0868     1.6970    -0.1090     -1.490     -1.489     0.3141    203.900     57.673 -9.990e-29
       1602     -1.504     9.8218   0.045700    -0.0868     1.6970    -0.1090     -1.490     -1.490     0.3144    203.893     57.673 -9.990e-29
       1603     -1.505     9.8229   0.045736    -0.0868     1.6970    -0.1090     -1.491     -1.491     0.3146    203.884     57.672 -9.990e-29
       1604     -1.507     9.8242   0.045758    -0.0868     1.6970    -0.1090     -1.493     -1.493     0.3147    203.877     57.672 -9.990e-29
       1605     -1.508     9.8264   0.045820    -0.0868     1.6969    -0.1090     -1.494     -1.494     0.3152    203.849     57.667 -9.990e-29
       1606     -1.507     9.8284   0.045845    -0.0867     1.6969    -0.1090     -1.493     -1.493     0.3153    203.840     57.667 -9.990e-29
       1607     -1.507     9.8306   0.045893    -0.0867     1.6968    -0.1090     -1.493     -1.493     0.3157    203.816     57.663 -9.990e-29
       1608     -1.507     9.8324   0.045931    -0.0867     1.6967    -0.1091     -1.493     -1.493     0.3159    203.793     57.660 -9.990e-29
       1609     -1.507     9.8328   0.045935    -0.0867     1.6965    -0.1092     -1.494     -1.493     0.3159    203.762     57.651 -9.990e-29
       1610     -1.508     9.8323   0.045957    -0.0866     1.6964    -0.1093     -1.495     -1.494     0.3161    203.750     57.647 -9.990e-29
       1611     -1.511     9.8318   0.045975    -0.0866     1.6963    -0.1093     -1.497     -1.497     0.3162    203.737     57.643 -9.990e-29
       1612     -1.512     9.8324   0.045999    -0.0865     1.6962    -0.1093     -1.498     -1.498     0.3164    203.718     57.638 -9.990e-29
       1613     -1.512     9.8332   0.046011    -0.0865     1.6961    -0.1094     -1.498     -1.498     0.3165    203.701     57.635 -9.990e-29
       1614     -1.513     9.8339   0.046036    -0.0864     1.6960    -0.1094     -1.499     -1.499     0.3166    203.683     57.631 -9.990e-29
       1615     -1.516     9.8339   0.046014    -0.0864     1.6958    -0.1094     -1.502     -1.502     0.3165    203.652     57.622 -9.990e-29
       1616     -1.518     9.8342   0.046029    -0.0863     1.6958    -0.1094     -1.504     -1.504     0.3166    203.656     57.623 -9.990e-29
       1617     -1.519     9.8328   0.046001    -0.0862     1.6957    -0.1094     -1.505     -1.505     0.3164    203.650     57.620 -9.990e-29
       1618     -1.520     9.8318   0.045984    -0.0862     1.6957    -0.1094     -1.506     -1.506     0.3163    203.658     57.621 -9.990e-29
       1619     -1.521     9.8300   0.045977    -0.0862     1.6957    -0.1093     -1.507     -1.507     0.3163    203.671     57.622 -9.990e-29
       1620     -1.521     9.8261   0.045928    -0.0862     1.6957    -0.1093     -1.507     -1.507     0.3159    203.695     57.623 -9.990e-29
       1621     -1.522     9.8207   0.045897    -0.0862     1.6956    -0.1092     -1.508     -1.508     0.3158    203.707     57.619 -9.990e-29
       1622     -1.523     9.8139   0.045863    -0.0862     1.6955    -0.1092     -1.509     -1.509     0.3156    203.727     57.616 -9.990e-29
       1623     -1.524     9.8075   0.045812    -0.0862     1.6954    -0.1092     -1.509     -1.510     0.3153    203.744     57.612 -9.990e-29
       1624     -1.526     9.8002   0.045723    -0.0862     1.6953    -0.1092     -1.511     -1.512     0.3147    203.765     57.607 -9.990e-29
       1625     -1.527     9.7929   0.045673    -0.0862     1.6953    -0.1092     -1.513     -1.513     0.3144    203.804     57.608 -9.990e-29
       1626     -1.527     9.7845   0.045620    -0.0862     1.6953    -0.1092     -1.513     -1.513     0.3141    203.849     57.609 -9.990e-29
       1627     -1.528     9.7797   0.045535    -0.0862     1.6953    -0.1092     -1.513     -1.514     0.3135    203.879     57.611 -9.990e-29
       1628     -1.529     9.7740   0.045495    -0.0861     1.6954    -0.1092     -1.515     -1.515     0.3133    203.932     57.618 -9.990e-29
       1629     -1.530     9.7667   0.045415    -0.0861     1.6954    -0.1091     -1.516     -1.516     0.3128    203.978     57.621 -9.990e-29
       1630     -1.531     9.7607   0.045351    -0.0861     1.6954    -0.1091     -1.516     -1.517     0.3124    204.017     57.624 -9.990e-29
       1631     -1.530     9.7564   0.045266    -0.0861     1.6954    -0.1090     -1.516     -1.516     0.3118    204.049     57.627 -9.990e-29
       1632     -1.530     9.7524   0.045204    -0.0862     1.6953    -0.1089     -1.515     -1.516     0.3114    204.062     57.625 -9.990e-29
       1633     -1.531     9.7447   0.045146    -0.0862     1.6952    -0.1089     -1.516     -1.517     0.3111    204.093     57.623 -9.990e-29
       1634     -1.532     9.7376   0.045059    -0.0863     1.6951    -0.1089     -1.517     -1.518     0.3105    204.118     57.620 -9.990e-29
       1635     -1.532     9.7344   0.044992    -0.0863     1.6950    -0.1089     -1.518     -1.518     0.3100    204.119     57.616 -9.990e-29
       1636     -1.532     9.7314   0.044938    -0.0863     1.6949    -0.1089     -1.517     -1.518     0.3097    204.117     57.611 -9.990e-29
       1637     -1.531     9.7263   0.044884    -0.0864     1.6949    -0.1089     -1.517     -1.517     0.3093    204.142     57.611 -9.990e-29
       1638     -1.531     9.7226   0.044807    -0.0864     1.6948    -0.1088     -1.517     -1.517     0.3088    204.141     57.605 -9.990e-29
       1639     -1.531     9.7219   0.044760    -0.0864     1.6947    -0.1087     -1.516     -1.517     0.3085    204.121     57.599 -9.990e-29
       1640     -1.531     9.7227   0.044748    -0.0864     1.6947    -0.1087     -1.516     -1.517     0.3084    204.107     57.596 -9.990e-29
       1641     -1.531     9.7252   0.044709    -0.0864     1.6946    -0.1086     -1.516     -1.517     0.3081    204.068     57.588 -9.990e-29
       1642     -1.530     9.7290   0.044694    -0.0864     1.6945    -0.1086     -1.515     -1.516     0.3080    204.021     57.580 -9.990e-29
       1643     -1.529     9.7334   0.044657    -0.0864     1.6945    -0.1087     -1.514     -1.515     0.3077    203.988     57.577 -9.990e-29
       1644     -1.529     9.7393   0.044652    -0.0863     1.6945    -0.1087     -1.515     -1.515     0.3076    203.949     57.574 -9.990e-29
       1645     -1.530     9.7469   0.044654    -0.0863     1.6944    -0.1087     -1.515     -1.516     0.3075    203.887     57.566 -9.990e-29
       1646     -1.530     9.7538   0.044650    -0.0863     1.6943    -0.1087     -1.515     -1.516     0.3074    203.827     57.559 -9.990e-29
       1647     -1.528     9.7602   0.044653    -0.0862     1.6942    -0.1087     -1.513     -1.514     0.3074    203.770     57.552 -9.990e-29
       1648     -1.526     9.7651   0.044686    -0.0862     1.6941    -0.1087     -1.512     -1.512     0.3076    203.723     57.545 -9.990e-29
       1649     -1.526     9.7677   0.044669    -0.0861     1.6941    -0.1087     -1.511     -1.512     0.3075    203.705     57.543 -9.990e-29
       1650     -1.525     9.7685   0.044662    -0.0861     1.6941    -0.1087     -1.511     -1.511     0.3074    203.698     57.542 -9.990e-29
       1651     -1.524     9.7687   0.044650    -0.0860     1.6941    -0.1087     -1.510     -1.510     0.3073    203.694     57.541 -9.990e-29
       1652     -1.525     9.7705   0.044615    -0.0859     1.6941    -0.1087     -1.510     -1.511     0.3071    203.682     57.540 -9.990e-29
       1653     -1.525     9.7736   0.044659    -0.0858     1.6941    -0.1087     -1.510     -1.511     0.3073    203.663     57.540 -9.990e-29
       1654     -1.523     9.7777   0.044658    -0.0857     1.6940    -0.1087     -1.509     -1.509     0.3073    203.622     57.533 -9.990e-29
       1655     -1.522     9.7816   0.044669    -0.0856     1.6940    -0.1087     -1.507     -1.508     0.3074    203.597     57.532 -9.990e-29
       1656     -1.521     9.7861   0.044680    -0.0855     1.6940    -0.1086     -1.507     -1.507     0.3074    203.568     57.530 -9.990e-29
       1657     -1.520     9.7915   0.044690    -0.0854     1.6939    -0.1086     -1.506     -1.506     0.3074    203.517     57.523 -9.990e-29
       1658     -1.518     9.7969   0.044713    -0.0853     1.6938    -0.1086     -1.504     -1.504     0.3075    203.465     57.515 -9.990e-29
       1659     -1.517     9.8025   0.044727    -0.0853     1.6936    -0.1085     -1.502     -1.503     0.3076    203.396     57.503 -9.990e-29
       1660     -1.516     9.8083   0.044763    -0.0853     1.6935    -0.1085     -1.501     -1.502     0.3078    203.341     57.496 -9.990e-29
       1661     -1.515     9.8156   0.044782    -0.0852     1.6934    -0.1085     -1.501     -1.501     0.3079    203.281     57.489 -9.990e-29
       1662     -1.514     9.8219   0.044808    -0.0852     1.6933    -0.1085     -1.500     -1.500     0.3080    203.225     57.482 -9.990e-29
       1663     -1.514     9.8292   0.044852    -0.0853     1.6931    -0.1085     -1.500     -1.500     0.3083    203.147     57.470 -9.990e-29
       1664     -1.514     9.8370   0.044905    -0.0853     1.6930    -0.1085     -1.500     -1.500     0.3086    203.082     57.462 -9.990e-29
       1665     -1.514     9.8442   0.044942    -0.0853     1.6929    -0.1085     -1.500     -1.500     0.3088    203.020     57.454 -9.990e-29
       1666     -1.513     9.8498   0.044986    -0.0853     1.6928    -0.1085     -1.499     -1.499     0.3090    202.965     57.446 -9.990e-29
