Data/CTD_15_avg.cnv
* Sea-Bird SBE 9 Data File:
* FileName = C:\Users\ctd-user\Desktop\CTD_data\OC4920\CTD_15.hex
* Software Version Seasave V 7.26.2.13
* Temperature SN = 6313
* Conductivity SN = 4758
* Number of Bytes Per Scan = 28
* Number of Voltage Words = 3
* Number of Scans Averaged by the Deck Unit = 1
* NMEA Latitude = 57 46.78 N
* NMEA Longitude = 010 46.31 E
* NMEA UTC (Time) = May 07 2025 12:57:52
** Station: test
** Operator: Operator 1
** Ship: 7720 Skagerak
** Cruise: 7720-2025-01
** Latitude [GG MM.mm N]:
** Longitude [GG MM.mm E]:
** Pumps: PrimaryPump: 1820 # SecondaryPump:
** EventIDs: EventID: 3decf26d-821b-4112-8042-a2c98b568458 # ParentEventID:
** Additional Sampling:
** Metadata admin: MPROG: Other # PROJ: Other # ORDERER: GU # SLABO: GU # ALABO: GU # REFSK: ingen
** Metadata conditions: WADEP: 10 # WINSP: 1 # WINDIR: 02 # AIRPRES: 1000 # AIRTEMP: 1 # WEATH: 9 # CLOUD: 9 # WAVES: 9 # ICEOB: 9 # COMNT_VISIT:
** LIMS Job:
# nquan = 13
# nvalues = 91                          
# units = specified
# name 0 = scan: Scan Count
# name 1 = prDM: Pressure, Digiquartz [db]
# name 2 = t090C: Temperature [ITS-90, deg C]
# name 3 = c0S/m: Conductivity [S/m]
# name 4 = flECO-AFL: Fluorescence, WET Labs ECO-AFL/FL [mg/m^3]
# name 5 = sbeox0V: Oxygen raw, SBE 43 [V]
# name 6 = turbWETntu0: Turbidity, WET Labs ECO [NTU]
# name 7 = depSM: Depth [salt water, m]
# name 8 = depSM: Depth [salt water, m], lat = 57.7797
# name 9 = sal00: Salinity, Practical [PSU]
# name 10 = sbeox0Mm/L: Oxygen, SBE 43 [umol/l], WS = 2
# name 11 = sbeox0PS: Oxygen, SBE 43 [% saturation], WS = 2
# name 12 = flag: flag
# span 0 =       3076,       7723       
# span 1 =      0.505,     45.930       
# span 2 =     7.7069,    10.6560       
# span 3 =   3.379372,   3.613406       
# span 4 =     0.0672,     2.8362       
# span 5 =     2.1000,     2.5895       
# span 6 =     0.2221,     0.4842       
# span 7 =      0.500,     45.500       
# span 8 =      0.500,     45.500       
# span 9 =    30.0920,    35.1056       
# span 10 =    223.080,    296.580      
# span 11 =     76.158,    100.390      
# span 12 = 0.0000e+00, 0.0000e+00      
# interval = meters: 0.5                
# start_time = May 07 2025 12:57:52 [NMEA time, header]
# bad_flag = -9.990e-29
*END*
       3076      0.505    10.6560   3.379372     0.1897     2.5895     0.2221      0.500      0.500    30.0920    277.065     96.574 0.0000e+00
       3097      1.009    10.5340   3.382249     0.2299     2.5406     0.2226      1.000      1.000    30.2210    271.701     94.531 0.0000e+00
       3120      1.514    10.3760   3.382457     0.2838     2.5045     0.2444      1.500      1.500    30.3542    272.775     94.659 0.0000e+00
       3143      2.019    10.3834   3.385431     0.4508     2.4927     0.2522      2.000      2.000    30.3774    274.867     95.415 0.0000e+00
       3171      2.523    10.3935   3.392260     0.6471     2.4836     0.2331      2.500      2.500    30.4367    272.444     94.631 0.0000e+00
       3196      3.028    10.3869   3.396800     0.6994     2.4640     0.2265      3.000      3.000    30.4872    267.248     92.842 0.0000e+00
       3218      3.533    10.3681   3.399494     0.7849     2.4395     0.2317      3.500      3.500    30.5296    262.909     91.322 0.0000e+00
       3240      4.037    10.3467   3.401821     0.8933     2.4136     0.2349      4.000      4.000    30.5705    259.143     89.996 0.0000e+00
       3263      4.542    10.3167   3.404190     1.0619     2.3863     0.2349      4.500      4.500    30.6192    255.484     88.695 0.0000e+00
       3286      5.047    10.2790   3.407236     1.3993     2.3603     0.2426      5.000      5.000    30.6812    252.862     87.747 0.0000e+00
       3308      5.551    10.2386   3.410154     1.9183     2.3403     0.2409      5.500      5.500    30.7443    251.413     87.203 0.0000e+00
       3331      6.056    10.0001   3.410170     2.1215     2.3233     0.2427      6.000      6.000    30.9477    250.792     86.648 0.0000e+00
       3356      6.561     9.5622   3.409490     2.4023     2.3069     0.2646      6.500      6.500    31.3190    250.879     86.053 0.0000e+00
       3380      7.065     9.2064   3.409466     2.7976     2.2926     0.2886      6.999      7.000    31.6316    250.219     85.326 0.0000e+00
       3404      7.570     8.9747   3.409644     2.8362     2.2744     0.3091      7.500      7.500    31.8394    247.341     84.024 0.0000e+00
       3429      8.075     8.8121   3.411150     2.2331     2.2513     0.3279      8.000      8.000    32.0010    244.208     82.746 0.0000e+00
       3452      8.580     8.8286   3.410354     1.7073     2.2310     0.3378      8.500      8.500    31.9777    242.485     82.180 0.0000e+00
       3648      9.084     8.7086   3.466300     0.9929     2.1509     0.3190      9.000      9.000    32.6703    233.647     79.325 0.0000e+00
       3748      9.589     8.7610   3.524999     1.0808     2.1172     0.3338      9.500      9.500    33.2363    224.870     76.719 0.0000e+00
       3772     10.094     8.7702   3.532450     0.8834     2.1000     0.3345     10.000     10.000    33.3056    223.080     76.158 0.0000e+00
       4512     10.598     8.7751   3.605609     0.9368     2.1831     0.3092     10.499     10.500    34.0690    245.062     84.087 0.0000e+00
       5873     11.103     8.6783   3.612153     0.6928     2.4826     0.3585     11.000     11.000    34.2306    279.797     95.898 0.0000e+00
       5905     11.608     8.5692   3.613205     0.6195     2.4845     0.3614     11.500     11.500    34.3474    280.884     96.110 0.0000e+00
       5926     12.112     8.5475   3.613406     0.5137     2.4842     0.3663     12.000     12.000    34.3704    280.816     96.055 0.0000e+00
       5949     12.617     8.5295   3.613245     0.4182     2.4841     0.3746     12.500     12.500    34.3861    281.635     96.306 0.0000e+00
       5975     13.122     8.4529   3.612457     0.3683     2.4889     0.3559     13.000     13.000    34.4523    283.692     96.886 0.0000e+00
       5999     13.626     8.3421   3.609902     0.3142     2.4950     0.3448     13.500     13.500    34.5335    285.409     97.282 0.0000e+00
       6018     14.131     8.2981   3.607439     0.2653     2.5005     0.3275     14.000     14.000    34.5503    286.286     97.496 0.0000e+00
       6037     14.636     8.2659   3.605347     0.2295     2.5042     0.3078     14.500     14.500    34.5594    286.546     97.520 0.0000e+00
       6059     15.141     8.2631   3.604721     0.2044     2.5068     0.2976     15.000     15.000    34.5552    286.431     97.472 0.0000e+00
       6085     15.645     8.2615   3.604732     0.1937     2.5076     0.2915     15.500     15.500    34.5567    285.719     97.227 0.0000e+00
       6113     16.150     8.2185   3.604254     0.1924     2.5026     0.2873     16.000     16.000    34.5937    283.183     96.295 0.0000e+00
       6138     16.655     8.1455   3.601358     0.1938     2.4907     0.2840     16.500     16.500    34.6346    281.451     95.575 0.0000e+00
       6161     17.159     8.0965   3.598657     0.2008     2.4818     0.2906     17.000     17.000    34.6539    281.101     95.363 0.0000e+00
       6182     17.664     8.0394   3.596496     0.1915     2.4755     0.3343     17.500     17.500    34.6871    281.487     95.392 0.0000e+00
       6203     18.169     8.0104   3.596137     0.1630     2.4734     0.3688     18.000     18.000    34.7117    282.599     95.722 0.0000e+00
       6224     18.674     7.9434   3.594865     0.1348     2.4748     0.3352     18.500     18.500    34.7644    283.946     96.066 0.0000e+00
       6246     19.178     7.8493   3.587832     0.1187     2.4778     0.3129     19.000     19.000    34.7822    285.822     96.508 0.0000e+00
       6267     19.683     7.8255   3.585454     0.1109     2.4840     0.2917     19.500     19.500    34.7800    287.624     97.063 0.0000e+00
       6288     20.188     7.8538   3.590128     0.0936     2.4918     0.2787     20.000     20.000    34.8021    288.764     97.523 0.0000e+00
       6316     20.692     7.8738   3.596618     0.0847     2.5015     0.2853     20.500     20.500    34.8518    289.507     97.850 0.0000e+00
       6345     21.197     7.8810   3.599077     0.1103     2.5084     0.3099     21.000     21.000    34.8709    289.785     97.972 0.0000e+00
       6368     21.702     7.8828   3.599598     0.1083     2.5128     0.3164     21.500     21.500    34.8744    290.350     98.170 0.0000e+00
       6388     22.207     7.8835   3.600095     0.1084     2.5168     0.3187     22.000     22.000    34.8788    290.477     98.217 0.0000e+00
       6408     22.711     7.8880   3.600511     0.1232     2.5178     0.3244     22.500     22.500    34.8786    290.041     98.079 0.0000e+00
       6430     23.216     7.8895   3.601252     0.1778     2.5190     0.3368     23.000     23.000    34.8848    290.578     98.268 0.0000e+00
       6453     23.721     7.8932   3.601561     0.2776     2.5219     0.3538     23.500     23.500    34.8842    291.254     98.505 0.0000e+00
       6477     24.225     7.8973   3.602451     0.1659     2.5258     0.3407     24.000     24.000    34.8894    292.307     98.873 0.0000e+00
       6499     24.730     7.9077   3.603088     0.1324     2.5316     0.3459     24.500     24.500    34.8856    293.355     99.249 0.0000e+00
       6521     25.235     7.9261   3.605057     0.1282     2.5369     0.3422     25.000     25.000    34.8882    294.238     99.590 0.0000e+00
       6545     25.740     7.9397   3.607117     0.1206     2.5450     0.3370     25.500     25.500    34.8966    295.552    100.071 0.0000e+00
       6573     26.244     7.9442   3.608555     0.1160     2.5528     0.3313     26.000     26.000    34.9073    295.627    100.113 0.0000e+00
       6597     26.749     7.9487   3.609086     0.1210     2.5549     0.3288     26.500     26.500    34.9083    295.102     99.947 0.0000e+00
       6616     27.254     7.9496   3.609582     0.1194     2.5558     0.3257     27.000     27.000    34.9125    295.524    100.094 0.0000e+00
       6635     27.759     7.9393   3.609589     0.1176     2.5587     0.3236     27.500     27.500    34.9227    296.323    100.348 0.0000e+00
       6658     28.263     7.9200   3.607606     0.1196     2.5616     0.3227     28.000     28.000    34.9202    296.580    100.390 0.0000e+00
       6684     28.768     7.9185   3.607306     0.1101     2.5628     0.3050     28.500     28.500    34.9183    296.081    100.216 0.0000e+00
       6708     29.273     7.9149   3.606709     0.0973     2.5617     0.2823     29.000     29.000    34.9152    295.690    100.074 0.0000e+00
       6729     29.778     7.9142   3.607461     0.0956     2.5606     0.2843     29.500     29.500    34.9238    295.534    100.025 0.0000e+00
       6748     30.282     7.9095   3.606933     0.1012     2.5595     0.2864     30.000     30.000    34.9225    295.424     99.977 0.0000e+00
       6770     30.787     7.9119   3.606968     0.0931     2.5582     0.2873     30.500     30.500    34.9203    295.135     99.883 0.0000e+00
       6796     31.292     7.9085   3.607568     0.0847     2.5559     0.2880     31.000     31.000    34.9299    294.392     99.630 0.0000e+00
       6822     31.797     7.8681   3.604947     0.0882     2.5512     0.2915     31.500     31.500    34.9418    293.856     99.366 0.0000e+00
       6847     32.301     7.8743   3.603677     0.0834     2.5480     0.2921     32.000     32.000    34.9217    293.640     99.293 0.0000e+00
       6869     32.806     7.8787   3.605365     0.0770     2.5453     0.2918     32.500     32.500    34.9353    293.254     99.182 0.0000e+00
       6889     33.311     7.8689   3.605913     0.0782     2.5430     0.3001     33.000     33.000    34.9507    293.046     99.100 0.0000e+00
       6909     33.815     7.8615   3.605495     0.0865     2.5409     0.3122     33.500     33.500    34.9534    292.797     99.000 0.0000e+00
       6931     34.320     7.8597   3.605418     0.0873     2.5383     0.3228     34.000     34.000    34.9541    292.226     98.804 0.0000e+00
       6957     34.825     7.8542   3.605263     0.0822     2.5336     0.3238     34.500     34.500    34.9577    291.078     98.406 0.0000e+00
       6981     35.330     7.8433   3.604534     0.0870     2.5276     0.3282     35.000     35.000    34.9605    290.343     98.135 0.0000e+00
       7003     35.835     7.8374   3.604055     0.0901     2.5240     0.3379     35.500     35.500    34.9610    290.659     98.229 0.0000e+00
       7024     36.339     7.8361   3.603945     0.0906     2.5228     0.3449     36.000     36.000    34.9609    290.696     98.239 0.0000e+00
       7046     36.844     7.8360   3.603974     0.0923     2.5207     0.3509     36.500     36.500    34.9610    290.372     98.129 0.0000e+00
       7070     37.349     7.8353   3.604012     0.0982     2.5196     0.3546     37.000     37.000    34.9619    290.715     98.244 0.0000e+00
       7097     37.854     7.8354   3.603983     0.1032     2.5198     0.3495     37.500     37.500    34.9612    290.594     98.203 0.0000e+00
       7123     38.358     7.8356   3.604144     0.0910     2.5176     0.3485     38.000     38.000    34.9625    289.740     97.915 0.0000e+00
       7143     38.863     7.8264   3.604588     0.0880     2.5149     0.3446     38.500     38.500    34.9763    289.023     97.662 0.0000e+00
       7160     39.368     7.8096   3.604632     0.1010     2.5113     0.3527     39.001     39.000    34.9934    288.831     97.571 0.0000e+00
       7177     39.873     7.8055   3.603799     0.1005     2.5101     0.3497     39.500     39.500    34.9882    289.311     97.721 0.0000e+00
       7202     40.377     7.7830   3.603915     0.0860     2.5094     0.3447     40.000     40.000    35.0119    289.298     97.682 0.0000e+00
       7238     40.882     7.7666   3.603425     0.0672     2.5053     0.3336     40.500     40.500    35.0228    287.931     97.191 0.0000e+00
       7261     41.387     7.7563   3.603424     0.0741     2.4996     0.3332     41.000     41.000    35.0329    286.773     96.784 0.0000e+00
       7279     41.892     7.7290   3.603552     0.0916     2.4950     0.3552     41.500     41.500    35.0615    286.519     96.657 0.0000e+00
       7296     42.396     7.7110   3.604833     0.1073     2.4921     0.3864     42.000     42.000    35.0933    286.836     96.745 0.0000e+00
       7316     42.901     7.7079   3.605293     0.1091     2.4911     0.4238     42.500     42.500    35.1012    287.120     96.838 0.0000e+00
       7341     43.406     7.7077   3.605393     0.0989     2.4890     0.4517     43.000     43.000    35.1023    286.510     96.633 0.0000e+00
       7370     43.911     7.7073   3.605428     0.0957     2.4858     0.4613     43.500     43.500    35.1027    286.388     96.591 0.0000e+00
       7393     44.416     7.7069   3.605544     0.1005     2.4857     0.4784     44.000     44.000    35.1041    286.833     96.742 0.0000e+00
       7413     44.920     7.7069   3.605579     0.1156     2.4856     0.4842     44.500     44.500    35.1042    286.724     96.705 0.0000e+00
       7446     45.425     7.7073   3.605646     0.1110     2.4855     0.4727     45.000     45.000    35.1044    286.649     96.680 0.0000e+00
       7723     45.930     7.7076   3.605816     0.1159     2.4788     0.4065     45.500     45.500    35.1056    285.823     96.404 0.0000e+00
