Data/CTD_14.cnv
* Sea-Bird SBE 9 Data File:
* FileName = C:\Users\ctd-user\Desktop\CTD_data\OC4920\CTD_14.hex
* Software Version Seasave V 7.26.2.13
* Temperature SN = 6313
* Conductivity SN = 4758
* Number of Bytes Per Scan = 28
* Number of Voltage Words = 3
* Number of Scans Averaged by the Deck Unit = 1
* NMEA Latitude = 57 47.84 N
* NMEA Longitude = 010 46.19 E
* NMEA UTC (Time) = May 07 2025 12:38:22
** Station: test
** Operator: Operator 1
** Ship: 7720 Skagerak
** Cruise: 7720-2025-01
** Latitude [GG MM.mm N]:
** Longitude [GG MM.mm E]:
** Pumps: PrimaryPump: 1820 # SecondaryPump:
** EventIDs: EventID: 3decf26d-821b-4112-8042-a2c98b568458 # ParentEventID:
** Additional Sampling:
** Metadata admin: MPROG: Other # PROJ: Other # ORDERER: GU # SLABO: GU # ALABO: GU # REFSK: ingen
** Metadata conditions: WADEP: 10 # WINSP: 1 # WINDIR: 02 # AIRPRES: 1000 # AIRTEMP: 1 # WEATH: 9 # CLOUD: 9 # WAVES: 9 # ICEOB: 9 # COMNT_VISIT:
** LIMS Job:
# nquan = 13                                
# nvalues = 5930                        
# units = specified
# name 0 = scan: Scan Count
# name 1 = prDM: Pressure, Digiquartz [db]
# name 2 = t090C: Temperature [ITS-90, deg C]
# name 3 = c0S/m: Conductivity [S/m]
# name 4 = flECO-AFL: Fluorescence, WET Labs ECO-AFL/FL [mg/m^3]
# name 5 = sbeox0V: Oxygen raw, SBE 43 [V]
# name 6 = turbWETntu0: Turbidity, WET Labs ECO [NTU]
# name 7 = depSM: Depth [salt water, m]
# name 8 = depSM: Depth [salt water, m], lat = 57.7973
# name 9 = sal00: Salinity, Practical [PSU]
# name 10 = sbeox0Mm/L: Oxygen, SBE 43 [umol/l], WS = 2
# name 11 = sbeox0PS: Oxygen, SBE 43 [% saturation], WS = 2
# name 12 = flag: flag
# span 0 =          1,       5930       
# span 1 =     -1.531,     62.690       
# span 2 =     7.6943,    11.3063       
# span 3 =   0.310447,   3.615269       
# span 4 =    -0.4466,     2.5583       
# span 5 =     1.7264,     2.7680       
# span 6 =     0.0515,     2.0762       
# span 7 =     -1.517,     62.101       
# span 8 =     -1.517,     62.101       
# span 9 =     2.2876,    35.1398       
# span 10 =    195.678,    319.295      
# span 11 =     59.197,    110.239      
# span 12 = 0.0000e+00, 0.0000e+00      
# interval = seconds: 0.0416667
# start_time = May 07 2025 12:38:22 [NMEA time, header]
# bad_flag = -9.990e-29
*END*
          1     -1.518     9.0763   1.591039    -0.1052     1.7822     0.0851     -1.504     -1.504    13.7714    204.550     61.983 -9.990e-29
          2     -1.520     9.0773   1.591717    -0.1068     1.7820     0.0856     -1.507     -1.506    13.7774    204.505     61.973 -9.990e-29
          3     -1.522     9.0784   1.591386    -0.1085     1.7818     0.0862     -1.508     -1.508    13.7739    204.473     61.964 -9.990e-29
          4     -1.523     9.0799   1.590517    -0.1103     1.7816     0.0869     -1.509     -1.509    13.7651    204.445     61.954 -9.990e-29
          5     -1.523     9.0817   1.589609    -0.1123     1.7814     0.0876     -1.509     -1.509    13.7559    204.416     61.944 -9.990e-29
          6     -1.523     9.0835   1.589161    -0.1145     1.7812     0.0884     -1.509     -1.509    13.7510    204.381     61.934 -9.990e-29
          7     -1.523     9.0853   1.588699    -0.1169     1.7810     0.0892     -1.509     -1.509    13.7459    204.347     61.924 -9.990e-29
          8     -1.523     9.0862   1.588194    -0.1194     1.7809     0.0901     -1.509     -1.509    13.7409    204.333     61.919 -9.990e-29
          9     -1.522     9.0857   1.588040    -0.1222     1.7807     0.0910     -1.508     -1.508    13.7396    204.306     61.910 -9.990e-29
         10     -1.521     9.0856   1.587911    -0.1253     1.7805     0.0920     -1.507     -1.507    13.7384    204.276     61.900 -9.990e-29
         11     -1.521     9.0862   1.588020    -0.1286     1.7804     0.0931     -1.507     -1.507    13.7392    204.256     61.895 -9.990e-29
         12     -1.521     9.0879   1.588467    -0.1322     1.7803     0.0943     -1.507     -1.507    13.7428    204.227     61.890 -9.990e-29
         13     -1.522     9.0888   1.589233    -0.1361     1.7802     0.0956     -1.508     -1.508    13.7496    204.197     61.885 -9.990e-29
         14     -1.522     9.0904   1.590166    -0.1403     1.7801     0.0970     -1.508     -1.508    13.7578    204.162     61.880 -9.990e-29
         15     -1.524     9.0916   1.591134    -0.1449     1.7800     0.0985     -1.510     -1.510    13.7664    204.129     61.875 -9.990e-29
         16     -1.526     9.0926   1.591886    -0.1499     1.7800     0.1001     -1.512     -1.512    13.7731    204.115     61.875 -9.990e-29
         17     -1.527     9.0934   1.592220    -0.1554     1.7799     0.1019     -1.513     -1.513    13.7759    204.091     61.870 -9.990e-29
         18     -1.527     9.0942   1.592227    -0.1613     1.7798     0.1039     -1.514     -1.513    13.7757    204.072     61.866 -9.990e-29
         19     -1.527     9.0951   1.592061    -0.1677     1.7797     0.1060     -1.513     -1.513    13.7738    204.054     61.861 -9.990e-29
         20     -1.528     9.0958   1.591848    -0.1747     1.7795     0.1082     -1.514     -1.514    13.7715    204.021     61.851 -9.990e-29
         21     -1.528     9.0957   1.591772    -0.1823     1.7793     0.1107     -1.514     -1.514    13.7708    203.991     61.841 -9.990e-29
         22     -1.528     9.0957   1.591379    -0.1906     1.7792     0.1134     -1.514     -1.514    13.7671    203.980     61.836 -9.990e-29
         23     -1.528     9.0960   1.590929    -0.1995     1.7790     0.1163     -1.514     -1.514    13.7628    203.952     61.827 -9.990e-29
         24     -1.527     9.0964   1.590444    -0.2093     1.7788     0.1195     -1.513     -1.513    13.7581    203.925     61.817 -9.990e-29
         25     -1.526     9.0968   1.590075    -0.2196     1.7786     0.1229     -1.512     -1.512    13.7544    202.686     61.441 -9.990e-29
         26     -1.525     9.0962   1.589448    -0.2298     1.7784     0.1262     -1.511     -1.511    13.7488    202.658     61.429 -9.990e-29
         27     -1.524     9.0965   1.588784    -0.2392     1.7781     0.1292     -1.510     -1.510    13.7424    202.611     61.413 -9.990e-29
         28     -1.522     9.0965   1.588053    -0.2476     1.7778     0.1317     -1.508     -1.508    13.7356    202.565     61.396 -9.990e-29
         29     -1.519     9.0971   1.587203    -0.2550     1.7775     0.1339     -1.505     -1.505    13.7274    202.519     61.380 -9.990e-29
         30     -1.515     9.0981   1.586328    -0.2616     1.7772     0.1358     -1.501     -1.501    13.7187    202.470     61.363 -9.990e-29
         31     -1.513     9.0991   1.585101    -0.2673     1.7770     0.1374     -1.499     -1.499    13.7068    202.439     61.350 -9.990e-29
         32     -1.511     9.1004   1.583565    -0.2722     1.7768     0.1387     -1.497     -1.497    13.6919    202.409     61.337 -9.990e-29
         33     -1.509     9.1010   1.581407    -0.2764     1.7767     0.1397     -1.495     -1.495    13.6714    202.405     61.329 -9.990e-29
         34     -1.508     9.1023   1.578722    -0.2799     1.7765     0.1405     -1.494     -1.494    13.6457    202.388     61.315 -9.990e-29
         35     -1.507     9.1037   1.576365    -0.2827     1.7764     0.1410     -1.493     -1.493    13.6231    202.382     61.306 -9.990e-29
         36     -1.507     9.1051   1.574595    -0.2847     1.7762     0.1412     -1.493     -1.493    13.6059    202.353     61.293 -9.990e-29
         37     -1.506     9.1070   1.574108    -0.2862     1.7761     0.1412     -1.492     -1.492    13.6006    202.321     61.284 -9.990e-29
         38     -1.506     9.1083   1.575246    -0.2869     1.7760     0.1409     -1.492     -1.492    13.6108    202.274     61.276 -9.990e-29
         39     -1.505     9.1095   1.577723    -0.2870     1.7758     0.1403     -1.491     -1.491    13.6336    202.194     61.262 -9.990e-29
         40     -1.505     9.1104   1.580961    -0.2865     1.7755     0.1394     -1.491     -1.491    13.6636    202.091     61.244 -9.990e-29
         41     -1.505     9.1111   1.584531    -0.2853     1.7753     0.1382     -1.491     -1.491    13.6969    202.003     61.231 -9.990e-29
         42     -1.504     9.1118   1.587840    -0.2836     1.7751     0.1367     -1.490     -1.490    13.7277    201.920     61.219 -9.990e-29
         43     -1.505     9.1121   1.590454    -0.2812     1.7749     0.1349     -1.491     -1.491    13.7521    201.850     61.208 -9.990e-29
         44     -1.506     9.1123   1.591400    -0.2781     1.7747     0.1328     -1.492     -1.492    13.7609    201.803     61.198 -9.990e-29
         45     -1.506     9.1132   1.590261    -0.2743     1.7746     0.1303     -1.492     -1.492    13.7499    201.795     61.192 -9.990e-29
         46     -1.505     9.1141   1.588372    -0.2698     1.7744     0.1276     -1.491     -1.491    13.7318    201.781     61.182 -9.990e-29
         47     -1.504     9.1148   1.587130    -0.2645     1.7743     0.1244     -1.490     -1.490    13.7199    201.777     61.177 -9.990e-29
         48     -1.503     9.1158   1.586585    -0.2584     1.7740     0.1209     -1.490     -1.489    13.7144    201.731     61.162 -9.990e-29
         49     -1.502     9.1165   1.585963    -0.2514     1.7738     0.1170     -1.488     -1.488    13.7083    201.706     61.153 -9.990e-29
         50     -1.501     9.1175   1.584669    -0.2436     1.7736     0.1127     -1.487     -1.487    13.6957    201.687     61.144 -9.990e-29
         51     -1.499     9.1188   1.582370    -0.2355     1.7735     0.1083     -1.485     -1.485    13.6737    201.696     61.140 -9.990e-29
         52     -1.497     9.1204   1.578948    -0.2275     1.7733     0.1042     -1.483     -1.483    13.6409    201.701     61.131 -9.990e-29
         53     -1.495     9.1216   1.575076    -0.2202     1.7732     0.1004     -1.482     -1.481    13.6042    201.727     61.126 -9.990e-29
         54     -1.495     9.1225   1.570790    -0.2135     1.7730     0.0972     -1.481     -1.481    13.5636    201.743     61.116 -9.990e-29
         55     -1.495     9.1240   1.566407    -0.2074     1.7727     0.0944     -1.482     -1.481    13.5220    201.740     61.101 -9.990e-29
         56     -1.495     9.1258   1.562667    -0.2017     1.7725     0.0920     -1.481     -1.481    13.4862    201.745     61.091 -9.990e-29
         57     -1.495     9.1279   1.560044    -0.1964     1.7722     0.0899     -1.481     -1.481    13.4609    201.719     61.076 -9.990e-29
         58     -1.496     9.1304   1.559325    -0.1915     1.7720     0.0882     -1.482     -1.482    13.4532    201.686     61.067 -9.990e-29
         59     -1.497     9.1324   1.560626    -0.1870     1.7718     0.0868     -1.484     -1.483    13.4646    201.631     61.057 -9.990e-29
         60     -1.498     9.1352   1.564078    -0.1827     1.7716     0.0858     -1.485     -1.484    13.4959    201.550     61.049 -9.990e-29
         61     -1.499     9.1372   1.569084    -0.1787     1.7713     0.0851     -1.485     -1.485    13.5421    201.436     61.036 -9.990e-29
         62     -1.499     9.1383   1.575243    -0.1750     1.7711     0.0848     -1.485     -1.485    13.5994    201.330     61.028 -9.990e-29
         63     -1.500     9.1403   1.581665    -0.1715     1.7708     0.0848     -1.486     -1.486    13.6588    201.202     61.015 -9.990e-29
         64     -1.502     9.1417   1.587764    -0.1683     1.7705     0.0851     -1.488     -1.488    13.7155    201.079     61.002 -9.990e-29
         65     -1.505     9.1430   1.592732    -0.1653     1.7703     0.0858     -1.491     -1.491    13.7616    200.983     60.992 -9.990e-29
         66     -1.508     9.1437   1.595036    -0.1624     1.7701     0.0868     -1.495     -1.494    13.7830    200.921     60.983 -9.990e-29
         67     -1.512     9.1422   1.594169    -0.1598     1.7699     0.0881     -1.498     -1.498    13.7754    200.907     60.974 -9.990e-29
         68     -1.515     9.1403   1.591635    -0.1572     1.7698     0.0897     -1.501     -1.501    13.7523    200.930     60.969 -9.990e-29
         69     -1.516     9.1381   1.590046    -0.1548     1.7696     0.0917     -1.502     -1.502    13.7383    200.929     60.960 -9.990e-29
         70     -1.516     9.1363   1.590057    -0.1524     1.7694     0.0941     -1.502     -1.502    13.7391    200.912     60.953 -9.990e-29
         71     -1.517     9.1339   1.590694    -0.1501     1.7692     0.0969     -1.503     -1.503    13.7460    200.893     60.946 -9.990e-29
         72     -1.516     9.1310   1.590713    -0.1479     1.7690     0.1000     -1.502     -1.502    13.7473    200.887     60.941 -9.990e-29
         73     -1.515     9.1277   1.589852    -0.1457     1.7689     0.1037     -1.501     -1.501    13.7405    200.907     60.940 -9.990e-29
         74     -1.515     9.1237   1.589029    -0.1435     1.7687     0.1077     -1.501     -1.501    13.7343    200.913     60.933 -9.990e-29
         75     -1.516     9.1204   1.588472    -0.1413     1.7685     0.1122     -1.502     -1.502    13.7303    200.912     60.927 -9.990e-29
         76     -1.516     9.1170   1.588259    -0.1392     1.7684     0.1172     -1.502     -1.502    13.7296    200.926     60.926 -9.990e-29
         77     -1.516     9.1137   1.587840    -0.1375     1.7682     0.1221     -1.502     -1.502    13.7270    200.926     60.920 -9.990e-29
         78     -1.517     9.1110   1.587428    -0.1362     1.7681     0.1269     -1.503     -1.503    13.7241    200.940     60.920 -9.990e-29
         79     -1.518     9.1079   1.587219    -0.1356     1.7679     0.1313     -1.504     -1.504    13.7234    200.935     60.914 -9.990e-29
         80     -1.518     9.1048   1.587297    -0.1356     1.7678     0.1354     -1.504     -1.504    13.7253    200.939     60.911 -9.990e-29
         81     -1.518     9.1022   1.587719    -0.1362     1.7676     0.1393     -1.504     -1.504    13.7302    200.920     60.904 -9.990e-29
         82     -1.517     9.0996   1.588093    -0.1373     1.7675     0.1429     -1.503     -1.503    13.7348    200.916     60.900 -9.990e-29
         83     -1.516     9.0970   1.588725    -0.1391     1.7673     0.1464     -1.502     -1.502    13.7417    200.893     60.893 -9.990e-29
         84     -1.518     9.0942   1.589334    -0.1414     1.7672     0.1497     -1.504     -1.504    13.7485    200.887     60.890 -9.990e-29
         85     -1.518     9.0909   1.590097    -0.1445     1.7670     0.1527     -1.504     -1.504    13.7569    200.865     60.881 -9.990e-29
         86     -1.519     9.0880   1.590355    -0.1481     1.7668     0.1557     -1.505     -1.505    13.7605    200.845     60.873 -9.990e-29
         87     -1.521     9.0851   1.590415    -0.1525     1.7666     0.1585     -1.507     -1.507    13.7621    200.827     60.864 -9.990e-29
         88     -1.522     9.0827   1.590246    -0.1575     1.7663     0.1613     -1.508     -1.508    13.7615    200.789     60.849 -9.990e-29
         89     -1.523     9.0804   1.590152    -0.1633     1.7660     0.1640     -1.509     -1.509    13.7615    200.744     60.832 -9.990e-29
         90     -1.524     9.0787   1.590017    -0.1699     1.7658     0.1666     -1.510     -1.510    13.7609    200.711     60.819 -9.990e-29
         91     -1.525     9.0775   1.589647    -0.1773     1.7656     0.1693     -1.511     -1.511    13.7579    200.677     60.806 -9.990e-29
         92     -1.525     9.0766   1.589671    -0.1855     1.7654     0.1719     -1.511     -1.511    13.7584    200.637     60.793 -9.990e-29
         93     -1.526     9.0770   1.588932    -0.1947     1.7653     0.1745     -1.512     -1.512    13.7513    200.618     60.785 -9.990e-29
         94     -1.527     9.0786   1.588301    -0.2050     1.7653     0.1772     -1.513     -1.513    13.7448    200.608     60.781 -9.990e-29
         95     -1.527     9.0807   1.587899    -0.2163     1.7653     0.1798     -1.513     -1.513    13.7402    200.590     60.777 -9.990e-29
         96     -1.526     9.0829   1.587394    -0.2287     1.7652     0.1825     -1.512     -1.512    13.7346    200.557     60.768 -9.990e-29
         97     -1.525     9.0849   1.586792    -0.2424     1.7650     0.1854     -1.511     -1.511    13.7282    200.509     60.754 -9.990e-29
         98     -1.524     9.0867   1.585924    -0.2574     1.7648     0.1883     -1.510     -1.510    13.7193    200.466     60.740 -9.990e-29
         99     -1.523     9.0892   1.585012    -0.2739     1.7646     0.1914     -1.509     -1.509    13.7098    200.418     60.725 -9.990e-29
        100     -1.521     9.0915   1.583883    -0.2919     1.7645     0.1946     -1.507     -1.507    13.6983    200.390     60.715 -9.990e-29
        101     -1.519     9.0942   1.582704    -0.3113     1.7643     0.1979     -1.505     -1.505    13.6862    200.346     60.701 -9.990e-29
        102     -1.518     9.0962   1.581416    -0.3313     1.7641     0.2012     -1.504     -1.504    13.6734    200.306     60.687 -9.990e-29
        103     -1.519     9.0978   1.579271    -0.3503     1.7638     0.2044     -1.505     -1.505    13.6526    200.265     60.668 -9.990e-29
        104     -1.519     9.0989   1.576712    -0.3674     1.7635     0.2073     -1.505     -1.505    13.6282    200.230     60.650 -9.990e-29
        105     -1.517     9.0997   1.574358    -0.3824     1.7633     0.2099     -1.503     -1.503    13.6058    200.214     60.637 -9.990e-29
        106     -1.515     9.1002   1.573062    -0.3956     1.7631     0.2122     -1.501     -1.501    13.5934    200.187     60.625 -9.990e-29
        107     -1.515     9.1009   1.573064    -0.4072     1.7630     0.2143     -1.501     -1.501    13.5932    200.160     60.618 -9.990e-29
        108     -1.515     9.1009   1.574202    -0.4171     1.7628     0.2161     -1.501     -1.501    13.6038    200.105     60.605 -9.990e-29
        109     -1.515     9.1004   1.576370    -0.4255     1.7626     0.2177     -1.501     -1.501    13.6244    200.042     60.594 -9.990e-29
        110     -1.517     9.0997   1.579130    -0.4325     1.7624     0.2190     -1.503     -1.503    13.6506    199.973     60.582 -9.990e-29
        111     -1.518     9.0997   1.581788    -0.4380     1.7622     0.2202     -1.504     -1.504    13.6755    199.902     60.570 -9.990e-29
