Data/CTD_06_avg.cnv
* Sea-Bird SBE 9 Data File:
* FileName = C:\Users\ctd-user\Desktop\CTD_data\OC4920\CTD_06.hex
* Software Version Seasave V 7.26.2.13
* Temperature SN = 6313
* Conductivity SN = 4758
* Number of Bytes Per Scan = 28
* Number of Voltage Words = 3
* Number of Scans Averaged by the Deck Unit = 1
* NMEA Latitude = 57 55.90 N
* NMEA Longitude = 010 46.96 E
* NMEA UTC (Time) = May 07 2025 09:15:41
** Station: test
** Operator: Operator 1
** Ship: 7720 Skagerak
** Cruise: 7720-2025-01
** Latitude [GG MM.mm N]:
** Longitude [GG MM.mm E]:
** Pumps: PrimaryPump: 1820 # SecondaryPump:
** EventIDs: EventID: 3decf26d-821b-4112-8042-a2c98b568458 # ParentEventID:
** Additional Sampling:
** Metadata admin: MPROG: Other # PROJ: Other # ORDERER: GU # SLABO: GU # ALABO: GU # REFSK: ingen
** Metadata conditions: WADEP: 10 # WINSP: 1 # WINDIR: 02 # AIRPRES: 1000 # AIRTEMP: 1 # WEATH: 9 # CLOUD: 9 # WAVES: 9 # ICEOB: 9 # COMNT_VISIT:
** LIMS Job:
# nquan = 13
# nvalues = 330                         
# units = specified
# name 0 = scan: Scan Count
# name 1 = prDM: Pressure, Digiquartz [db]
# name 2 = t090C: Temperature [ITS-90, deg C]
# name 3 = c0S/m: Conductivity [S/m]
# name 4 = flECO-AFL: Fluorescence, WET Labs ECO-AFL/FL [mg/m^3]
# name 5 = sbeox0V: Oxygen raw, SBE 43 [V]
# name 6 = turbWETntu0: Turbidity, WET Labs ECO [NTU]
# name 7 = depSM: Depth [salt water, m]
# name 8 = depSM: Depth [salt water, m], lat = 57.9317
# name 9 = sal00: Salinity, Practical [PSU]
# name 10 = sbeox0Mm/L: Oxygen, SBE 43 [umol/l], WS = 2
# name 11 = sbeox0PS: Oxygen, SBE 43 [% saturation], WS = 2
# name 12 = flag: flag
# span 0 =       2111,      11756       
# span 1 =      0.505,    166.610       
# span 2 =     7.7868,    10.4020       
# span 3 =   3.225845,   3.669815       
# span 4 =    -0.0472,     4.0616       
# span 5 =     2.5074,     2.8236       
# span 6 =     0.1648,     0.3507       
# span 7 =      0.500,    165.000       
# span 8 =      0.500,    165.000       
# span 9 =    28.8126,    35.2697       
# span 10 =    292.714,    329.812      
# span 11 =     99.212,    113.313      
# span 12 = 0.0000e+00, 0.0000e+00      
# interval = meters: 0.5                
# start_time = May 07 2025 09:15:41 [NMEA time, header]
# bad_flag = -9.990e-29
*END*
[from data line 112]
       4674     57.036     7.8173   3.624260    -0.0143     2.5418     0.2229     56.500     56.500    35.1891    294.351     99.580 0.0000e+00
       4693     57.541     7.8133   3.624196    -0.0152     2.5415     0.2233     57.000     57.000    35.1921    294.387     99.585 0.0000e+00
       4711     58.046     7.8110   3.623672    -0.0190     2.5417     0.2243     57.500     57.500    35.1885    294.579     99.643 0.0000e+00
       4731     58.550     7.8146   3.623855    -0.0280     2.5422     0.2268     58.000     58.000    35.1867    294.676     99.682 0.0000e+00
       4759     59.055     7.8157   3.624205    -0.0273     2.5421     0.2229     58.500     58.500    35.1890    294.491     99.624 0.0000e+00
       4788     59.560     7.8153   3.624288    -0.0172     2.5423     0.2235     59.000     59.000    35.1900    294.622     99.668 0.0000e+00
       4809     60.065     7.8115   3.624177    -0.0182     2.5422     0.2278     59.500     59.500    35.1925    294.519     99.626 0.0000e+00
       4827     60.570     7.8105   3.623855    -0.0267     2.5418     0.2289     60.000     60.000    35.1898    294.419     99.588 0.0000e+00
       4848     61.075     7.8091   3.623786    -0.0313     2.5411     0.2295     60.500     60.500    35.1902    294.229     99.521 0.0000e+00
       4872     61.579     7.8103   3.623764    -0.0322     2.5400     0.2262     61.000     61.000    35.1884    294.229     99.523 0.0000e+00
       4897     62.084     7.8105   3.623976    -0.0323     2.5402     0.2260     61.500     61.500    35.1903    294.694     99.681 0.0000e+00
       4919     62.589     7.8104   3.623958    -0.0315     2.5417     0.2264     62.000     62.000    35.1900    294.921     99.758 0.0000e+00
       4941     63.094     7.8084   3.623918    -0.0271     2.5419     0.2227     62.500     62.500    35.1913    294.786     99.709 0.0000e+00
       4963     63.599     7.8063   3.623661    -0.0178     2.5421     0.2215     63.000     63.000    35.1904    294.735     99.686 0.0000e+00
       4988     64.104     7.8028   3.623411    -0.0186     2.5415     0.2214     63.500     63.500    35.1910    294.437     99.578 0.0000e+00
       5012     64.608     7.8019   3.623185    -0.0285     2.5402     0.2209     64.000     64.000    35.1892    294.296     99.527 0.0000e+00
       5035     65.113     7.8025   3.623175    -0.0294     2.5396     0.2199     64.500     64.500    35.1883    294.516     99.602 0.0000e+00
       5056     65.618     7.8021   3.623278    -0.0222     2.5401     0.2170     65.000     65.000    35.1896    294.558     99.616 0.0000e+00
       5078     66.123     7.8031   3.623286    -0.0240     2.5395     0.2186     65.500     65.500    35.1883    294.350     99.547 0.0000e+00
       5100     66.628     7.8019   3.623333    -0.0229     2.5390     0.2191     66.000     66.000    35.1898    294.470     99.586 0.0000e+00
       5124     67.133     7.8017   3.623265    -0.0166     2.5397     0.2212     66.500     66.500    35.1890    294.764     99.685 0.0000e+00
       5148     67.637     7.8005   3.623182    -0.0211     2.5394     0.2260     67.000     67.000    35.1891    294.089     99.454 0.0000e+00
       5171     68.142     7.8017   3.623241    -0.0302     2.5367     0.2235     67.500     67.500    35.1883    293.552     99.274 0.0000e+00
       5194     68.647     7.8016   3.623319    -0.0321     2.5350     0.2226     68.000     68.000    35.1889    293.837     99.371 0.0000e+00
       5215     69.152     7.8011   3.623340    -0.0323     2.5356     0.2221     68.500     68.500    35.1895    294.374     99.552 0.0000e+00
       5236     69.657     7.8010   3.623281    -0.0321     2.5366     0.2215     69.000     69.000    35.1886    294.694     99.659 0.0000e+00
       5258     70.162     7.8015   3.623296    -0.0305     2.5384     0.2223     69.500     69.500    35.1881    294.900     99.730 0.0000e+00
       5286     70.666     7.8045   3.623605    -0.0203     2.5383     0.2221     70.000     70.000    35.1881    294.012     99.436 0.0000e+00
       5313     71.171     7.8079   3.623986    -0.0149     2.5356     0.2221     70.500     70.500    35.1886    293.621     99.311 0.0000e+00
       5336     71.676     7.8104   3.624368    -0.0160     2.5345     0.2223     71.000     71.000    35.1899    293.625     99.320 0.0000e+00
       5357     72.181     7.8113   3.624624    -0.0233     2.5335     0.2231     71.500     71.500    35.1916    293.748     99.364 0.0000e+00
       5376     72.686     7.8075   3.624720    -0.0304     2.5340     0.2275     72.000     72.000    35.1962    294.228     99.521 0.0000e+00
       5395     73.191     7.7982   3.623855    -0.0320     2.5352     0.2347     72.500     72.500    35.1960    294.673     99.651 0.0000e+00
       5419     73.696     7.7953   3.623122    -0.0323     2.5374     0.2326     73.000     73.000    35.1907    295.227     99.828 0.0000e+00
       5450     74.200     7.7890   3.622908    -0.0323     2.5402     0.2258     73.500     73.500    35.1945    295.586     99.938 0.0000e+00
       5478     74.705     7.7868   3.622253    -0.0316     2.5425     0.2168     74.000     74.000    35.1894    295.967    100.058 0.0000e+00
       5499     75.210     7.7919   3.622304    -0.0282     2.5443     0.2151     74.500     74.500    35.1845    296.108    100.114 0.0000e+00
       5519     75.715     7.7942   3.623054    -0.0191     2.5453     0.2151     75.000     75.000    35.1900    295.834    100.030 0.0000e+00
       5540     76.220     7.7944   3.623117    -0.0168     2.5445     0.2181     75.500     75.500    35.1903    295.169     99.806 0.0000e+00
       5565     76.725     7.7947   3.623156    -0.0238     2.5416     0.2170     76.000     76.000    35.1901    294.695     99.647 0.0000e+00
       5589     77.230     7.7954   3.623252    -0.0228     2.5413     0.2159     76.500     76.500    35.1903    295.635     99.966 0.0000e+00
       5611     77.734     7.7959   3.623365    -0.0244     2.5433     0.2184     77.000     77.000    35.1907    295.772    100.013 0.0000e+00
       5635     78.239     7.7959   3.623411    -0.0310     2.5426     0.2184     77.500     77.500    35.1909    295.126     99.795 0.0000e+00
       5660     78.744     7.7961   3.623435    -0.0322     2.5414     0.2147     78.000     78.000    35.1907    295.103     99.788 0.0000e+00
       5687     79.249     7.7959   3.623470    -0.0324     2.5406     0.2137     78.500     78.500    35.1911    295.116     99.792 0.0000e+00
       5710     79.754     7.7961   3.623487    -0.0324     2.5409     0.2149     79.000     79.000    35.1908    295.382     99.882 0.0000e+00
       5729     80.259     7.7977   3.623561    -0.0324     2.5409     0.2161     79.500     79.500    35.1897    295.344     99.872 0.0000e+00
       5748     80.764     7.7997   3.623881    -0.0324     2.5412     0.2197     80.000     80.000    35.1910    295.363     99.884 0.0000e+00
       5771     81.269     7.8004   3.624025    -0.0324     2.5409     0.2204     80.500     80.500    35.1915    295.157     99.816 0.0000e+00
       5803     81.773     7.8003   3.624059    -0.0324     2.5401     0.2177     81.000     81.000    35.1917    295.253     99.849 0.0000e+00
       5831     82.278     7.8002   3.624099    -0.0324     2.5415     0.2210     81.500     81.500    35.1921    295.662     99.987 0.0000e+00
       5850     82.783     7.8014   3.624142    -0.0324     2.5413     0.2218     82.000     82.000    35.1911    295.135     99.811 0.0000e+00
       5868     83.288     7.8055   3.624416    -0.0322     2.5401     0.2217     82.500     82.500    35.1897    294.919     99.746 0.0000e+00
       5888     83.793     7.8100   3.625012    -0.0315     2.5397     0.2218     83.000     83.000    35.1913    295.008     99.787 0.0000e+00
       5915     84.298     7.8142   3.625600    -0.0251     2.5389     0.2231     83.500     83.500    35.1932    294.905     99.763 0.0000e+00
       5942     84.803     7.8136   3.625835    -0.0243     2.5388     0.2328     84.000     84.000    35.1960    295.167     99.852 0.0000e+00
       5966     85.308     7.8101   3.625686    -0.0311     2.5398     0.2713     84.500     84.500    35.1977    295.405     99.926 0.0000e+00
       5989     85.812     7.8084   3.625357    -0.0322     2.5399     0.2868     85.000     85.000    35.1957    295.315     99.890 0.0000e+00
       6012     86.317     7.8070   3.625180    -0.0324     2.5401     0.2419     85.500     85.500    35.1948    295.305     99.883 0.0000e+00
       6033     86.822     7.8069   3.625209    -0.0323     2.5397     0.2320     86.000     86.000    35.1950    294.896     99.745 0.0000e+00
       6054     87.327     7.8060   3.625127    -0.0320     2.5377     0.2309     86.500     86.500    35.1948    294.297     99.540 0.0000e+00
       6077     87.832     7.8062   3.625106    -0.0297     2.5352     0.2305     87.000     87.000    35.1941    294.101     99.474 0.0000e+00
       6106     88.337     7.8040   3.625038    -0.0163     2.5335     0.2285     87.500     87.500    35.1954    294.131     99.480 0.0000e+00
       6134     88.842     7.7997   3.624691    -0.0065     2.5323     0.2251     88.000     88.000    35.1958    294.218     99.500 0.0000e+00
       6155     89.347     7.7963   3.624268    -0.0204     2.5323     0.2293     88.500     88.500    35.1944    294.440     99.566 0.0000e+00
       6173     89.852     7.7954   3.624078    -0.0210     2.5325     0.2310     89.000     89.000    35.1930    294.431     99.560 0.0000e+00
       6192     90.356     7.7942   3.624000    -0.0164     2.5322     0.2335     89.500     89.500    35.1931    294.312     99.518 0.0000e+00
       6218     90.861     7.7934   3.623911    -0.0205     2.5316     0.2343     90.000     90.000    35.1927    294.232     99.488 0.0000e+00
       6250     91.366     7.7916   3.623798    -0.0231     2.5313     0.2339     90.500     90.500    35.1930    294.407     99.544 0.0000e+00
       6275     91.871     7.7917   3.623724    -0.0243     2.5318     0.2348     91.000     91.000    35.1919    294.768     99.665 0.0000e+00
       6295     92.376     7.7911   3.623760    -0.0307     2.5331     0.2347     91.500     91.500    35.1925    295.082     99.771 0.0000e+00
       6313     92.881     7.7911   3.623698    -0.0320     2.5341     0.2394     92.000     92.000    35.1917    294.977     99.734 0.0000e+00
       6333     93.386     7.7910   3.623734    -0.0321     2.5338     0.2458     92.500     92.500    35.1919    294.519     99.580 0.0000e+00
       6357     93.891     7.7921   3.623802    -0.0302     2.5322     0.2472     93.000     93.000    35.1912    294.229     99.484 0.0000e+00
       6386     94.396     7.7924   3.623913    -0.0195     2.5312     0.2359     93.500     93.500    35.1919    294.212     99.479 0.0000e+00
       6414     94.901     7.7948   3.624011    -0.0179     2.5299     0.2314     94.000     94.000    35.1903    293.924     99.386 0.0000e+00
       6437     95.405     7.7994   3.624578    -0.0272     2.5289     0.2355     94.500     94.500    35.1916    294.015     99.428 0.0000e+00
       6458     95.910     7.8084   3.624968    -0.0299     2.5290     0.2365     95.000     95.000    35.1864    294.198     99.507 0.0000e+00
       6479     96.415     7.8170   3.626676    -0.0243     2.5296     0.2341     95.500     95.500    35.1960    294.486     99.629 0.0000e+00
       6500     96.920     7.8215   3.626981    -0.0234     2.5312     0.2344     96.000     96.000    35.1945    294.922     99.786 0.0000e+00
       6522     97.425     7.8268   3.627870    -0.0304     2.5333     0.2373     96.500     96.500    35.1984    295.103     99.862 0.0000e+00
       6546     97.930     7.8298   3.628237    -0.0321     2.5343     0.2379     97.000     97.000    35.1992    294.922     99.808 0.0000e+00
       6573     98.435     7.8311   3.628493    -0.0324     2.5342     0.2377     97.500     97.500    35.2003    294.613     99.707 0.0000e+00
       6602     98.940     7.8313   3.628579    -0.0324     2.5333     0.2350     98.000     98.000    35.2009    294.215     99.573 0.0000e+00
       6626     99.445     7.8321   3.628688    -0.0324     2.5311     0.2311     98.500     98.500    35.2009    293.858     99.454 0.0000e+00
       6645     99.950     7.8315   3.628737    -0.0324     2.5304     0.2325     99.000     99.000    35.2019    294.214     99.574 0.0000e+00
       6664    100.455     7.8322   3.628737    -0.0324     2.5307     0.2377     99.500     99.500    35.2009    294.532     99.682 0.0000e+00
       6685    100.960     7.8322   3.628803    -0.0324     2.5318     0.2431    100.000    100.000    35.2014    294.963     99.829 0.0000e+00
       6711    101.464     7.8322   3.628807    -0.0324     2.5342     0.2417    100.500    100.500    35.2012    295.430     99.987 0.0000e+00
       6739    101.969     7.8320   3.628830    -0.0324     2.5355     0.2383    101.000    101.000    35.2013    295.044     99.856 0.0000e+00
       6763    102.474     7.8366   3.628934    -0.0324     2.5348     0.2378    101.500    101.500    35.1976    294.814     99.786 0.0000e+00
       6783    102.979     7.8428   3.629855    -0.0324     2.5347     0.2376    102.000    102.000    35.2010    294.697     99.762 0.0000e+00
       6803    103.484     7.8441   3.630221    -0.0324     2.5334     0.2380    102.500    102.500    35.2034    294.281     99.626 0.0000e+00
       6827    103.989     7.8451   3.630356    -0.0324     2.5319     0.2414    103.000    103.000    35.2036    293.986     99.528 0.0000e+00
       6856    104.494     7.8453   3.630433    -0.0324     2.5293     0.2428    103.500    103.500    35.2040    293.764     99.454 0.0000e+00
       6882    104.999     7.8456   3.630512    -0.0324     2.5288     0.2365    104.000    104.000    35.2043    294.090     99.565 0.0000e+00
       6902    105.504     7.8458   3.630568    -0.0324     2.5289     0.2358    104.500    104.500    35.2044    294.194     99.601 0.0000e+00
       6922    106.009     7.8459   3.630607    -0.0327     2.5290     0.2438    105.000    105.000    35.2045    294.049     99.552 0.0000e+00
       6942    106.514     7.8461   3.630651    -0.0338     2.5284     0.2472    105.500    105.500    35.2046    294.043     99.551 0.0000e+00
       6965    107.019     7.8463   3.630687    -0.0404     2.5284     0.2477    106.000    106.000    35.2045    293.963     99.524 0.0000e+00
       6993    107.524     7.8464   3.630715    -0.0455     2.5272     0.2422    106.500    106.500    35.2045    293.684     99.430 0.0000e+00
       7020    108.028     7.8463   3.630747    -0.0382     2.5265     0.2384    107.000    107.000    35.2046    293.777     99.461 0.0000e+00
       7041    108.533     7.8463   3.630762    -0.0345     2.5263     0.2391    107.500    107.500    35.2046    293.890     99.499 0.0000e+00
       7063    109.038     7.8462   3.630781    -0.0392     2.5267     0.2431    108.000    108.000    35.2047    294.143     99.585 0.0000e+00
       7087    109.543     7.8459   3.630771    -0.0407     2.5274     0.2439    108.500    108.500    35.2046    294.195     99.601 0.0000e+00
       7112    110.048     7.8453   3.630745    -0.0338     2.5279     0.2422    109.000    109.000    35.2046    294.433     99.681 0.0000e+00
       7133    110.553     7.8445   3.630714    -0.0332     2.5289     0.2436    109.500    109.500    35.2049    294.317     99.640 0.0000e+00
       7152    111.058     7.8429   3.630603    -0.0352     2.5279     0.2410    110.000    110.000    35.2050    293.953     99.513 0.0000e+00
       7174    111.563     7.8411   3.630417    -0.0424     2.5272     0.2448    110.500    110.500    35.2046    293.934     99.502 0.0000e+00
       7202    112.068     7.8397   3.630276    -0.0365     2.5267     0.2411    111.000    111.000    35.2043    294.028     99.531 0.0000e+00
