Data/CTD_16_avg.cnv
* Sea-Bird SBE 9 Data File:
* FileName = C:\Users\ctd-user\Desktop\CTD_data\OC4920\CTD_16.hex
* Software Version Seasave V 7.26.2.13
* Temperature SN = 6313
* Conductivity SN = 4758
* Number of Bytes Per Scan = 28
* Number of Voltage Words = 3
* Number of Scans Averaged by the Deck Unit = 1
* NMEA Latitude = 57 45.68 N
* NMEA Longitude = 010 46.07 E
* NMEA UTC (Time) = May 07 2025 13:17:45
** Station: test
** Operator: Operator 1
** Ship: 7720 Skagerak
** Cruise: 7720-2025-01
** Latitude [GG MM.mm N]:
** Longitude [GG MM.mm E]:
** Pumps: PrimaryPump: 1820 # SecondaryPump:
** EventIDs: EventID: 3decf26d-821b-4112-8042-a2c98b568458 # ParentEventID:
** Additional Sampling:
** Metadata admin: MPROG: Other # PROJ: Other # ORDERER: GU # SLABO: GU # ALABO: GU # REFSK: ingen
** Metadata conditions: WADEP: 10 # WINSP: 1 # WINDIR: 02 # AIRPRES: 1000 # AIRTEMP: 1 # WEATH: 9 # CLOUD: 9 # WAVES: 9 # ICEOB: 9 # COMNT_VISIT:
** LIMS Job:
# nquan = 13
# nvalues = 67                          
# units = specified
# name 0 = scan: Scan Count
# name 1 = prDM: Pressure, Digiquartz [db]
# name 2 = t090C: Temperature [ITS-90, deg C]
# name 3 = c0S/m: Conductivity [S/m]
# name 4 = flECO-AFL: Fluorescence, WET Labs ECO-AFL/FL [mg/m^3]
# name 5 = sbeox0V: Oxygen raw, SBE 43 [V]
# name 6 = turbWETntu0: Turbidity, WET Labs ECO [NTU]
# name 7 = depSM: Depth [salt water, m]
# name 8 = depSM: Depth [salt water, m], lat = 57.7613
# name 9 = sal00: Salinity, Practical [PSU]
# name 10 = sbeox0Mm/L: Oxygen, SBE 43 [umol/l], WS = 2
# name 11 = sbeox0PS: Oxygen, SBE 43 [% saturation], WS = 2
# name 12 = flag: flag
# span 0 =       2350,       6145       
# span 1 =      0.505,     33.816       
# span 2 =     7.7640,    10.9019       
# span 3 =   3.353205,   3.614204       
# span 4 =     0.1038,     4.4512       
# span 5 =     2.0765,     2.5269       
# span 6 =     0.2227,     0.5197       
# span 7 =      0.500,     33.500       
# span 8 =      0.500,     33.500       
# span 9 =    29.6656,    35.0262       
# span 10 =    221.389,    289.814      
# span 11 =     75.523,     99.219      
# span 12 = 0.0000e+00, 0.0000e+00      
# interval = meters: 0.5                
# start_time = May 07 2025 13:17:45 [NMEA time, header]
# bad_flag = -9.990e-29
*END*
       2350      0.505    10.9019   3.356422     0.4745     2.4797     0.2326      0.500      0.500    29.6656    283.912     99.219 0.0000e+00
       2377      1.009    10.7605   3.354963     0.4948     2.5164     0.2228      1.000      1.000    29.7659    283.118     98.702 0.0000e+00
       2400      1.514    10.5225   3.353205     0.5006     2.5247     0.2227      1.500      1.500    29.9427    282.546     98.105 0.0000e+00
       2419      2.019    10.4645   3.353206     0.5424     2.5269     0.2269      2.000      2.000    29.9902    281.238     97.558 0.0000e+00
       2440      2.523    10.4114   3.356011     0.7301     2.5187     0.2296      2.500      2.500    30.0616    276.862     95.973 0.0000e+00
       2468      3.028    10.3474   3.369276     1.1428     2.4860     0.2300      3.000      3.000    30.2463    268.385     93.014 0.0000e+00
       2496      3.533    10.2758   3.376790     1.6614     2.4416     0.2300      3.500      3.500    30.3806    260.872     90.347 0.0000e+00
       2517      4.037    10.1983   3.379815     1.9673     2.4046     0.2303      4.000      4.000    30.4756    255.297     88.320 0.0000e+00
       2539      4.542    10.1393   3.381766     2.2686     2.3649     0.2337      4.500      4.500    30.5446    250.081     86.443 0.0000e+00
       2573      5.047    10.0368   3.381330     2.7313     2.3072     0.2378      5.000      5.000    30.6266    243.342     83.970 0.0000e+00
       2638      5.551     9.6591   3.385918     3.5278     2.2080     0.2490      5.500      5.500    30.9954    232.173     79.640 0.0000e+00
       2656      6.056     9.6313   3.379153     4.0135     2.1841     0.2667      6.000      6.000    30.9505    229.741     78.736 0.0000e+00
       2678      6.561     9.7475   3.379332     4.4512     2.1575     0.2802      6.500      6.500    30.8524    226.274     77.697 0.0000e+00
       2701      7.066     9.0359   3.377142     3.7540     2.1323     0.2945      7.000      7.000    31.4501    226.347     76.803 0.0000e+00
       2725      7.570     8.7310   3.376068     2.6098     2.1098     0.3186      7.500      7.500    31.7088    225.677     76.185 0.0000e+00
       2748      8.075     8.9593   3.375445     1.6340     2.0938     0.3411      8.000      8.000    31.4987    224.102     75.936 0.0000e+00
       2770      8.579     9.1190   3.373014     1.1444     2.0842     0.3635      8.500      8.500    31.3326    223.155     75.803 0.0000e+00
       2791      9.084     9.3909   3.369419     1.0283     2.0765     0.3844      9.000      9.000    31.0588    221.389     75.523 0.0000e+00
       3529      9.589     8.4752   3.550274     0.9084     2.0918     0.3592      9.500      9.500    33.7644    229.934     78.240 0.0000e+00
       4926     10.094     8.6458   3.579275     0.8429     2.4680     0.3733     10.001     10.000    33.9159    280.250     95.789 0.0000e+00
       4961     10.598     8.6260   3.608713     0.7502     2.4756     0.3601     10.500     10.500    34.2453    280.231     95.944 0.0000e+00
       4982     11.103     8.6136   3.613437     0.6381     2.4768     0.3429     11.000     11.000    34.3069    279.673     95.765 0.0000e+00
       5003     11.608     8.6052   3.613948     0.5069     2.4764     0.3402     11.500     11.500    34.3203    279.430     95.672 0.0000e+00
       5025     12.112     8.5955   3.614090     0.4456     2.4757     0.3451     12.000     12.000    34.3310    279.101     95.546 0.0000e+00
       5047     12.617     8.5812   3.614204     0.3839     2.4735     0.3536     12.500     12.500    34.3458    278.925     95.464 0.0000e+00
       5071     13.122     8.5293   3.613679     0.3671     2.4732     0.3723     13.000     13.000    34.3906    279.748     95.663 0.0000e+00
       5094     13.626     8.4291   3.611345     0.3629     2.4748     0.3871     13.500     13.500    34.4635    280.853     95.872 0.0000e+00
       5115     14.131     8.4002   3.609961     0.3603     2.4765     0.3959     14.000     14.000    34.4769    281.037     95.881 0.0000e+00
       5137     14.636     8.3837   3.609387     0.3589     2.4767     0.4036     14.500     14.500    34.4867    281.190     95.904 0.0000e+00
       5160     15.141     8.3575   3.608974     0.2985     2.4787     0.3892     15.000     15.000    34.5078    282.118     96.178 0.0000e+00
       5185     15.645     8.2698   3.607020     0.2788     2.4821     0.3630     15.500     15.500    34.5730    282.956     96.315 0.0000e+00
       5210     16.150     8.1924   3.603562     0.2367     2.4830     0.3424     16.000     16.000    34.6121    282.715     96.091 0.0000e+00
       5233     16.655     8.1266   3.600821     0.2062     2.4815     0.3397     16.500     16.500    34.6475    282.708     95.969 0.0000e+00
       5255     17.159     8.0264   3.598264     0.2000     2.4799     0.3461     17.000     17.000    34.7192    282.525     95.736 0.0000e+00
       5275     17.664     7.9774   3.595577     0.1678     2.4758     0.3567     17.500     17.500    34.7388    282.019     95.472 0.0000e+00
       5297     18.169     7.9784   3.595838     0.1409     2.4728     0.3662     18.000     18.000    34.7403    282.433     95.615 0.0000e+00
       5320     18.674     7.9923   3.597956     0.1366     2.4741     0.3752     18.500     18.500    34.7490    283.851     96.130 0.0000e+00
       5344     19.178     8.0221   3.602429     0.1413     2.4799     0.3858     19.000     19.000    34.7672    285.391     96.728 0.0000e+00
       5368     19.683     8.0145   3.606294     0.1686     2.4876     0.3935     19.500     19.500    34.8161    286.912     97.258 0.0000e+00
       5391     20.188     8.0019   3.606967     0.2103     2.4965     0.3912     20.000     20.000    34.8357    288.375     97.739 0.0000e+00
       5415     20.692     7.9944   3.607458     0.1999     2.5048     0.3841     20.500     20.500    34.8481    288.872     97.898 0.0000e+00
       5437     21.197     7.9851   3.607711     0.1661     2.5088     0.3851     21.000     21.000    34.8599    289.058     97.949 0.0000e+00
       5459     21.702     7.9802   3.607661     0.1526     2.5135     0.3846     21.500     21.500    34.8639    289.799     98.192 0.0000e+00
       5481     22.207     7.9754   3.607819     0.1445     2.5172     0.3881     22.000     22.000    34.8702    289.814     98.190 0.0000e+00
       5505     22.711     7.9684   3.607534     0.1493     2.5188     0.3955     22.500     22.500    34.8739    289.710     98.142 0.0000e+00
       5528     23.216     7.9712   3.607718     0.1706     2.5199     0.3948     23.000     23.000    34.8729    289.603     98.111 0.0000e+00
       5551     23.721     7.9618   3.607913     0.1831     2.5191     0.3910     23.500     23.500    34.8841    288.777     97.818 0.0000e+00
       5573     24.225     7.9440   3.606770     0.1693     2.5157     0.3892     24.000     24.000    34.8892    288.030     97.529 0.0000e+00
       5596     24.730     7.9306   3.605623     0.1476     2.5120     0.3849     24.500     24.500    34.8901    287.492     97.318 0.0000e+00
       5619     25.235     7.9122   3.604470     0.1540     2.5074     0.3982     25.000     25.000    34.8958    286.879     97.074 0.0000e+00
       5644     25.740     7.8879   3.603385     0.1595     2.5032     0.4284     25.500     25.500    34.9081    286.746     96.984 0.0000e+00
       5667     26.244     7.8586   3.601963     0.1384     2.5004     0.4083     26.000     26.000    34.9219    286.751     96.930 0.0000e+00
       5689     26.749     7.8344   3.600994     0.1208     2.4977     0.4034     26.500     26.500    34.9354    286.420     96.774 0.0000e+00
       5712     27.254     7.8167   3.600766     0.1129     2.4947     0.4039     27.000     27.000    34.9505    286.254     96.689 0.0000e+00
       5737     27.759     7.8050   3.600628     0.1038     2.4923     0.4056     27.500     27.500    34.9605    285.791     96.513 0.0000e+00
       5760     28.263     7.7825   3.600756     0.1135     2.4879     0.4149     28.000     28.000    34.9842    284.741     96.125 0.0000e+00
       5781     28.768     7.7686   3.601942     0.1283     2.4832     0.4296     28.500     28.500    35.0108    284.343     95.977 0.0000e+00
       5802     29.273     7.7645   3.602627     0.1340     2.4800     0.4516     29.000     29.000    35.0220    284.035     95.871 0.0000e+00
       5824     29.777     7.7640   3.602831     0.1318     2.4760     0.4807     29.500     29.500    35.0245    283.662     95.746 0.0000e+00
       5848     30.282     7.7641   3.602879     0.1321     2.4739     0.4931     30.000     30.000    35.0247    284.115     95.899 0.0000e+00
       5873     30.787     7.7642   3.602919     0.1270     2.4740     0.5002     30.500     30.500    35.0248    284.361     95.982 0.0000e+00
       5897     31.292     7.7642   3.602959     0.1199     2.4740     0.5139     31.000     31.000    35.0249    284.477     96.021 0.0000e+00
       5921     31.796     7.7644   3.603029     0.1244     2.4744     0.5186     31.500     31.500    35.0253    284.427     96.005 0.0000e+00
       5944     32.301     7.7642   3.603048     0.1185     2.4740     0.5197     32.000     32.000    35.0253    284.564     96.051 0.0000e+00
       5965     32.806     7.7641   3.603116     0.1148     2.4754     0.5085     32.500     32.500    35.0260    284.892     96.162 0.0000e+00
       5986     33.311     7.7642   3.603141     0.1144     2.4754     0.5050     33.000     33.000    35.0259    284.521     96.037 0.0000e+00
       6145     33.816     7.7648   3.603172     0.1174     2.4728     0.4632     33.500     33.500    35.0262    284.095     95.895 0.0000e+00
