Data/CTD_16.cnv
* Sea-Bird SBE 9 Data File:
* FileName = C:\Users\ctd-user\Desktop\CTD_data\OC4920\CTD_16.hex
* Software Version Seasave V 7.26.2.13
* Temperature SN = 6313
* Conductivity SN = 4758
* Number of Bytes Per Scan = 28
* Number of Voltage Words = 3
* Number of Scans Averaged by the Deck Unit = 1
* NMEA Latitude = 57 45.68 N
* NMEA Longitude = 010 46.07 E
* NMEA UTC (Time) = May 07 2025 13:17:45
** Station: test
** Operator: Operator 1
** Ship: 7720 Skagerak
** Cruise: 7720-2025-01
** Latitude [GG MM.mm N]:
** Longitude [GG MM.mm E]:
** Pumps: PrimaryPump: 1820 # SecondaryPump:
** EventIDs: EventID: 3decf26d-821b-4112-8042-a2c98b568458 # ParentEventID:
** Additional Sampling:
** Metadata admin: MPROG: Other # PROJ: Other # ORDERER: GU # SLABO: GU # ALABO: GU # REFSK: ingen
** Metadata conditions: WADEP: 10 # WINSP: 1 # WINDIR: 02 # AIRPRES: 1000 # AIRTEMP: 1 # WEATH: 9 # CLOUD: 9 # WAVES: 9 # ICEOB: 9 # COMNT_VISIT:
** LIMS Job:
# nquan = 13                                
# nvalues = 6316                        
# units = specified
# name 0 = scan: Scan Count
# name 1 = prDM: Pressure, Digiquartz [db]
# name 2 = t090C: Temperature [ITS-90, deg C]
# name 3 = c0S/m: Conductivity [S/m]
# name 4 = flECO-AFL: Fluorescence, WET Labs ECO-AFL/FL [mg/m^3]
# name 5 = sbeox0V: Oxygen raw, SBE 43 [V]
# name 6 = turbWETntu0: Turbidity, WET Labs ECO [NTU]
# name 7 = depSM: Depth [salt water, m]
# name 8 = depSM: Depth [salt water, m], lat = 57.7613
# name 9 = sal00: Salinity, Practical [PSU]
# name 10 = sbeox0Mm/L: Oxygen, SBE 43 [umol/l], WS = 2
# name 11 = sbeox0PS: Oxygen, SBE 43 [% saturation], WS = 2
# name 12 = flag: flag
# span 0 =          1,       6316       
# span 1 =     -1.563,     33.953       
# span 2 =     7.7638,    11.0556       
# span 3 =   0.102048,   3.614273       
# span 4 =    -0.1113,     5.1594       
# span 5 =     1.6810,     2.7425       
# span 6 =    -0.0444,     2.0473       
# span 7 =     -1.548,     33.637       
# span 8 =     -1.549,     33.636       
# span 9 =     0.7141,    35.0279       
# span 10 =    188.408,    315.286      
# span 11 =     56.994,    108.447      
# span 12 = 0.0000e+00, 0.0000e+00      
# interval = seconds: 0.0416667
# start_time = May 07 2025 13:17:45 [NMEA time, header]
# bad_flag = -9.990e-29
*END*
[from data line 5667]
       5668     26.281     7.8540   3.601955     0.1366     2.5004     0.4057     26.035     26.036    34.9264    286.814     96.944 0.0000e+00
       5669     26.303     7.8530   3.601912     0.1358     2.5002     0.4052     26.057     26.058    34.9269    286.783     96.932 0.0000e+00
       5670     26.325     7.8523   3.601900     0.1349     2.5001     0.4047     26.079     26.080    34.9275    286.764     96.924 0.0000e+00
       5671     26.348     7.8511   3.601822     0.1341     2.5000     0.4043     26.102     26.103    34.9278    286.748     96.916 0.0000e+00
       5672     26.370     7.8506   3.601704     0.1332     2.5000     0.4039     26.125     26.124    34.9271    286.743     96.913 0.0000e+00
       5673     26.393     7.8497   3.601674     0.1324     2.5000     0.4036     26.147     26.147    34.9276    286.738     96.910 0.0000e+00
       5674     26.416     7.8492   3.601628     0.1316     2.4999     0.4033     26.170     26.170    34.9276    286.719     96.902 0.0000e+00
       5675     26.438     7.8485   3.601516     0.1307     2.4997     0.4031     26.192     26.192    34.9271    286.690     96.891 0.0000e+00
       5676     26.461     7.8481   3.601433     0.1299     2.4995     0.4030     26.214     26.215    34.9266    286.659     96.879 0.0000e+00
       5677     26.485     7.8475   3.601351     0.1290     2.4993     0.4029     26.238     26.238    34.9263    286.629     96.867 0.0000e+00
       5678     26.508     7.8471   3.601299     0.1281     2.4991     0.4029     26.261     26.261    34.9261    286.597     96.855 0.0000e+00
       5679     26.533     7.8456   3.601195     0.1272     2.4989     0.4029     26.285     26.286    34.9265    286.572     96.844 0.0000e+00
       5680     26.558     7.8444   3.601135     0.1263     2.4989     0.4029     26.310     26.311    34.9270    286.574     96.842 0.0000e+00
       5681     26.582     7.8432   3.601109     0.1253     2.4988     0.4029     26.334     26.334    34.9279    286.560     96.836 0.0000e+00
       5682     26.604     7.8422   3.601073     0.1244     2.4988     0.4029     26.356     26.356    34.9285    286.560     96.834 0.0000e+00
       5683     26.627     7.8418   3.600991     0.1235     2.4988     0.4030     26.378     26.379    34.9281    286.557     96.831 0.0000e+00
       5684     26.649     7.8410   3.600943     0.1227     2.4988     0.4031     26.400     26.401    34.9283    286.555     96.829 0.0000e+00
       5685     26.671     7.8405   3.600939     0.1220     2.4987     0.4031     26.422     26.423    34.9288    286.536     96.822 0.0000e+00
       5686     26.694     7.8392   3.600955     0.1214     2.4985     0.4032     26.445     26.445    34.9302    286.506     96.810 0.0000e+00
       5687     26.716     7.8368   3.600967     0.1207     2.4982     0.4033     26.467     26.467    34.9328    286.469     96.794 0.0000e+00
       5688     26.739     7.8345   3.600956     0.1202     2.4980     0.4033     26.489     26.490    34.9349    286.446     96.782 0.0000e+00
       5689     26.759     7.8324   3.600951     0.1197     2.4977     0.4034     26.510     26.510    34.9370    286.408     96.767 0.0000e+00
       5690     26.780     7.8304   3.600947     0.1192     2.4975     0.4034     26.530     26.531    34.9389    286.386     96.756 0.0000e+00
       5691     26.801     7.8292   3.600922     0.1187     2.4973     0.4034     26.551     26.551    34.9398    286.362     96.746 0.0000e+00
       5692     26.824     7.8287   3.600894     0.1183     2.4971     0.4035     26.573     26.574    34.9400    286.335     96.736 0.0000e+00
       5693     26.846     7.8278   3.600930     0.1179     2.4969     0.4035     26.596     26.596    34.9413    286.311     96.726 0.0000e+00
       5694     26.868     7.8269   3.600930     0.1175     2.4967     0.4036     26.618     26.618    34.9422    286.288     96.717 0.0000e+00
       5695     26.891     7.8261   3.600965     0.1172     2.4965     0.4037     26.640     26.641    34.9434    286.265     96.708 0.0000e+00
       5696     26.914     7.8257   3.600913     0.1169     2.4963     0.4037     26.663     26.663    34.9432    286.244     96.700 0.0000e+00
       5697     26.936     7.8251   3.600890     0.1166     2.4962     0.4038     26.685     26.685    34.9435    286.242     96.698 0.0000e+00
       5698     26.957     7.8247   3.600862     0.1163     2.4961     0.4038     26.706     26.706    34.9436    286.243     96.698 0.0000e+00
       5699     26.979     7.8245   3.600858     0.1160     2.4961     0.4038     26.727     26.728    34.9438    286.258     96.703 0.0000e+00
       5700     26.999     7.8239   3.600835     0.1158     2.4960     0.4037     26.747     26.748    34.9441    286.260     96.702 0.0000e+00
       5701     27.020     7.8227   3.600852     0.1155     2.4959     0.4038     26.768     26.768    34.9455    286.261     96.701 0.0000e+00
       5702     27.041     7.8210   3.600903     0.1153     2.4958     0.4038     26.789     26.789    34.9477    286.266     96.700 0.0000e+00
       5703     27.064     7.8197   3.600865     0.1151     2.4957     0.4038     26.811     26.812    34.9486    286.269     96.699 0.0000e+00
       5704     27.085     7.8191   3.600831     0.1148     2.4957     0.4038     26.832     26.833    34.9489    286.281     96.702 0.0000e+00
       5705     27.105     7.8184   3.600826     0.1146     2.4956     0.4038     26.852     26.853    34.9495    286.281     96.701 0.0000e+00
       5706     27.126     7.8186   3.600806     0.1144     2.4955     0.4038     26.873     26.873    34.9491    286.278     96.700 0.0000e+00
       5707     27.146     7.8182   3.600771     0.1142     2.4954     0.4038     26.893     26.893    34.9491    286.281     96.700 0.0000e+00
       5708     27.167     7.8178   3.600797     0.1140     2.4953     0.4038     26.913     26.914    34.9497    286.285     96.701 0.0000e+00
       5709     27.188     7.8176   3.600829     0.1138     2.4951     0.4038     26.934     26.935    34.9503    286.275     96.697 0.0000e+00
       5710     27.209     7.8174   3.600784     0.1136     2.4950     0.4039     26.955     26.956    34.9500    286.280     96.699 0.0000e+00
       5711     27.229     7.8173   3.600774     0.1134     2.4948     0.4039     26.975     26.975    34.9500    286.268     96.694 0.0000e+00
       5712     27.248     7.8171   3.600777     0.1132     2.4947     0.4039     26.994     26.994    34.9502    286.269     96.694 0.0000e+00
       5713     27.268     7.8173   3.600728     0.1129     2.4945     0.4039     27.014     27.014    34.9495    286.253     96.689 0.0000e+00
       5714     27.289     7.8173   3.600766     0.1127     2.4944     0.4039     27.035     27.035    34.9499    286.248     96.687 0.0000e+00
       5715     27.310     7.8166   3.600784     0.1125     2.4943     0.4039     27.056     27.056    34.9507    286.247     96.686 0.0000e+00
       5716     27.330     7.8161   3.600768     0.1122     2.4941     0.4039     27.075     27.075    34.9511    286.230     96.679 0.0000e+00
       5717     27.350     7.8148   3.600724     0.1119     2.4940     0.4039     27.095     27.095    34.9519    286.228     96.677 0.0000e+00
       5718     27.370     7.8144   3.600696     0.1117     2.4940     0.4039     27.115     27.115    34.9520    286.235     96.678 0.0000e+00
       5719     27.391     7.8136   3.600666     0.1114     2.4939     0.4039     27.136     27.136    34.9524    286.228     96.674 0.0000e+00
       5720     27.411     7.8127   3.600607     0.1110     2.4939     0.4039     27.156     27.156    34.9527    286.235     96.675 0.0000e+00
       5721     27.431     7.8124   3.600668     0.1107     2.4939     0.4039     27.176     27.176    34.9536    286.234     96.675 0.0000e+00
       5722     27.452     7.8123   3.600694     0.1103     2.4939     0.4039     27.196     27.196    34.9540    286.232     96.674 0.0000e+00
       5723     27.473     7.8123   3.600727     0.1100     2.4938     0.4040     27.217     27.217    34.9544    286.213     96.668 0.0000e+00
       5724     27.492     7.8121   3.600706     0.1095     2.4937     0.4040     27.236     27.236    34.9543    286.196     96.661 0.0000e+00
       5725     27.512     7.8123   3.600679     0.1091     2.4935     0.4041     27.255     27.256    34.9538    286.160     96.649 0.0000e+00
       5726     27.531     7.8118   3.600645     0.1086     2.4935     0.4041     27.275     27.275    34.9539    286.154     96.646 0.0000e+00
       5727     27.552     7.8118   3.600666     0.1081     2.4934     0.4042     27.295     27.295    34.9542    286.128     96.638 0.0000e+00
       5728     27.572     7.8108   3.600648     0.1075     2.4933     0.4043     27.315     27.315    34.9550    286.105     96.628 0.0000e+00
       5729     27.594     7.8097   3.600640     0.1069     2.4932     0.4044     27.336     27.337    34.9560    286.082     96.619 0.0000e+00
       5730     27.615     7.8090   3.600671     0.1063     2.4931     0.4045     27.358     27.358    34.9570    286.053     96.608 0.0000e+00
       5731     27.635     7.8087   3.600702     0.1055     2.4931     0.4046     27.378     27.378    34.9576    286.036     96.602 0.0000e+00
       5732     27.657     7.8079   3.600655     0.1048     2.4929     0.4046     27.399     27.399    34.9579    285.996     96.587 0.0000e+00
       5733     27.680     7.8071   3.600619     0.1041     2.4928     0.4047     27.422     27.422    34.9583    285.969     96.576 0.0000e+00
       5734     27.701     7.8064   3.600631     0.1035     2.4926     0.4049     27.443     27.443    34.9591    285.922     96.560 0.0000e+00
       5735     27.722     7.8057   3.600619     0.1029     2.4925     0.4050     27.463     27.464    34.9597    285.888     96.547 0.0000e+00
       5736     27.743     7.8050   3.600614     0.1025     2.4924     0.4052     27.484     27.485    34.9603    285.852     96.534 0.0000e+00
       5737     27.764     7.8039   3.600630     0.1022     2.4923     0.4053     27.506     27.505    34.9616    285.816     96.520 0.0000e+00
       5738     27.784     7.8035   3.600650     0.1019     2.4922     0.4055     27.526     27.525    34.9622    285.773     96.505 0.0000e+00
       5739     27.804     7.8031   3.600645     0.1017     2.4922     0.4057     27.545     27.545    34.9625    285.742     96.494 0.0000e+00
       5740     27.823     7.8029   3.600600     0.1016     2.4921     0.4059     27.564     27.564    34.9622    285.696     96.478 0.0000e+00
       5741     27.844     7.8028   3.600561     0.1016     2.4919     0.4061     27.584     27.585    34.9619    285.633     96.456 0.0000e+00
       5742     27.864     7.8026   3.600581     0.1017     2.4918     0.4064     27.604     27.604    34.9623    285.584     96.439 0.0000e+00
       5743     27.885     7.8023   3.600594     0.1018     2.4917     0.4066     27.625     27.625    34.9628    285.538     96.423 0.0000e+00
       5744     27.908     7.8019   3.600637     0.1020     2.4916     0.4069     27.648     27.648    34.9636    285.492     96.407 0.0000e+00
       5745     27.930     7.8008   3.600660     0.1022     2.4915     0.4072     27.670     27.670    34.9649    285.452     96.392 0.0000e+00
       5746     27.953     7.7990   3.600608     0.1024     2.4913     0.4075     27.692     27.693    34.9662    285.405     96.373 0.0000e+00
       5747     27.974     7.7981   3.600608     0.1027     2.4911     0.4079     27.714     27.713    34.9671    285.353     96.354 0.0000e+00
       5748     27.996     7.7969   3.600565     0.1031     2.4909     0.4082     27.735     27.735    34.9678    285.303     96.335 0.0000e+00
       5749     28.019     7.7965   3.600555     0.1035     2.4906     0.4085     27.758     27.758    34.9681    285.233     96.311 0.0000e+00
       5750     28.041     7.7955   3.600554     0.1040     2.4904     0.4089     27.780     27.780    34.9691    285.179     96.291 0.0000e+00
       5751     28.064     7.7941   3.600600     0.1046     2.4901     0.4093     27.802     27.803    34.9710    285.112     96.267 0.0000e+00
       5752     28.087     7.7921   3.600612     0.1053     2.4898     0.4098     27.825     27.825    34.9731    285.051     96.243 0.0000e+00
       5753     28.109     7.7901   3.600585     0.1060     2.4895     0.4103     27.848     27.847    34.9748    284.992     96.220 0.0000e+00
       5754     28.133     7.7879   3.600645     0.1069     2.4892     0.4109     27.871     27.871    34.9776    284.936     96.198 0.0000e+00
       5755     28.156     7.7870   3.600567     0.1079     2.4890     0.4116     27.894     27.894    34.9777    284.892     96.181 0.0000e+00
       5756     28.179     7.7863   3.600514     0.1092     2.4889     0.4123     27.916     27.917    34.9778    284.864     96.170 0.0000e+00
       5757     28.202     7.7857   3.600580     0.1106     2.4887     0.4130     27.939     27.939    34.9791    284.819     96.155 0.0000e+00
       5758     28.225     7.7854   3.600605     0.1120     2.4884     0.4138     27.962     27.962    34.9797    284.763     96.135 0.0000e+00
       5759     28.247     7.7847   3.600624     0.1134     2.4881     0.4145     27.984     27.984    34.9806    284.708     96.116 0.0000e+00
       5760     28.270     7.7839   3.600642     0.1147     2.4879     0.4153     28.006     28.007    34.9816    284.672     96.103 0.0000e+00
       5761     28.292     7.7823   3.600663     0.1159     2.4876     0.4160     28.028     28.028    34.9834    284.630     96.086 0.0000e+00
       5762     28.314     7.7803   3.600682     0.1170     2.4873     0.4166     28.050     28.050    34.9856    284.592     96.071 0.0000e+00
       5763     28.337     7.7773   3.600704     0.1179     2.4870     0.4173     28.072     28.073    34.9888    284.564     96.056 0.0000e+00
       5764     28.360     7.7750   3.600853     0.1188     2.4867     0.4179     28.096     28.096    34.9927    284.534     96.044 0.0000e+00
       5765     28.386     7.7735   3.600975     0.1195     2.4865     0.4185     28.121     28.122    34.9955    284.519     96.037 0.0000e+00
       5766     28.411     7.7728   3.601018     0.1202     2.4863     0.4191     28.145     28.146    34.9967    284.504     96.031 0.0000e+00
       5767     28.435     7.7724   3.601102     0.1209     2.4861     0.4197     28.169     28.170    34.9980    284.489     96.026 0.0000e+00
       5768     28.459     7.7721   3.601152     0.1216     2.4859     0.4202     28.194     28.194    34.9988    284.477     96.022 0.0000e+00
       5769     28.484     7.7719   3.601167     0.1221     2.4857     0.4208     28.219     28.219    34.9992    284.467     96.018 0.0000e+00
       5770     28.509     7.7719   3.601218     0.1226     2.4855     0.4214     28.243     28.243    34.9997    284.457     96.015 0.0000e+00
       5771     28.532     7.7718   3.601209     0.1230     2.4852     0.4220     28.266     28.266    34.9997    284.434     96.008 0.0000e+00
       5772     28.555     7.7724   3.601255     0.1235     2.4849     0.4226     28.289     28.289    34.9996    284.408     96.000 0.0000e+00
       5773     28.578     7.7720   3.601399     0.1241     2.4846     0.4232     28.312     28.312    35.0015    284.384     95.992 0.0000e+00
       5774     28.602     7.7714   3.601531     0.1246     2.4843     0.4238     28.335     28.336    35.0036    284.363     95.985 0.0000e+00
       5775     28.626     7.7709   3.601729     0.1252     2.4840     0.4245     28.360     28.359    35.0062    284.341     95.978 0.0000e+00
       5776     28.651     7.7707   3.601909     0.1258     2.4838     0.4252     28.384     28.384    35.0083    284.331     95.976 0.0000e+00
       5777     28.674     7.7703   3.601971     0.1264     2.4836     0.4259     28.407     28.407    35.0094    284.324     95.973 0.0000e+00
