Data/CTD_10.cnv
* Sea-Bird SBE 9 Data File:
* FileName = C:\Users\ctd-user\Desktop\CTD_data\OC4920\CTD_10.hex
* Software Version Seasave V 7.26.2.13
* Temperature SN = 6313
* Conductivity SN = 4758
* Number of Bytes Per Scan = 28
* Number of Voltage Words = 3
* Number of Scans Averaged by the Deck Unit = 1
* NMEA Latitude = 57 51.81 N
* NMEA Longitude = 010 46.60 E
* NMEA UTC (Time) = May 07 2025 11:11:29
** Station: test
** Operator: Operator 1
** Ship: 7720 Skagerak
** Cruise: 7720-2025-01
** Latitude [GG MM.mm N]:
** Longitude [GG MM.mm E]:
** Pumps: PrimaryPump: 1820 # SecondaryPump:
** EventIDs: EventID: 3decf26d-821b-4112-8042-a2c98b568458 # ParentEventID:
** Additional Sampling:
** Metadata admin: MPROG: Other # PROJ: Other # ORDERER: GU # SLABO: GU # ALABO: GU # REFSK: ingen
** Metadata conditions: WADEP: 10 # WINSP: 1 # WINDIR: 02 # AIRPRES: 1000 # AIRTEMP: 1 # WEATH: 9 # CLOUD: 9 # WAVES: 9 # ICEOB: 9 # COMNT_VISIT:
** LIMS Job:
# nquan = 13                                
# nvalues = 7125                        
# units = specified
# name 0 = scan: Scan Count
# name 1 = prDM: Pressure, Digiquartz [db]
# name 2 = t090C: Temperature [ITS-90, deg C]
# name 3 = c0S/m: Conductivity [S/m]
# name 4 = flECO-AFL: Fluorescence, WET Labs ECO-AFL/FL [mg/m^3]
# name 5 = sbeox0V: Oxygen raw, SBE 43 [V]
# name 6 = turbWETntu0: Turbidity, WET Labs ECO [NTU]
# name 7 = depSM: Depth [salt water, m]
# name 8 = depSM: Depth [salt water, m], lat = 57.8635
# name 9 = sal00: Salinity, Practical [PSU]
# name 10 = sbeox0Mm/L: Oxygen, SBE 43 [umol/l], WS = 2
# name 11 = sbeox0PS: Oxygen, SBE 43 [% saturation], WS = 2
# name 12 = flag: flag
# span 0 =          1,       7125       
# span 1 =     -1.032,    110.100       
# span 2 =     7.7068,    10.4038       
# span 3 =   3.401606,   3.676512       
# span 4 =    -0.0304,     8.4467       
# span 5 =     2.0594,     2.8960       
# span 6 =     0.1743,     0.4013       
# span 7 =     -1.022,    109.052       
# span 8 =     -1.022,    109.052       
# span 9 =    30.5509,    35.2401       
# span 10 =    216.555,    339.893      
# span 11 =     75.234,    117.213      
# span 12 = 0.0000e+00, 0.0000e+00      
# interval = seconds: 0.0416667
# start_time = May 07 2025 11:11:29 [NMEA time, header]
# bad_flag = -9.990e-29
*END*
[from data line 4112]
       4113     51.078     7.8594   3.626989     0.0674     2.5571     0.2030     50.599     50.599    35.1790    296.230    100.304 0.0000e+00
       4114     51.102     7.8592   3.626916     0.0673     2.5571     0.2031     50.623     50.623    35.1784    296.252    100.311 0.0000e+00
       4115     51.126     7.8592   3.626874     0.0671     2.5571     0.2032     50.647     50.647    35.1779    296.273    100.317 0.0000e+00
       4116     51.151     7.8589   3.626843     0.0669     2.5572     0.2033     50.672     50.671    35.1779    296.307    100.328 0.0000e+00
       4117     51.177     7.8586   3.626783     0.0667     2.5572     0.2034     50.697     50.697    35.1775    296.326    100.334 0.0000e+00
       4118     51.203     7.8586   3.626795     0.0664     2.5572     0.2035     50.723     50.723    35.1776    296.340    100.339 0.0000e+00
       4119     51.229     7.8580   3.626751     0.0661     2.5572     0.2036     50.748     50.749    35.1777    296.359    100.344 0.0000e+00
       4120     51.255     7.8579   3.626787     0.0657     2.5572     0.2037     50.775     50.774    35.1782    296.375    100.349 0.0000e+00
       4121     51.280     7.8576   3.626774     0.0653     2.5573     0.2038     50.799     50.799    35.1784    296.407    100.360 0.0000e+00
       4122     51.303     7.8571   3.626742     0.0648     2.5573     0.2039     50.823     50.822    35.1785    296.427    100.365 0.0000e+00
       4123     51.327     7.8571   3.626665     0.0643     2.5574     0.2040     50.846     50.846    35.1777    296.460    100.376 0.0000e+00
       4124     51.351     7.8568   3.626640     0.0636     2.5575     0.2040     50.870     50.869    35.1777    296.491    100.386 0.0000e+00
       4125     51.375     7.8571   3.626563     0.0630     2.5576     0.2040     50.894     50.893    35.1766    296.520    100.395 0.0000e+00
       4126     51.400     7.8572   3.626564     0.0624     2.5577     0.2039     50.918     50.918    35.1765    296.547    100.405 0.0000e+00
       4127     51.425     7.8572   3.626594     0.0619     2.5578     0.2039     50.943     50.943    35.1768    296.573    100.414 0.0000e+00
       4128     51.448     7.8577   3.626584     0.0615     2.5579     0.2039     50.966     50.965    35.1761    296.597    100.423 0.0000e+00
       4129     51.471     7.8577   3.626524     0.0612     2.5580     0.2038     50.988     50.988    35.1755    296.625    100.432 0.0000e+00
       4130     51.493     7.8579   3.626490     0.0609     2.5579     0.2038     51.011     51.010    35.1749    296.622    100.431 0.0000e+00
       4131     51.517     7.8582   3.626431     0.0607     2.5578     0.2038     51.034     51.034    35.1739    296.619    100.430 0.0000e+00
       4132     51.542     7.8589   3.626440     0.0604     2.5578     0.2038     51.059     51.059    35.1733    296.627    100.434 0.0000e+00
       4133     51.567     7.8592   3.626399     0.0602     2.5579     0.2037     51.083     51.083    35.1726    296.653    100.443 0.0000e+00
       4134     51.592     7.8598   3.626413     0.0599     2.5579     0.2036     51.108     51.108    35.1721    296.664    100.447 0.0000e+00
       4135     51.618     7.8603   3.626373     0.0598     2.5580     0.2035     51.134     51.134    35.1712    296.690    100.457 0.0000e+00
       4136     51.644     7.8606   3.626380     0.0597     2.5581     0.2033     51.160     51.160    35.1709    296.716    100.466 0.0000e+00
       4137     51.669     7.8610   3.626341     0.0596     2.5581     0.2032     51.184     51.184    35.1701    296.727    100.470 0.0000e+00
       4138     51.692     7.8613   3.626401     0.0597     2.5582     0.2031     51.208     51.207    35.1704    296.748    100.478 0.0000e+00
       4139     51.716     7.8614   3.626449     0.0598     2.5583     0.2030     51.231     51.231    35.1708    296.768    100.485 0.0000e+00
       4140     51.740     7.8618   3.626463     0.0601     2.5583     0.2028     51.255     51.255    35.1706    296.771    100.487 0.0000e+00
       4141     51.763     7.8618   3.626487     0.0604     2.5584     0.2027     51.278     51.277    35.1708    296.791    100.494 0.0000e+00
       4142     51.787     7.8614   3.626538     0.0607     2.5584     0.2026     51.301     51.301    35.1717    296.798    100.496 0.0000e+00
       4143     51.811     7.8614   3.626580     0.0610     2.5585     0.2024     51.325     51.325    35.1722    296.814    100.502 0.0000e+00
       4144     51.835     7.8613   3.626664     0.0615     2.5587     0.2022     51.349     51.349    35.1732    296.841    100.512 0.0000e+00
       4145     51.858     7.8613   3.626735     0.0620     2.5588     0.2020     51.372     51.372    35.1739    296.851    100.516 0.0000e+00
       4146     51.880     7.8611   3.626752     0.0625     2.5590     0.2017     51.393     51.393    35.1743    296.876    100.524 0.0000e+00
       4147     51.901     7.8611   3.626824     0.0632     2.5591     0.2015     51.414     51.414    35.1751    296.882    100.526 0.0000e+00
       4148     51.923     7.8610   3.626866     0.0639     2.5592     0.2012     51.436     51.436    35.1756    296.887    100.528 0.0000e+00
       4149     51.947     7.8611   3.626902     0.0646     2.5592     0.2010     51.459     51.460    35.1759    296.877    100.525 0.0000e+00
       4150     51.970     7.8611   3.626931     0.0653     2.5593     0.2007     51.482     51.482    35.1762    296.882    100.527 0.0000e+00
       4151     51.993     7.8611   3.626943     0.0661     2.5593     0.2004     51.506     51.505    35.1763    296.872    100.524 0.0000e+00
       4152     52.018     7.8610   3.626943     0.0668     2.5594     0.2002     51.530     51.530    35.1764    296.880    100.526 0.0000e+00
       4153     52.043     7.8608   3.626942     0.0674     2.5595     0.2000     51.555     51.555    35.1766    296.888    100.529 0.0000e+00
       4154     52.067     7.8610   3.626943     0.0679     2.5596     0.1998     51.578     51.579    35.1764    296.895    100.531 0.0000e+00
       4155     52.090     7.8610   3.626914     0.0684     2.5597     0.1996     51.602     51.601    35.1761    296.898    100.532 0.0000e+00
       4156     52.114     7.8610   3.626908     0.0689     2.5598     0.1995     51.625     51.625    35.1760    296.897    100.532 0.0000e+00
       4157     52.136     7.8608   3.626930     0.0692     2.5600     0.1994     51.647     51.647    35.1764    296.908    100.535 0.0000e+00
       4158     52.157     7.8610   3.626943     0.0695     2.5601     0.1993     51.668     51.668    35.1763    296.903    100.534 0.0000e+00
       4159     52.178     7.8608   3.626942     0.0698     2.5601     0.1991     51.689     51.689    35.1765    296.882    100.527 0.0000e+00
       4160     52.199     7.8610   3.626920     0.0700     2.5602     0.1990     51.709     51.709    35.1761    296.875    100.524 0.0000e+00
       4161     52.221     7.8611   3.626885     0.0702     2.5602     0.1988     51.731     51.731    35.1756    296.856    100.518 0.0000e+00
       4162     52.242     7.8611   3.626903     0.0705     2.5602     0.1987     51.752     51.752    35.1758    296.836    100.511 0.0000e+00
       4163     52.263     7.8610   3.626884     0.0707     2.5602     0.1986     51.772     51.773    35.1756    296.818    100.505 0.0000e+00
       4164     52.283     7.8610   3.626902     0.0709     2.5603     0.1986     51.792     51.793    35.1758    296.814    100.504 0.0000e+00
       4165     52.304     7.8611   3.626885     0.0711     2.5603     0.1985     51.813     51.813    35.1755    296.797    100.498 0.0000e+00
       4166     52.325     7.8608   3.626878     0.0713     2.5604     0.1985     51.834     51.834    35.1758    296.796    100.497 0.0000e+00
       4167     52.345     7.8606   3.626847     0.0714     2.5604     0.1984     51.854     51.854    35.1756    296.778    100.490 0.0000e+00
       4168     52.365     7.8605   3.626864     0.0714     2.5603     0.1982     51.874     51.874    35.1759    296.742    100.478 0.0000e+00
       4169     52.386     7.8601   3.626923     0.0715     2.5603     0.1981     51.895     51.895    35.1769    296.723    100.471 0.0000e+00
       4170     52.408     7.8600   3.626887     0.0715     2.5602     0.1980     51.916     51.916    35.1766    296.689    100.459 0.0000e+00
       4171     52.429     7.8598   3.626922     0.0714     2.5602     0.1978     51.937     51.937    35.1772    296.671    100.453 0.0000e+00
       4172     52.451     7.8600   3.626887     0.0713     2.5601     0.1976     51.958     51.959    35.1766    296.638    100.442 0.0000e+00
       4173     52.473     7.8600   3.626893     0.0712     2.5601     0.1975     51.981     51.981    35.1766    296.619    100.436 0.0000e+00
       4174     52.495     7.8603   3.626906     0.0710     2.5601     0.1973     52.002     52.003    35.1765    296.596    100.428 0.0000e+00
       4175     52.515     7.8605   3.626931     0.0708     2.5601     0.1972     52.022     52.022    35.1765    296.573    100.421 0.0000e+00
       4176     52.536     7.8603   3.626918     0.0707     2.5602     0.1971     52.042     52.043    35.1766    296.568    100.419 0.0000e+00
       4177     52.555     7.8605   3.626913     0.0705     2.5602     0.1970     52.062     52.062    35.1763    296.545    100.412 0.0000e+00
       4178     52.574     7.8606   3.626883     0.0704     2.5602     0.1970     52.081     52.081    35.1759    296.524    100.404 0.0000e+00
       4179     52.591     7.8603   3.626876     0.0702     2.5601     0.1969     52.098     52.098    35.1761    296.492    100.393 0.0000e+00
       4180     52.609     7.8605   3.626853     0.0700     2.5601     0.1969     52.115     52.115    35.1756    296.474    100.387 0.0000e+00
       4181     52.628     7.8601   3.626821     0.0698     2.5600     0.1969     52.134     52.134    35.1757    296.446    100.377 0.0000e+00
       4182     52.647     7.8603   3.626834     0.0695     2.5600     0.1968     52.153     52.153    35.1756    296.432    100.372 0.0000e+00
       4183     52.665     7.8600   3.626845     0.0693     2.5599     0.1968     52.171     52.171    35.1760    296.408    100.364 0.0000e+00
       4184     52.685     7.8598   3.626844     0.0691     2.5599     0.1967     52.191     52.191    35.1762    296.400    100.361 0.0000e+00
       4185     52.706     7.8598   3.626862     0.0689     2.5600     0.1967     52.212     52.212    35.1764    296.406    100.363 0.0000e+00
       4186     52.726     7.8600   3.626851     0.0687     2.5600     0.1967     52.232     52.231    35.1761    296.399    100.361 0.0000e+00
       4187     52.746     7.8600   3.626863     0.0685     2.5601     0.1967     52.251     52.251    35.1762    296.407    100.364 0.0000e+00
       4188     52.765     7.8600   3.626875     0.0682     2.5601     0.1967     52.270     52.270    35.1763    296.401    100.362 0.0000e+00
       4189     52.784     7.8598   3.626899     0.0679     2.5602     0.1967     52.289     52.289    35.1768    296.412    100.365 0.0000e+00
       4190     52.803     7.8598   3.626881     0.0675     2.5602     0.1968     52.307     52.308    35.1766    296.407    100.364 0.0000e+00
       4191     52.821     7.8597   3.626874     0.0671     2.5601     0.1968     52.326     52.325    35.1766    296.391    100.358 0.0000e+00
       4192     52.840     7.8600   3.626851     0.0668     2.5600     0.1968     52.345     52.344    35.1760    296.373    100.352 0.0000e+00
       4193     52.858     7.8598   3.626893     0.0665     2.5599     0.1967     52.363     52.362    35.1767    296.353    100.345 0.0000e+00
       4194     52.876     7.8603   3.626883     0.0662     2.5598     0.1966     52.380     52.380    35.1760    296.332    100.339 0.0000e+00
       4195     52.893     7.8597   3.626850     0.0658     2.5598     0.1966     52.397     52.397    35.1763    296.329    100.337 0.0000e+00
       4196     52.910     7.8595   3.626844     0.0653     2.5597     0.1965     52.413     52.414    35.1764    296.309    100.329 0.0000e+00
       4197     52.928     7.8590   3.626818     0.0647     2.5596     0.1964     52.431     52.431    35.1766    296.288    100.321 0.0000e+00
       4198     52.945     7.8589   3.626830     0.0641     2.5595     0.1964     52.448     52.448    35.1768    296.265    100.313 0.0000e+00
       4199     52.961     7.8586   3.626859     0.0634     2.5594     0.1963     52.464     52.464    35.1775    296.241    100.305 0.0000e+00
       4200     52.977     7.8581   3.626845     0.0627     2.5594     0.1963     52.480     52.480    35.1778    296.235    100.302 0.0000e+00
       4201     52.996     7.8580   3.626856     0.0620     2.5593     0.1963     52.499     52.499    35.1780    296.213    100.295 0.0000e+00
       4202     53.016     7.8577   3.626843     0.0613     2.5592     0.1962     52.518     52.519    35.1782    296.195    100.288 0.0000e+00
       4203     53.036     7.8579   3.626838     0.0606     2.5592     0.1962     52.538     52.538    35.1779    296.189    100.286 0.0000e+00
       4204     53.055     7.8577   3.626808     0.0600     2.5592     0.1961     52.557     52.557    35.1778    296.186    100.285 0.0000e+00
       4205     53.075     7.8577   3.626850     0.0593     2.5591     0.1961     52.577     52.577    35.1782    296.167    100.279 0.0000e+00
       4206     53.095     7.8577   3.626868     0.0587     2.5591     0.1961     52.597     52.597    35.1784    296.163    100.277 0.0000e+00
       4207     53.115     7.8576   3.626867     0.0580     2.5591     0.1960     52.616     52.617    35.1785    296.161    100.277 0.0000e+00
       4208     53.134     7.8574   3.626843     0.0573     2.5591     0.1960     52.636     52.635    35.1784    296.158    100.275 0.0000e+00
       4209     53.155     7.8569   3.626811     0.0566     2.5591     0.1959     52.656     52.656    35.1786    296.159    100.274 0.0000e+00
       4210     53.174     7.8567   3.626775     0.0560     2.5591     0.1959     52.675     52.675    35.1784    296.157    100.273 0.0000e+00
       4211     53.191     7.8566   3.626769     0.0554     2.5591     0.1958     52.692     52.692    35.1784    296.152    100.271 0.0000e+00
       4212     53.208     7.8566   3.626745     0.0549     2.5591     0.1958     52.709     52.709    35.1781    296.147    100.269 0.0000e+00
       4213     53.225     7.8566   3.626709     0.0543     2.5590     0.1957     52.726     52.726    35.1777    296.127    100.262 0.0000e+00
       4214     53.243     7.8564   3.626679     0.0538     2.5589     0.1957     52.744     52.743    35.1776    296.109    100.256 0.0000e+00
       4215     53.262     7.8563   3.626672     0.0533     2.5589     0.1957     52.762     52.762    35.1776    296.108    100.255 0.0000e+00
       4216     53.279     7.8558   3.626617     0.0528     2.5588     0.1957     52.780     52.779    35.1775    296.095    100.249 0.0000e+00
       4217     53.298     7.8558   3.626677     0.0523     2.5587     0.1956     52.798     52.798    35.1781    296.076    100.243 0.0000e+00
       4218     53.317     7.8557   3.626676     0.0517     2.5587     0.1956     52.816     52.817    35.1782    296.073    100.242 0.0000e+00
       4219     53.336     7.8555   3.626670     0.0513     2.5586     0.1956     52.836     52.836    35.1784    296.056    100.236 0.0000e+00
       4220     53.356     7.8553   3.626616     0.0508     2.5585     0.1956     52.855     52.855    35.1780    296.039    100.230 0.0000e+00
       4221     53.377     7.8555   3.626551     0.0503     2.5584     0.1956     52.875     52.876    35.1770    296.022    100.224 0.0000e+00
       4222     53.398     7.8548   3.626537     0.0498     2.5583     0.1956     52.897     52.897    35.1776    296.008    100.218 0.0000e+00
