Data/CTD_07.cnv
* Sea-Bird SBE 9 Data File:
* FileName = C:\Users\ctd-user\Desktop\CTD_data\OC4920\CTD_07.hex
* Software Version Seasave V 7.26.2.13
* Temperature SN = 6313
* Conductivity SN = 4758
* Number of Bytes Per Scan = 28
* Number of Voltage Words = 3
* Number of Scans Averaged by the Deck Unit = 1
* NMEA Latitude = 57 54.83 N
* NMEA Longitude = 010 46.77 E
* NMEA UTC (Time) = May 07 2025 09:38:52
** Station: test
** Operator: Operator 1
** Ship: 7720 Skagerak
** Cruise: 7720-2025-01
** Latitude [GG MM.mm N]:
** Longitude [GG MM.mm E]:
** Pumps: PrimaryPump: 1820 # SecondaryPump:
** EventIDs: EventID: 3decf26d-821b-4112-8042-a2c98b568458 # ParentEventID:
** Additional Sampling:
** Metadata admin: MPROG: Other # PROJ: Other # ORDERER: GU # SLABO: GU # ALABO: GU # REFSK: ingen
** Metadata conditions: WADEP: 10 # WINSP: 1 # WINDIR: 02 # AIRPRES: 1000 # AIRTEMP: 1 # WEATH: 9 # CLOUD: 9 # WAVES: 9 # ICEOB: 9 # COMNT_VISIT:
** LIMS Job:
# nquan = 13                                
# nvalues = 9824                        
# units = specified
# name 0 = scan: Scan Count
# name 1 = prDM: Pressure, Digiquartz [db]
# name 2 = t090C: Temperature [ITS-90, deg C]
# name 3 = c0S/m: Conductivity [S/m]
# name 4 = flECO-AFL: Fluorescence, WET Labs ECO-AFL/FL [mg/m^3]
# name 5 = sbeox0V: Oxygen raw, SBE 43 [V]
# name 6 = turbWETntu0: Turbidity, WET Labs ECO [NTU]
# name 7 = depSM: Depth [salt water, m]
# name 8 = depSM: Depth [salt water, m], lat = 57.9138
# name 9 = sal00: Salinity, Practical [PSU]
# name 10 = sbeox0Mm/L: Oxygen, SBE 43 [umol/l], WS = 2
# name 11 = sbeox0PS: Oxygen, SBE 43 [% saturation], WS = 2
# name 12 = flag: flag
# span 0 =          1,       9824       
# span 1 =     -1.511,    149.329       
# span 2 =     7.7892,    10.5887       
# span 3 =   0.094447,   3.682084       
# span 4 =    -0.1040,     4.2526       
# span 5 =     2.1644,     2.8289       
# span 6 =     0.1639,     0.9086       
# span 7 =     -1.497,    147.893       
# span 8 =     -1.497,    147.893       
# span 9 =     0.6854,    35.2845       
# span 10 =    232.375,    401.265      
# span 11 =     80.143,    114.027      
# span 12 = 0.0000e+00, 0.0000e+00      
# interval = seconds: 0.0416667
# start_time = May 07 2025 09:38:52 [NMEA time, header]
# bad_flag = -9.990e-29
*END*
[from data line 9334]
       9335    149.112     7.8995   3.639874    -0.0206     2.5118     0.4358    147.678    147.678    35.2292    293.025     99.341 -9.990e-29
       9336    149.114     7.8995   3.639814    -0.0206     2.5118     0.4357    147.679    147.680    35.2286    293.026     99.341 -9.990e-29
       9337    149.115     7.8996   3.639808    -0.0206     2.5117     0.4355    147.681    147.681    35.2284    293.014     99.337 -9.990e-29
       9338    149.118     7.8995   3.639832    -0.0206     2.5117     0.4354    147.684    147.684    35.2288    293.018     99.339 -9.990e-29
       9339    149.121     7.8995   3.639849    -0.0206     2.5117     0.4352    147.687    147.687    35.2290    293.021     99.340 -9.990e-29
       9340    149.124     7.8997   3.639856    -0.0208     2.5117     0.4350    147.690    147.690    35.2288    293.024     99.341 -9.990e-29
       9341    149.127     7.8994   3.639855    -0.0209     2.5118     0.4349    147.692    147.693    35.2291    293.045     99.348 -9.990e-29
       9342    149.128     7.8996   3.639904    -0.0211     2.5119     0.4347    147.694    147.694    35.2295    293.061     99.354 -9.990e-29
       9343    149.128     7.8994   3.639867    -0.0214     2.5119     0.4345    147.694    147.694    35.2293    293.064     99.354 -9.990e-29
       9344    149.129     7.8997   3.639838    -0.0217     2.5119     0.4343    147.694    147.695    35.2286    293.066     99.355 -9.990e-29
       9345    149.131     7.8997   3.639850    -0.0220     2.5119     0.4341    147.697    147.697    35.2288    293.067     99.356 -9.990e-29
       9346    149.134     7.8997   3.639856    -0.0225     2.5120     0.4339    147.700    147.700    35.2288    293.083     99.361 -9.990e-29
       9347    149.136     7.8994   3.639825    -0.0229     2.5120     0.4337    147.702    147.702    35.2288    293.085     99.361 -9.990e-29
       9348    149.138     7.8996   3.639843    -0.0235     2.5121     0.4334    147.704    147.704    35.2288    293.100     99.366 -9.990e-29
       9349    149.141     7.8994   3.639861    -0.0241     2.5122     0.4332    147.706    147.707    35.2292    293.115     99.371 -9.990e-29
       9350    149.143     7.8994   3.639830    -0.0247     2.5122     0.4329    147.708    147.709    35.2289    293.112     99.370 -9.990e-29
       9351    149.145     7.8995   3.639819    -0.0253     2.5122     0.4327    147.710    147.711    35.2286    293.106     99.368 -9.990e-29
       9352    149.146     7.8994   3.639818    -0.0259     2.5122     0.4324    147.711    147.712    35.2287    293.096     99.365 -9.990e-29
       9353    149.148     7.8995   3.639819    -0.0264     2.5122     0.4323    147.714    147.714    35.2286    293.084     99.361 -9.990e-29
       9354    149.150     7.8994   3.639806    -0.0269     2.5122     0.4321    147.716    147.716    35.2286    293.073     99.357 -9.990e-29
       9355    149.152     7.8995   3.639843    -0.0273     2.5122     0.4320    147.718    147.718    35.2289    293.061     99.353 -9.990e-29
       9356    149.156     7.8992   3.639823    -0.0277     2.5123     0.4319    147.721    147.721    35.2290    293.070     99.355 -9.990e-29
       9357    149.159     7.8992   3.639817    -0.0281     2.5123     0.4318    147.724    147.724    35.2289    293.063     99.353 -9.990e-29
       9358    149.162     7.8993   3.639842    -0.0284     2.5123     0.4317    147.727    147.727    35.2291    293.058     99.352 -9.990e-29
       9359    149.164     7.8994   3.639818    -0.0288     2.5123     0.4317    147.729    147.729    35.2287    293.054     99.350 -9.990e-29
       9360    149.166     7.8995   3.639842    -0.0291     2.5123     0.4316    147.731    147.731    35.2289    293.048     99.349 -9.990e-29
       9361    149.167     7.8994   3.639824    -0.0293     2.5124     0.4316    147.732    147.732    35.2288    293.058     99.352 -9.990e-29
       9362    149.170     7.8994   3.639842    -0.0296     2.5125     0.4315    147.735    147.735    35.2290    293.067     99.355 -9.990e-29
       9363    149.172     7.8993   3.639799    -0.0298     2.5125     0.4315    147.737    147.737    35.2286    293.064     99.353 -9.990e-29
       9364    149.174     7.8992   3.639787    -0.0300     2.5126     0.4315    147.739    147.739    35.2286    293.075     99.357 -9.990e-29
       9365    149.175     7.8994   3.639824    -0.0302     2.5126     0.4315    147.740    147.740    35.2288    293.073     99.357 -9.990e-29
       9366    149.177     7.8992   3.639799    -0.0304     2.5126     0.4315    147.742    147.742    35.2287    293.078     99.358 -9.990e-29
       9367    149.178     7.8995   3.639806    -0.0305     2.5125     0.4316    147.743    147.743    35.2285    293.067     99.355 -9.990e-29
       9368    149.178     7.8995   3.639818    -0.0307     2.5125     0.4317    147.743    147.743    35.2286    293.074     99.357 -9.990e-29
       9369    149.178     7.8995   3.639842    -0.0308     2.5125     0.4317    147.743    147.743    35.2289    293.079     99.359 -9.990e-29
       9370    149.179     7.8994   3.639859    -0.0309     2.5125     0.4318    147.744    147.744    35.2292    293.084     99.361 -9.990e-29
       9371    149.180     7.8997   3.639830    -0.0311     2.5125     0.4319    147.745    147.745    35.2285    293.087     99.362 -9.990e-29
       9372    149.181     7.8995   3.639794    -0.0312     2.5126     0.4320    147.746    147.746    35.2283    293.106     99.368 -9.990e-29
       9373    149.182     7.8997   3.639836    -0.0313     2.5126     0.4322    147.747    147.747    35.2286    293.108     99.369 -9.990e-29
       9374    149.182     7.8996   3.639800    -0.0314     2.5125     0.4323    147.747    147.747    35.2283    293.102     99.367 -9.990e-29
       9375    149.182     7.8997   3.639824    -0.0314     2.5124     0.4325    147.747    147.747    35.2285    293.092     99.364 -9.990e-29
       9376    149.183     7.8997   3.639818    -0.0315     2.5123     0.4327    147.749    147.748    35.2284    293.084     99.361 -9.990e-29
       9377    149.185     7.8994   3.639817    -0.0316     2.5123     0.4330    147.750    147.750    35.2287    293.092     99.363 -9.990e-29
       9378    149.185     7.8995   3.639817    -0.0316     2.5123     0.4332    147.751    147.750    35.2286    293.096     99.365 -9.990e-29
       9379    149.185     7.8998   3.639794    -0.0317     2.5123     0.4334    147.751    147.750    35.2280    293.098     99.366 -9.990e-29
       9380    149.185     7.8999   3.639807    -0.0318     2.5124     0.4335    147.751    147.750    35.2281    293.113     99.371 -9.990e-29
       9381    149.185     7.8997   3.639830    -0.0318     2.5124     0.4337    147.750    147.750    35.2285    293.116     99.372 -9.990e-29
       9382    149.185     7.8999   3.639819    -0.0319     2.5125     0.4339    147.750    147.750    35.2282    293.129     99.376 -9.990e-29
       9383    149.184     7.8999   3.639843    -0.0319     2.5124     0.4340    147.750    147.749    35.2285    293.112     99.371 -9.990e-29
       9384    149.184     7.8999   3.639855    -0.0320     2.5124     0.4341    147.749    147.749    35.2286    293.107     99.369 -9.990e-29
       9385    149.183     7.8998   3.639854    -0.0320     2.5124     0.4342    147.749    147.748    35.2287    293.103     99.368 -9.990e-29
       9386    149.182     7.8997   3.639836    -0.0320     2.5125     0.4342    147.747    147.747    35.2286    293.113     99.371 -9.990e-29
       9387    149.181     7.8999   3.639818    -0.0321     2.5126     0.4343    147.746    147.746    35.2282    293.123     99.375 -9.990e-29
       9388    149.181     7.8997   3.639794    -0.0321     2.5127     0.4343    147.746    147.746    35.2281    293.135     99.378 -9.990e-29
       9389    149.181     7.8997   3.639836    -0.0321     2.5129     0.4343    147.746    147.746    35.2286    293.161     99.387 -9.990e-29
       9390    149.180     7.8996   3.639853    -0.0321     2.5131     0.4343    147.745    147.745    35.2289    293.186     99.396 -9.990e-29
       9391    149.179     7.8995   3.639835    -0.0321     2.5132     0.4343    147.744    147.744    35.2288    293.196     99.399 -9.990e-29
       9392    149.178     7.8994   3.639846    -0.0322     2.5133     0.4343    147.743    147.743    35.2290    293.203     99.401 -9.990e-29
       9393    149.176     7.8997   3.639853    -0.0322     2.5133     0.4343    147.742    147.741    35.2288    293.193     99.398 -9.990e-29
       9394    149.176     7.8997   3.639853    -0.0322     2.5133     0.4342    147.741    147.741    35.2288    293.183     99.395 -9.990e-29
       9395    149.175     7.8998   3.639824    -0.0322     2.5132     0.4340    147.741    147.740    35.2284    293.160     99.387 -9.990e-29
       9396    149.174     7.8997   3.639865    -0.0322     2.5132     0.4339    147.740    147.739    35.2289    293.151     99.384 -9.990e-29
       9397    149.174     7.8999   3.639848    -0.0322     2.5132     0.4337    147.740    147.739    35.2285    293.143     99.381 -9.990e-29
       9398    149.174     7.8999   3.639872    -0.0323     2.5133     0.4335    147.740    147.739    35.2288    293.150     99.384 -9.990e-29
       9399    149.174     7.9000   3.639860    -0.0323     2.5133     0.4333    147.739    147.739    35.2286    293.140     99.381 -9.990e-29
       9400    149.173     7.9002   3.639855    -0.0323     2.5134     0.4330    147.738    147.738    35.2283    293.145     99.383 -9.990e-29
       9401    149.173     7.8998   3.639853    -0.0323     2.5134     0.4328    147.738    147.738    35.2287    293.136     99.379 -9.990e-29
       9402    149.172     7.8999   3.639860    -0.0323     2.5134     0.4325    147.738    147.737    35.2287    293.125     99.376 -9.990e-29
       9403    149.171     7.8997   3.639829    -0.0323     2.5133     0.4322    147.736    147.736    35.2285    293.104     99.368 -9.990e-29
       9404    149.169     7.8999   3.639842    -0.0323     2.5133     0.4320    147.735    147.734    35.2285    293.093     99.365 -9.990e-29
       9405    149.168     7.8999   3.639823    -0.0323     2.5133     0.4317    147.734    147.733    35.2283    293.086     99.362 -9.990e-29
       9406    149.168     7.9000   3.639842    -0.0323     2.5131     0.4315    147.733    147.733    35.2284    293.044     99.348 -9.990e-29
       9407    149.167     7.9000   3.639836    -0.0323     2.5131     0.4313    147.733    147.732    35.2283    293.032     99.344 -9.990e-29
       9408    149.167     7.8999   3.639871    -0.0323     2.5130     0.4311    147.732    147.732    35.2288    293.002     99.334 -9.990e-29
       9409    149.166     7.9000   3.639884    -0.0323     2.5130     0.4309    147.732    147.731    35.2288    292.984     99.328 -9.990e-29
       9410    149.165     7.9000   3.639884    -0.0323     2.5129     0.4307    147.731    147.730    35.2288    292.953     99.318 -9.990e-29
       9411    149.164     7.8998   3.639883    -0.0324     2.5129     0.4306    147.730    147.729    35.2290    292.940     99.313 -9.990e-29
       9412    149.163     7.8999   3.639865    -0.0324     2.5129     0.4305    147.729    147.728    35.2287    292.928     99.309 -9.990e-29
       9413    149.162     7.8999   3.639901    -0.0324     2.5129     0.4304    147.728    147.727    35.2291    292.916     99.305 -9.990e-29
       9414    149.161     7.9000   3.639865    -0.0324     2.5128     0.4304    147.726    147.726    35.2286    292.895     99.298 -9.990e-29
       9415    149.160     7.9000   3.639853    -0.0324     2.5128     0.4303    147.725    147.725    35.2285    292.890     99.296 -9.990e-29
       9416    149.161     7.9000   3.639871    -0.0324     2.5127     0.4303    147.726    147.726    35.2287    292.873     99.290 -9.990e-29
       9417    149.162     7.9001   3.639884    -0.0324     2.5127     0.4303    147.727    147.727    35.2287    292.870     99.289 -9.990e-29
       9418    149.162     7.9000   3.639865    -0.0324     2.5126     0.4304    147.727    147.727    35.2286    292.853     99.283 -9.990e-29
       9419    149.162     7.9002   3.639902    -0.0324     2.5127     0.4305    147.727    147.727    35.2288    292.861     99.287 -9.990e-29
       9420    149.162     7.9002   3.639920    -0.0324     2.5127     0.4306    147.727    147.727    35.2290    292.856     99.285 -9.990e-29
       9421    149.161     7.9000   3.639889    -0.0324     2.5127     0.4308    147.726    147.726    35.2289    292.851     99.283 -9.990e-29
       9422    149.160     7.9001   3.639883    -0.0324     2.5127     0.4309    147.725    147.725    35.2287    292.844     99.281 -9.990e-29
       9423    149.158     7.9000   3.639865    -0.0324     2.5127     0.4311    147.724    147.723    35.2286    292.840     99.279 -9.990e-29
       9424    149.157     7.8999   3.639877    -0.0324     2.5128     0.4313    147.722    147.722    35.2289    292.849     99.282 -9.990e-29
       9425    149.158     7.9000   3.639859    -0.0324     2.5128     0.4316    147.723    147.723    35.2286    292.847     99.281 -9.990e-29
       9426    149.158     7.9000   3.639901    -0.0324     2.5129     0.4319    147.724    147.723    35.2290    292.859     99.286 -9.990e-29
       9427    149.159     7.9001   3.639919    -0.0324     2.5130     0.4322    147.724    147.724    35.2291    292.870     99.290 -9.990e-29
       9428    149.158     7.9002   3.639877    -0.0324     2.5130     0.4326    147.723    147.723    35.2285    292.868     99.289 -9.990e-29
       9429    149.156     7.9000   3.639901    -0.0324     2.5130     0.4329    147.721    147.721    35.2290    292.867     99.288 -9.990e-29
       9430    149.155     7.9002   3.639889    -0.0324     2.5128     0.4332    147.720    147.720    35.2287    292.836     99.278 -9.990e-29
       9431    149.156     7.9002   3.639931    -0.0324     2.5127     0.4335    147.721    147.721    35.2291    292.814     99.271 -9.990e-29
       9432    149.156     7.9000   3.639895    -0.0324     2.5126     0.4337    147.721    147.721    35.2289    292.793     99.263 -9.990e-29
       9433    149.155     7.9001   3.639883    -0.0324     2.5125     0.4340    147.720    147.720    35.2287    292.767     99.255 -9.990e-29
       9434    149.155     7.9002   3.639865    -0.0324     2.5126     0.4342    147.720    147.720    35.2284    292.768     99.255 -9.990e-29
       9435    149.155     7.9000   3.639900    -0.0324     2.5126     0.4345    147.721    147.720    35.2290    292.753     99.250 -9.990e-29
       9436    149.157     7.9000   3.639864    -0.0324     2.5126     0.4347    147.722    147.722    35.2286    292.739     99.245 -9.990e-29
       9437    149.157     7.9002   3.639901    -0.0324     2.5126     0.4349    147.722    147.722    35.2288    292.723     99.240 -9.990e-29
       9438    149.156     7.9001   3.639889    -0.0324     2.5126     0.4351    147.721    147.721    35.2288    292.713     99.236 -9.990e-29
       9439    149.155     7.9000   3.639894    -0.0324     2.5125     0.4353    147.720    147.720    35.2289    292.687     99.227 -9.990e-29
       9440    149.152     7.9000   3.639936    -0.0324     2.5125     0.4355    147.718    147.718    35.2294    292.677     99.224 -9.990e-29
       9441    149.150     7.9000   3.639924    -0.0324     2.5124     0.4357    147.715    147.716    35.2293    292.655     99.217 -9.990e-29
       9442    149.149     7.9000   3.639936    -0.0324     2.5123     0.4358    147.714    147.715    35.2294    292.634     99.210 -9.990e-29
       9443    149.148     7.9001   3.639924    -0.0324     2.5122     0.4360    147.713    147.714    35.2292    292.613     99.203 -9.990e-29
       9444    149.146     7.9002   3.639901    -0.0324     2.5122     0.4361    147.711    147.712    35.2288    292.610     99.202 -9.990e-29
