Data/CTD_14.cnv
* Sea-Bird SBE 9 Data File:
* FileName = C:\Users\ctd-user\Desktop\CTD_data\OC4920\CTD_14.hex
* Software Version Seasave V 7.26.2.13
* Temperature SN = 6313
* Conductivity SN = 4758
* Number of Bytes Per Scan = 28
* Number of Voltage Words = 3
* Number of Scans Averaged by the Deck Unit = 1
* NMEA Latitude = 57 47.84 N
* NMEA Longitude = 010 46.19 E
* NMEA UTC (Time) = May 07 2025 12:38:22
** Station: test
** Operator: Operator 1
** Ship: 7720 Skagerak
** Cruise: 7720-2025-01
** Latitude [GG MM.mm N]:
** Longitude [GG MM.mm E]:
** Pumps: PrimaryPump: 1820 # SecondaryPump:
** EventIDs: EventID: 3decf26d-821b-4112-8042-a2c98b568458 # ParentEventID:
** Additional Sampling:
** Metadata admin: MPROG: Other # PROJ: Other # ORDERER: GU # SLABO: GU # ALABO: GU # REFSK: ingen
** Metadata conditions: WADEP: 10 # WINSP: 1 # WINDIR: 02 # AIRPRES: 1000 # AIRTEMP: 1 # WEATH: 9 # CLOUD: 9 # WAVES: 9 # ICEOB: 9 # COMNT_VISIT:
** LIMS Job:
# nquan = 13                                
# nvalues = 5930                        
# units = specified
# name 0 = scan: Scan Count
# name 1 = prDM: Pressure, Digiquartz [db]
# name 2 = t090C: Temperature [ITS-90, deg C]
# name 3 = c0S/m: Conductivity [S/m]
# name 4 = flECO-AFL: Fluorescence, WET Labs ECO-AFL/FL [mg/m^3]
# name 5 = sbeox0V: Oxygen raw, SBE 43 [V]
# name 6 = turbWETntu0: Turbidity, WET Labs ECO [NTU]
# name 7 = depSM: Depth [salt water, m]
# name 8 = depSM: Depth [salt water, m], lat = 57.7973
# name 9 = sal00: Salinity, Practical [PSU]
# name 10 = sbeox0Mm/L: Oxygen, SBE 43 [umol/l], WS = 2
# name 11 = sbeox0PS: Oxygen, SBE 43 [% saturation], WS = 2
# name 12 = flag: flag
# span 0 =          1,       5930       
# span 1 =     -1.531,     62.690       
# span 2 =     7.6943,    11.3063       
# span 3 =   0.310447,   3.615269       
# span 4 =    -0.4466,     2.5583       
# span 5 =     1.7264,     2.7680       
# span 6 =     0.0515,     2.0762       
# span 7 =     -1.517,     62.101       
# span 8 =     -1.517,     62.101       
# span 9 =     2.2876,    35.1398       
# span 10 =    195.678,    319.295      
# span 11 =     59.197,    110.239      
# span 12 = 0.0000e+00, 0.0000e+00      
# interval = seconds: 0.0416667
# start_time = May 07 2025 12:38:22 [NMEA time, header]
# bad_flag = -9.990e-29
*END*
[from data line 112]
        113     -1.518     9.1002   1.585446    -0.4450     1.7615     0.2219     -1.504     -1.504    13.7097    199.730     60.532 -9.990e-29
        114     -1.519     9.1009   1.586134    -0.4464     1.7612     0.2224     -1.505     -1.505    13.7159    199.661     60.514 -9.990e-29
        115     -1.519     9.1019   1.585956    -0.4466     1.7610     0.2228     -1.505     -1.505    13.7138    199.615     60.501 -9.990e-29
        116     -1.518     9.1025   1.585111    -0.4454     1.7608     0.2229     -1.504     -1.504    13.7056    199.580     60.488 -9.990e-29
        117     -1.517     9.1035   1.583866    -0.4429     1.7606     0.2228     -1.503     -1.503    13.6936    199.549     60.476 -9.990e-29
        118     -1.517     9.1043   1.582186    -0.4390     1.7604     0.2226     -1.503     -1.503    13.6775    199.528     60.464 -9.990e-29
        119     -1.516     9.1048   1.579922    -0.4337     1.7601     0.2221     -1.502     -1.502    13.6560    199.505     60.449 -9.990e-29
        120     -1.515     9.1050   1.577545    -0.4271     1.7599     0.2214     -1.501     -1.501    13.6337    199.506     60.441 -9.990e-29
        121     -1.515     9.1045   1.574634    -0.4190     1.7596     0.2205     -1.501     -1.501    13.6065    199.504     60.429 -9.990e-29
        122     -1.513     9.1032   1.571695    -0.4093     1.7594     0.2194     -1.499     -1.499    13.5794    199.524     60.423 -9.990e-29
        123     -1.512     9.1012   1.568484    -0.3981     1.7591     0.2181     -1.498     -1.498    13.5501    199.536     60.412 -9.990e-29
        124     -1.510     9.0989   1.565487    -0.3852     1.7589     0.2166     -1.496     -1.496    13.5229    199.566     60.408 -9.990e-29
        125     -1.510     9.0965   1.562438    -0.3706     1.7587     0.2149     -1.496     -1.496    13.4952    199.601     60.404 -9.990e-29
        126     -1.509     9.0944   1.560070    -0.3541     1.7585     0.2129     -1.495     -1.495    13.4738    199.628     60.401 -9.990e-29
        127     -1.509     9.0919   1.558877    -0.3363     1.7583     0.2108     -1.495     -1.495    13.4635    199.644     60.398 -9.990e-29
        128     -1.509     9.0892   1.559550    -0.3184     1.7581     0.2086     -1.495     -1.495    13.4708    199.638     60.396 -9.990e-29
        129     -1.510     9.0864   1.561996    -0.3017     1.7580     0.2064     -1.496     -1.496    13.4948    199.625     60.397 -9.990e-29
        130     -1.511     9.0836   1.565865    -0.2864     1.7578     0.2043     -1.497     -1.497    13.5322    199.578     60.394 -9.990e-29
        131     -1.512     9.0806   1.570997    -0.2725     1.7576     0.2023     -1.498     -1.498    13.5815    199.517     60.390 -9.990e-29
        132     -1.515     9.0775   1.576796    -0.2598     1.7573     0.2003     -1.501     -1.501    13.6371    199.431     60.381 -9.990e-29
        133     -1.517     9.0747   1.582550    -0.2481     1.7571     0.1983     -1.503     -1.503    13.6922    199.361     60.378 -9.990e-29
        134     -1.520     9.0722   1.587648    -0.2374     1.7569     0.1963     -1.506     -1.506    13.7411    199.297     60.374 -9.990e-29
        135     -1.522     9.0695   1.591081    -0.2277     1.7567     0.1944     -1.508     -1.508    13.7744    199.255     60.370 -9.990e-29
        136     -1.522     9.0667   1.592039    -0.2188     1.7565     0.1924     -1.508     -1.508    13.7845    199.245     60.367 -9.990e-29
        137     -1.522     9.0644   1.590447    -0.2107     1.7563     0.1905     -1.508     -1.508    13.7704    199.265     60.364 -9.990e-29
        138     -1.522     9.0611   1.588348    -0.2033     1.7561     0.1885     -1.508     -1.508    13.7520    199.292     60.361 -9.990e-29
        139     -1.522     9.0584   1.587452    -0.1966     1.7558     0.1864     -1.508     -1.508    13.7446    199.286     60.352 -9.990e-29
        140     -1.521     9.0547   1.587840    -0.1905     1.7556     0.1843     -1.507     -1.507    13.7497    199.284     60.349 -9.990e-29
        141     -1.521     9.0516   1.588395    -0.1851     1.7555     0.1821     -1.507     -1.507    13.7561    199.292     60.349 -9.990e-29
        142     -1.521     9.0480   1.588231    -0.1801     1.7554     0.1798     -1.507     -1.507    13.7559    199.309     60.349 -9.990e-29
        143     -1.522     9.0446   1.587296    -0.1757     1.7553     0.1775     -1.508     -1.508    13.7484    199.335     60.349 -9.990e-29
        144     -1.521     9.0411   1.586455    -0.1718     1.7552     0.1750     -1.507     -1.507    13.7419    199.356     60.348 -9.990e-29
        145     -1.521     9.0381   1.586075    -0.1684     1.7551     0.1723     -1.507     -1.507    13.7394    199.368     60.347 -9.990e-29
        146     -1.521     9.0350   1.586122    -0.1653     1.7550     0.1694     -1.507     -1.507    13.7411    199.371     60.344 -9.990e-29
        147     -1.522     9.0325   1.585909    -0.1627     1.7549     0.1664     -1.508     -1.508    13.7400    199.376     60.342 -9.990e-29
        148     -1.522     9.0298   1.585757    -0.1605     1.7549     0.1632     -1.508     -1.508    13.7396    199.396     60.344 -9.990e-29
        149     -1.520     9.0270   1.585939    -0.1587     1.7548     0.1598     -1.506     -1.506    13.7424    199.395     60.340 -9.990e-29
        150     -1.519     9.0237   1.586333    -0.1572     1.7547     0.1561     -1.505     -1.505    13.7474    199.394     60.337 -9.990e-29
        151     -1.518     9.0204   1.586679    -0.1561     1.7546     0.1520     -1.504     -1.504    13.7519    199.394     60.335 -9.990e-29
        152     -1.518     9.0168   1.586992    -0.1554     1.7545     0.1478     -1.504     -1.504    13.7563    199.394     60.331 -9.990e-29
        153     -1.517     9.0130   1.587399    -0.1549     1.7543     0.1435     -1.503     -1.503    13.7616    199.378     60.323 -9.990e-29
        154     -1.517     9.0100   1.588066    -0.1547     1.7541     0.1395     -1.503     -1.503    13.7690    199.356     60.315 -9.990e-29
        155     -1.518     9.0068   1.588462    -0.1548     1.7539     0.1359     -1.504     -1.504    13.7740    199.336     60.307 -9.990e-29
        156     -1.520     9.0038   1.588555    -0.1550     1.7536     0.1327     -1.506     -1.506    13.7760    199.302     60.293 -9.990e-29
        157     -1.522     9.0002   1.588565    -0.1555     1.7534     0.1300     -1.508     -1.508    13.7775    199.285     60.283 -9.990e-29
        158     -1.522     8.9973   1.588614    -0.1561     1.7532     0.1277     -1.508     -1.508    13.7791    199.264     60.273 -9.990e-29
        159     -1.523     8.9936   1.588539    -0.1570     1.7531     0.1258     -1.509     -1.509    13.7798    199.262     60.268 -9.990e-29
        160     -1.524     8.9892   1.588172    -0.1581     1.7530     0.1242     -1.510     -1.510    13.7780    199.265     60.262 -9.990e-29
        161     -1.525     8.9848   1.588051    -0.1595     1.7530     0.1230     -1.511     -1.511    13.7786    199.280     60.261 -9.990e-29
        162     -1.524     8.9816   1.587662    -0.1611     1.7529     0.1222     -1.510     -1.510    13.7762    199.276     60.254 -9.990e-29
        163     -1.523     8.9780   1.587048    -0.1630     1.7528     0.1217     -1.509     -1.509    13.7718    199.272     60.246 -9.990e-29
        164     -1.522     8.9742   1.586381    -0.1651     1.7526     0.1216     -1.508     -1.508    13.7670    199.251     60.233 -9.990e-29
        165     -1.522     8.9701   1.586065    -0.1675     1.7524     0.1219     -1.508     -1.508    13.7656    199.223     60.218 -9.990e-29
        166     -1.520     8.9668   1.585797    -0.1703     1.7522     0.1225     -1.506     -1.506    13.7643    199.190     60.203 -9.990e-29
        167     -1.519     8.9633   1.584983    -0.1733     1.7520     0.1234     -1.505     -1.505    13.7580    199.163     60.187 -9.990e-29
        168     -1.519     8.9599   1.583881    -0.1767     1.7518     0.1248     -1.505     -1.505    13.7489    199.138     60.172 -9.990e-29
        169     -1.518     8.9569   1.583334    -0.1804     1.7515     0.1264     -1.504     -1.504    13.7449    199.088     60.151 -9.990e-29
        170     -1.516     8.9548   1.582731    -0.1846     1.7513     0.1285     -1.502     -1.502    13.7400    199.051     60.135 -9.990e-29
        171     -1.514     8.9537   1.581869    -0.1892     1.7512     0.1309     -1.500     -1.500    13.7323    199.030     60.124 -9.990e-29
        172     -1.512     8.9531   1.580859    -0.1942     1.7511     0.1338     -1.498     -1.498    13.7231    199.009     60.113 -9.990e-29
        173     -1.511     8.9531   1.579566    -0.1997     1.7509     0.1371     -1.497     -1.497    13.7109    198.978     60.099 -9.990e-29
        174     -1.511     8.9537   1.577812    -0.2057     1.7508     0.1409     -1.497     -1.497    13.6941    198.967     60.090 -9.990e-29
        175     -1.511     8.9554   1.576428    -0.2123     1.7507     0.1452     -1.497     -1.497    13.6804    198.947     60.081 -9.990e-29
        176     -1.511     8.9574   1.575433    -0.2196     1.7505     0.1500     -1.497     -1.497    13.6703    198.907     60.068 -9.990e-29
        177     -1.512     8.9586   1.576017    -0.2275     1.7504     0.1553     -1.498     -1.498    13.6753    198.869     60.060 -9.990e-29
        178     -1.513     8.9590   1.577040    -0.2358     1.7502     0.1610     -1.499     -1.499    13.6848    198.813     60.047 -9.990e-29
        179     -1.514     8.9590   1.578813    -0.2441     1.7500     0.1667     -1.500     -1.500    13.7015    198.749     60.034 -9.990e-29
        180     -1.513     8.9596   1.580412    -0.2517     1.7498     0.1719     -1.499     -1.499    13.7163    198.685     60.022 -9.990e-29
        181     -1.512     8.9602   1.582112    -0.2583     1.7496     0.1766     -1.498     -1.498    13.7321    198.617     60.008 -9.990e-29
        182     -1.511     8.9613   1.583383    -0.2641     1.7495     0.1807     -1.497     -1.497    13.7437    198.567     59.999 -9.990e-29
        183     -1.511     8.9619   1.584066    -0.2692     1.7493     0.1844     -1.497     -1.497    13.7499    198.510     59.985 -9.990e-29
        184     -1.511     8.9619   1.584094    -0.2736     1.7491     0.1876     -1.497     -1.497    13.7502    198.467     59.972 -9.990e-29
        185     -1.512     8.9608   1.583340    -0.2772     1.7489     0.1903     -1.498     -1.498    13.7435    198.441     59.960 -9.990e-29
        186     -1.512     8.9587   1.582652    -0.2801     1.7487     0.1926     -1.498     -1.498    13.7378    198.424     59.950 -9.990e-29
        187     -1.513     8.9562   1.581202    -0.2822     1.7484     0.1945     -1.499     -1.499    13.7251    198.404     59.935 -9.990e-29
        188     -1.511     8.9538   1.579459    -0.2838     1.7482     0.1961     -1.497     -1.497    13.7096    198.407     59.927 -9.990e-29
        189     -1.509     8.9516   1.577330    -0.2846     1.7479     0.1973     -1.495     -1.495    13.6904    198.399     59.914 -9.990e-29
        190     -1.507     8.9492   1.574876    -0.2847     1.7476     0.1981     -1.493     -1.493    13.6682    198.396     59.901 -9.990e-29
        191     -1.505     8.9464   1.572432    -0.2842     1.7473     0.1986     -1.491     -1.491    13.6462    198.395     59.888 -9.990e-29
        192     -1.504     8.9429   1.569696    -0.2831     1.7470     0.1988     -1.490     -1.490    13.6218    198.400     59.876 -9.990e-29
        193     -1.502     8.9403   1.567149    -0.2812     1.7467     0.1987     -1.488     -1.488    13.5988    198.399     59.863 -9.990e-29
        194     -1.501     8.9383   1.564702    -0.2787     1.7465     0.1983     -1.487     -1.487    13.5765    198.409     59.854 -9.990e-29
        195     -1.501     8.9367   1.563180    -0.2756     1.7463     0.1974     -1.487     -1.487    13.5627    198.406     59.846 -9.990e-29
        196     -1.503     8.9351   1.562378    -0.2717     1.7461     0.1962     -1.489     -1.489    13.5558    198.397     59.838 -9.990e-29
        197     -1.504     8.9337   1.562717    -0.2672     1.7460     0.1947     -1.490     -1.490    13.5595    198.392     59.836 -9.990e-29
        198     -1.506     8.9327   1.564513    -0.2619     1.7458     0.1928     -1.492     -1.492    13.5768    198.351     59.829 -9.990e-29
        199     -1.507     8.9313   1.567374    -0.2559     1.7456     0.1904     -1.493     -1.493    13.6043    198.302     59.823 -9.990e-29
        200     -1.509     8.9293   1.571398    -0.2492     1.7454     0.1876     -1.495     -1.495    13.6430    198.244     59.818 -9.990e-29
        201     -1.510     8.9265   1.575903    -0.2416     1.7452     0.1844     -1.496     -1.496    13.6866    198.184     59.812 -9.990e-29
        202     -1.513     8.9241   1.580806    -0.2330     1.7450     0.1808     -1.499     -1.499    13.7337    198.119     59.808 -9.990e-29
        203     -1.514     8.9222   1.585207    -0.2236     1.7448     0.1767     -1.500     -1.500    13.7760    198.060     59.804 -9.990e-29
        204     -1.514     8.9207   1.588824    -0.2137     1.7447     0.1724     -1.500     -1.500    13.8107    198.027     59.805 -9.990e-29
        205     -1.513     8.9189   1.590394    -0.2042     1.7444     0.1682     -1.499     -1.499    13.8262    197.989     59.797 -9.990e-29
        206     -1.513     8.9176   1.589661    -0.1956     1.7442     0.1643     -1.499     -1.499    13.8198    197.994     59.794 -9.990e-29
        207     -1.513     8.9163   1.588000    -0.1877     1.7440     0.1606     -1.499     -1.499    13.8046    198.012     59.792 -9.990e-29
        208     -1.515     8.9153   1.586621    -0.1806     1.7439     0.1571     -1.501     -1.501    13.7920    198.042     59.795 -9.990e-29
        209     -1.517     8.9139   1.586690    -0.1741     1.7438     0.1537     -1.503     -1.503    13.7932    198.056     59.797 -9.990e-29
        210     -1.518     8.9129   1.587353    -0.1681     1.7437     0.1505     -1.504     -1.504    13.7998    198.061     59.800 -9.990e-29
        211     -1.519     8.9117   1.587293    -0.1628     1.7436     0.1474     -1.505     -1.505    13.7997    198.074     59.802 -9.990e-29
        212     -1.519     8.9109   1.586829    -0.1580     1.7435     0.1445     -1.505     -1.505    13.7957    198.088     59.804 -9.990e-29
        213     -1.519     8.9096   1.586132    -0.1536     1.7434     0.1417     -1.505     -1.505    13.7896    198.105     59.805 -9.990e-29
        214     -1.517     8.9083   1.586041    -0.1498     1.7432     0.1390     -1.504     -1.503    13.7892    198.097     59.800 -9.990e-29
        215     -1.516     8.9071   1.585798    -0.1463     1.7431     0.1363     -1.502     -1.502    13.7874    198.104     59.800 -9.990e-29
        216     -1.515     8.9059   1.585720    -0.1433     1.7429     0.1336     -1.501     -1.501    13.7871    198.092     59.795 -9.990e-29
        217     -1.515     8.9049   1.585505    -0.1407     1.7427     0.1310     -1.501     -1.501    13.7855    198.078     59.789 -9.990e-29
        218     -1.516     8.9037   1.585757    -0.1384     1.7426     0.1283     -1.502     -1.502    13.7883    198.075     59.787 -9.990e-29
        219     -1.518     8.9028   1.586172    -0.1365     1.7424     0.1257     -1.504     -1.504    13.7926    198.050     59.780 -9.990e-29
        220     -1.519     8.9018   1.586385    -0.1349     1.7423     0.1230     -1.505     -1.505    13.7950    198.043     59.778 -9.990e-29
        221     -1.519     8.9000   1.586657    -0.1337     1.7422     0.1202     -1.505     -1.505    13.7983    198.040     59.775 -9.990e-29
        222     -1.518     8.8987   1.586941    -0.1328     1.7420     0.1175     -1.504     -1.504    13.8015    198.019     59.769 -9.990e-29
