Data/CTD_01_avg.cnv
* Sea-Bird SBE 9 Data File:
* FileName = C:\Users\ctd-user\Desktop\CTD_data\OC4920\CTD_01.hex
* Software Version Seasave V 7.26.2.13
* Temperature SN = 6313
* Conductivity SN = 4758
* Number of Bytes Per Scan = 28
* Number of Voltage Words = 3
* Number of Scans Averaged by the Deck Unit = 1
* NMEA Latitude = 57 33.55 N
* NMEA Longitude = 011 31.36 E
* NMEA UTC (Time) = May 06 2025 09:08:45
** Station: test
** Operator: Operator 1
** Ship: 7720 Skagerak
** Cruise: 7720-2025-01
** Latitude [GG MM.mm N]:
** Longitude [GG MM.mm E]:
** Pumps: PrimaryPump: 1820 # SecondaryPump:
** EventIDs: EventID: 3decf26d-821b-4112-8042-a2c98b568458 # ParentEventID:
** Additional Sampling:
** Metadata admin: MPROG: Other # PROJ: Other # ORDERER: GU # SLABO: GU # ALABO: GU # REFSK: ingen
** Metadata conditions: WADEP: 10 # WINSP: 1 # WINDIR: 02 # AIRPRES: 1000 # AIRTEMP: 1 # WEATH: 9 # CLOUD: 9 # WAVES: 9 # ICEOB: 9 # COMNT_VISIT:
** LIMS Job:
# nquan = 18
# nvalues = 137                         
# units = specified
# name 0 = scan: Scan Count
# name 1 = prDM: Pressure, Digiquartz [db]
# name 2 = t090C: Temperature [ITS-90, deg C]
# name 3 = c0S/m: Conductivity [S/m]
# name 4 = flECO-AFL: Fluorescence, WET Labs ECO-AFL/FL [mg/m^3]
# name 5 = sbeox0V: Oxygen raw, SBE 43 [V]
# name 6 = turbWETntu0: Turbidity, WET Labs ECO [NTU]
# name 7 = depSM: Depth [salt water, m]
# name 8 = depSM: Depth [salt water, m], lat = 57.5592
# name 9 = sal00: Salinity, Practical [PSU]
# name 10 = sbeox0Mg/L: Oxygen, SBE 43 [mg/l], WS = 2
# name 11 = sbeox0Mm/L: Oxygen, SBE 43 [umol/l], WS = 2
# name 12 = sbeox0PS: Oxygen, SBE 43 [% saturation], WS = 2
# name 13 = depSM: Depth [salt water, m], lat = 57.5592
# name 14 = sal00: Salinity, Practical [PSU]
# name 15 = sbeox0Mm/L: Oxygen, SBE 43 [umol/l], WS = 2
# name 16 = sbeox0PS: Oxygen, SBE 43 [% saturation], WS = 2
# name 17 = flag: flag
# span 0 =       5266,       9955       
# span 1 =      0.505,     69.150       
# span 2 =     7.3924,    10.6829       
# span 3 =   2.889585,   3.548794       
# span 4 =     0.0779,     4.2682       
# span 5 =     2.3727,     2.7184       
# span 6 =     0.1927,     0.4152       
# span 7 =      0.500,     68.500       
# span 8 =      0.500,     68.500       
# span 9 =    25.2917,    34.6022       
# span 10 =     8.6251,    10.1241      
# span 11 =    269.538,    316.383      
# span 12 =     90.846,    107.057      
# span 13 =      0.500,     68.500      
# span 14 =    25.2917,    34.6022      
# span 15 =    269.538,    316.383      
# span 16 =     90.846,    107.057      
# span 17 = 0.0000e+00, 0.0000e+00      
# interval = meters: 0.5                
# start_time = May 06 2025 09:08:45 [NMEA time, header]
# bad_flag = -9.990e-29
*END*
       5266      0.505    10.6828   2.898049     0.2600     2.7157     0.2141      0.500      0.500    25.3738    10.1213    316.296    107.047      0.500    25.3738    316.296    107.047 0.0000e+00
       5284      1.009    10.6802   2.895885     0.2888     2.7174     0.2192      1.000      1.000    25.3545    10.1241    316.383    107.057      1.000    25.3545    316.383    107.057 0.0000e+00
       5308      1.514    10.6829   2.889585     0.3320     2.7184     0.2198      1.500      1.500    25.2917    10.1224    316.328    107.002      1.500    25.2917    316.328    107.002 0.0000e+00
       5333      2.019    10.6658   2.896010     0.3985     2.7178     0.2193      2.000      2.000    25.3653    10.1104    315.955    106.886      2.000    25.3653    315.955    106.886 0.0000e+00
       5357      2.523    10.6716   2.952686     0.5175     2.7170     0.2231      2.500      2.500    25.9093    10.0772    314.917    106.918      2.500    25.9093    314.917    106.918 0.0000e+00
       5378      3.028    10.6725   3.023670     0.6006     2.7174     0.2265      3.000      3.000    26.5960    10.0398    313.750    106.990      3.000    26.5960    313.750    106.990 0.0000e+00
       5400      3.533    10.6716   3.001376     0.6335     2.7176     0.2329      3.500      3.500    26.3802    10.0432    313.853    106.877      3.500    26.3802    313.853    106.877 0.0000e+00
       5424      4.037    10.6758   2.992787     0.6507     2.7152     0.2379      4.000      4.000    26.2937    10.0279    313.376    106.665      4.000    26.2937    313.376    106.665 0.0000e+00
       5448      4.542    10.6784   3.054107     0.7182     2.7134     0.2386      4.500      4.500    26.8869    10.0011    312.539    106.789      4.500    26.8869    312.539    106.789 0.0000e+00
       5471      5.047    10.6684   3.090447     0.8053     2.7151     0.2340      5.000      5.000    27.2477     9.9963    312.389    106.960      5.000    27.2477    312.389    106.960 0.0000e+00
       5492      5.551    10.5766   3.144756     0.9509     2.7147     0.2284      5.500      5.500    27.8470     9.9446    310.772    106.599      5.500    27.8470    310.772    106.599 0.0000e+00
       5514      6.056    10.5156   3.189716     1.1676     2.7097     0.2293      6.000      6.000    28.3345     9.8913    309.107    106.217      6.000    28.3345    309.107    106.217 0.0000e+00
       5536      6.561    10.4812   3.219456     1.4615     2.7050     0.2352      6.500      6.500    28.6538     9.8403    307.512    105.805      6.500    28.6538    307.512    105.805 0.0000e+00
       5559      7.065    10.1610   3.289125     1.8050     2.6946     0.2439      7.000      7.000    29.6019     9.7652    305.168    104.899      7.000    29.6019    305.168    104.899 0.0000e+00
       5583      7.570     9.8498   3.365750     2.3542     2.6809     0.2543      7.500      7.500    30.6279     9.7052    303.291    104.227      7.500    30.6279    303.291    104.227 0.0000e+00
       5608      8.075     9.5812   3.375512     3.2572     2.6666     0.2620      8.000      8.000    30.9559     9.6509    301.596    103.251      8.000    30.9559    301.596    103.251 0.0000e+00
       5632      8.579     9.3812   3.385483     3.9531     2.6459     0.2602      8.500      8.500    31.2309     9.5274    297.736    101.660      8.500    31.2309    297.736    101.660 0.0000e+00
       5653      9.084     9.2716   3.413209     4.1662     2.6225     0.2547      8.999      9.000    31.6112     9.3967    293.650    100.267      9.000    31.6112    293.650    100.267 0.0000e+00
       5674      9.589     9.1919   3.439592     4.1258     2.5988     0.2557      9.500      9.500    31.9535     9.3383    291.826     99.689      9.500    31.9535    291.826     99.689 0.0000e+00
       5697     10.093     8.9553   3.445477     4.2682     2.5870     0.2552     10.000     10.000    32.2277     9.4478    295.249    100.506     10.000    32.2277    295.249    100.506 0.0000e+00
       5721     10.598     8.3208   3.418764     3.6752     2.5872     0.2460     10.500     10.500    32.5286     9.6202    300.636    101.095     10.500    32.5286    300.636    101.095 0.0000e+00
       5744     11.103     7.8520   3.372360     3.1683     2.5858     0.2347     11.000     11.000    32.4704     9.7174    303.672    101.004     11.000    32.4704    303.672    101.004 0.0000e+00
       5767     11.607     7.7916   3.360081     2.6675     2.5845     0.2207     11.500     11.500    32.3952     9.7185    303.706    100.828     11.500    32.3952    303.706    100.828 0.0000e+00
       5791     12.112     7.7523   3.361311     2.0644     2.5797     0.2069     12.000     12.000    32.4446     9.6434    301.361     99.993     12.000    32.4446    301.361     99.993 0.0000e+00
       5815     12.617     7.7060   3.364950     1.9489     2.5652     0.2031     12.500     12.500    32.5266     9.4867    296.463     98.317     12.500    32.5266    296.463     98.317 0.0000e+00
       5839     13.122     7.7111   3.375346     1.8733     2.5406     0.2032     13.000     13.000    32.6331     9.3019    290.690     96.480     13.000    32.6331    290.690     96.480 0.0000e+00
       5861     13.626     7.7165   3.391176     1.4578     2.5145     0.1973     13.500     13.500    32.7976     9.1790    286.848     95.319     13.500    32.7976    286.848     95.319 0.0000e+00
       5884     14.131     7.7097   3.409366     1.2337     2.4929     0.1927     14.000     14.000    32.9992     9.1203    285.013     94.820     14.000    32.9992    285.013     94.820 0.0000e+00
       5907     14.636     7.6523   3.421501     1.0103     2.4775     0.1958     14.500     14.500    33.1840     9.1143    284.826     94.749     14.500    33.1840    284.826     94.749 0.0000e+00
       5931     15.140     7.6268   3.425793     0.8072     2.4675     0.1962     15.000     15.000    33.2544     9.1133    284.795     94.727     15.000    33.2544    284.795     94.727 0.0000e+00
       5954     15.645     7.6430   3.430365     0.7842     2.4607     0.1928     15.500     15.500    33.2879     9.0838    283.872     94.475     15.500    33.2879    283.872     94.475 0.0000e+00
       5975     16.150     7.6732   3.443992     0.7718     2.4538     0.1946     16.000     16.000    33.4055     9.0553    282.982     94.317     16.000    33.4055    282.982     94.317 0.0000e+00
       5997     16.654     7.6712   3.454456     0.7114     2.4516     0.1945     16.500     16.500    33.5200     9.1002    284.387     94.851     16.500    33.5200    284.387     94.851 0.0000e+00
       6021     17.159     7.6140   3.457889     1.0600     2.4564     0.1968     17.000     17.000    33.6120     9.1475    285.862     95.277     17.000    33.6120    285.862     95.277 0.0000e+00
       6045     17.664     7.7007   3.459541     1.1592     2.4552     0.1998     17.500     17.500    33.5459     9.0143    281.699     94.033     17.500    33.5459    281.699     94.033 0.0000e+00
       6070     18.169     8.0498   3.493803     0.5034     2.4386     0.2018     18.000     18.000    33.5772     8.7932    274.790     92.472     18.000    33.5772    274.790     92.472 0.0000e+00
       6093     18.673     8.2902   3.538660     0.3300     2.4234     0.2335     18.500     18.500    33.8239     8.7106    272.209     92.249     18.500    33.8239    272.209     92.249 0.0000e+00
       6115     19.178     8.2230   3.548740     0.2760     2.4166     0.2863     19.000     19.000    33.9958     8.7338    272.935     92.459     19.000    33.9958    272.935     92.459 0.0000e+00
       6137     19.683     8.1853   3.539928     0.2404     2.4128     0.3209     19.500     19.500    33.9381     8.7451    273.288     92.465     19.500    33.9381    273.288     92.465 0.0000e+00
       6160     20.187     8.2117   3.540807     0.2386     2.4096     0.3367     20.000     20.000    33.9218     8.7247    272.651     92.295     20.000    33.9218    272.651     92.295 0.0000e+00
       6184     20.692     8.2388   3.544979     0.2414     2.4051     0.3449     20.500     20.500    33.9397     8.6951    271.726     92.048     20.500    33.9397    271.726     92.048 0.0000e+00
       6208     21.197     8.2549   3.547134     0.2402     2.4014     0.3435     21.000     21.000    33.9468     8.6880    271.504     92.011     21.000    33.9468    271.504     92.011 0.0000e+00
       6230     21.701     8.2594   3.548794     0.2329     2.3997     0.3430     21.500     21.500    33.9599     8.6906    271.586     92.055     21.500    33.9599    271.586     92.055 0.0000e+00
       6252     22.206     8.2406   3.543935     0.2341     2.3988     0.3536     22.000     22.000    33.9262     8.6961    271.757     92.054     22.000    33.9262    271.757     92.054 0.0000e+00
       6276     22.711     8.2253   3.547148     0.2402     2.3979     0.3870     22.500     22.500    33.9749     8.6976    271.805     92.068     22.500    33.9749    271.805     92.068 0.0000e+00
       6299     23.216     8.1915   3.544229     0.2375     2.3979     0.4002     23.000     23.000    33.9763     8.7120    272.254     92.151     23.000    33.9763    272.254     92.151 0.0000e+00
       6324     23.720     8.1704   3.541171     0.2445     2.3983     0.3689     23.500     23.500    33.9639     8.7161    272.383     92.144     23.500    33.9639    272.383     92.144 0.0000e+00
       6347     24.225     8.1677   3.541369     0.2617     2.3978     0.3659     24.000     24.000    33.9684     8.7053    272.043     92.026     24.000    33.9684    272.043     92.026 0.0000e+00
       6369     24.730     8.1723   3.541295     0.2510     2.3960     0.3752     24.500     24.500    33.9629     8.6899    271.562     91.870     24.500    33.9629    271.562     91.870 0.0000e+00
       6392     25.234     8.1763   3.542425     0.2529     2.3944     0.3680     25.000     25.000    33.9708     8.6901    271.570     91.885     25.000    33.9708    271.570     91.885 0.0000e+00
       6416     25.739     8.1753   3.543097     0.2409     2.3941     0.3635     25.500     25.500    33.9787     8.7027    271.963     92.021     25.500    33.9787    271.963     92.021 0.0000e+00
       6438     26.244     8.1624   3.543229     0.2217     2.3951     0.3588     26.000     26.000    33.9924     8.7152    272.354     92.134     26.000    33.9924    272.354     92.134 0.0000e+00
       6459     26.749     8.1228   3.539984     0.2268     2.3961     0.3566     26.500     26.500    33.9959     8.7289    272.782     92.199     26.500    33.9959    272.782     92.199 0.0000e+00
       6482     27.253     8.1158   3.537618     0.2317     2.3973     0.3524     27.000     27.000    33.9773     8.7336    272.930     92.224     27.000    33.9773    272.930     92.224 0.0000e+00
       6507     27.758     8.1003   3.536982     0.2342     2.3972     0.3453     27.500     27.500    33.9852     8.7189    272.470     92.041     27.500    33.9852    272.470     92.041 0.0000e+00
       6533     28.263     8.1118   3.537077     0.2486     2.3946     0.3441     28.000     28.000    33.9749     8.6926    271.647     91.781     28.000    33.9749    271.647     91.781 0.0000e+00
       6556     28.768     8.1217   3.539870     0.2530     2.3919     0.3422     28.500     28.500    33.9949     8.6763    271.139     91.641     28.500    33.9949    271.139     91.641 0.0000e+00
       6577     29.272     8.0910   3.540587     0.2552     2.3894     0.3400     29.000     29.000    34.0320     8.6672    270.853     91.503     29.000    34.0320    270.853     91.503 0.0000e+00
       6596     29.777     8.0692   3.538530     0.2720     2.3866     0.3459     29.500     29.500    34.0310     8.6585    270.582     91.367     29.500    34.0310    270.582     91.367 0.0000e+00
       6618     30.282     8.0506   3.537429     0.2779     2.3839     0.3332     30.000     30.000    34.0371     8.6622    270.699     91.371     30.000    34.0371    270.699     91.371 0.0000e+00
       6644     30.786     8.0328   3.535992     0.2799     2.3831     0.3280     30.500     30.500    34.0387     8.6755    271.112     91.475     30.500    34.0387    271.112     91.475 0.0000e+00
       6672     31.291     8.0012   3.534099     0.2893     2.3820     0.3228     31.000     31.000    34.0490     8.6670    270.846     91.326     31.000    34.0490    270.846     91.326 0.0000e+00
       6696     31.796     7.9842   3.532496     0.3180     2.3803     0.3314     31.500     31.500    34.0482     8.6641    270.757     91.261     31.500    34.0482    270.757     91.261 0.0000e+00
       6716     32.301     7.9803   3.532577     0.3213     2.3791     0.3464     32.000     32.000    34.0526     8.6554    270.486     91.164     32.000    34.0526    270.486     91.164 0.0000e+00
       6735     32.805     7.9807   3.532736     0.3197     2.3770     0.3579     32.500     32.500    34.0537     8.6343    269.825     90.943     32.500    34.0537    269.825     90.943 0.0000e+00
       6756     33.310     7.9785   3.533292     0.3275     2.3736     0.3651     33.000     33.000    34.0615     8.6251    269.538     90.846     33.000    34.0615    269.538     90.846 0.0000e+00
       6779     33.815     7.9418   3.533106     0.3376     2.3727     0.3699     33.500     33.500    34.0951     8.6639    270.749     91.199     33.500    34.0951    270.749     91.199 0.0000e+00
       6804     34.320     7.8196   3.525548     0.3214     2.3768     0.3674     34.000     34.000    34.1330     8.7401    273.131     91.771     34.000    34.1330    273.131     91.771 0.0000e+00
       6830     34.824     7.7491   3.520210     0.3378     2.3828     0.3651     34.500     34.500    34.1443     8.7749    274.220     91.997     34.500    34.1443    274.220     91.997 0.0000e+00
       6855     35.329     7.7253   3.518028     0.3309     2.3858     0.3535     35.000     35.000    34.1439     8.7824    274.453     92.025     35.000    34.1439    274.453     92.025 0.0000e+00
       6876     35.834     7.6903   3.517268     0.3392     2.3887     0.3496     35.500     35.500    34.1698     8.8065    275.206     92.220     35.500    34.1698    275.206     92.220 0.0000e+00
       6897     36.339     7.6488   3.515081     0.3191     2.3913     0.3338     36.000     36.000    34.1867     8.8106    275.335     92.187     36.000    34.1867    275.335     92.187 0.0000e+00
       6918     36.843     7.6318   3.513813     0.3203     2.3909     0.3291     36.500     36.500    34.1895     8.7890    274.660     91.927     36.500    34.1895    274.660     91.927 0.0000e+00
       6941     37.348     7.6258   3.513267     0.3232     2.3897     0.3263     37.000     37.000    34.1893     8.8019    275.062     92.049     37.000    34.1893    275.062     92.049 0.0000e+00
       6965     37.853     7.5836   3.512683     0.3109     2.3925     0.3207     37.500     37.500    34.2242     8.8510    276.599     92.496     37.500    34.2242    276.599     92.496 0.0000e+00
       6988     38.358     7.5068   3.509448     0.3052     2.3966     0.3162     38.000     38.000    34.2647     8.8887    277.776     92.752     38.000    34.2647    277.776     92.752 0.0000e+00
       7011     38.862     7.5295   3.513194     0.2967     2.4006     0.3130     38.500     38.500    34.2826     8.9045    278.269     92.976     38.500    34.2826    278.269     92.976 0.0000e+00
       7034     39.367     7.5669   3.517170     0.2612     2.4046     0.3076     39.000     39.000    34.2886     8.9026    278.211     93.039     39.000    34.2886    278.211     93.039 0.0000e+00
       7058     39.872     7.5827   3.521040     0.2460     2.4067     0.3054     39.500     39.500    34.3146     8.8997    278.120     93.058     39.500    34.3146    278.120     93.058 0.0000e+00
       7080     40.377     7.5984   3.522796     0.2663     2.4090     0.3007     40.000     40.000    34.3180     8.9078    278.373     93.177     40.000    34.3180    278.373     93.177 0.0000e+00
