Data/CTD_09.cnv
* Sea-Bird SBE 9 Data File:
* FileName = C:\Users\ctd-user\Desktop\CTD_data\OC4920\CTD_09.hex
* Software Version Seasave V 7.26.2.13
* Temperature SN = 6313
* Conductivity SN = 4758
* Number of Bytes Per Scan = 28
* Number of Voltage Words = 3
* Number of Scans Averaged by the Deck Unit = 1
* NMEA Latitude = 57 52.85 N
* NMEA Longitude = 010 46.74 E
* NMEA UTC (Time) = May 07 2025 10:44:48
** Station: test
** Operator: Operator 1
** Ship: 7720 Skagerak
** Cruise: 7720-2025-01
** Latitude [GG MM.mm N]:
** Longitude [GG MM.mm E]:
** Pumps: PrimaryPump: 1820 # SecondaryPump:
** EventIDs: EventID: 3decf26d-821b-4112-8042-a2c98b568458 # ParentEventID:
** Additional Sampling:
** Metadata admin: MPROG: Other # PROJ: Other # ORDERER: GU # SLABO: GU # ALABO: GU # REFSK: ingen
** Metadata conditions: WADEP: 10 # WINSP: 1 # WINDIR: 02 # AIRPRES: 1000 # AIRTEMP: 1 # WEATH: 9 # CLOUD: 9 # WAVES: 9 # ICEOB: 9 # COMNT_VISIT:
** LIMS Job:
# nquan = 13                                
# nvalues = 8999                        
# units = specified
# name 0 = scan: Scan Count
# name 1 = prDM: Pressure, Digiquartz [db]
# name 2 = t090C: Temperature [ITS-90, deg C]
# name 3 = c0S/m: Conductivity [S/m]
# name 4 = flECO-AFL: Fluorescence, WET Labs ECO-AFL/FL [mg/m^3]
# name 5 = sbeox0V: Oxygen raw, SBE 43 [V]
# name 6 = turbWETntu0: Turbidity, WET Labs ECO [NTU]
# name 7 = depSM: Depth [salt water, m]
# name 8 = depSM: Depth [salt water, m], lat = 57.8808
# name 9 = sal00: Salinity, Practical [PSU]
# name 10 = sbeox0Mm/L: Oxygen, SBE 43 [umol/l], WS = 2
# name 11 = sbeox0PS: Oxygen, SBE 43 [% saturation], WS = 2
# name 12 = flag: flag
# span 0 =          1,       8999       
# span 1 =     -1.007,    124.278       
# span 2 =     7.7737,    10.2429       
# span 3 =   3.398506,   3.691187       
# span 4 =    -0.0505,     8.6925       
# span 5 =     2.1630,     2.9312       
# span 6 =     0.1672,     0.3453       
# span 7 =     -0.998,    123.091       
# span 8 =     -0.998,    123.090       
# span 9 =    30.6421,    35.3001       
# span 10 =    231.746,    347.764      
# span 11 =     79.890,    119.823      
# span 12 = 0.0000e+00, 0.0000e+00      
# interval = seconds: 0.0416667
# start_time = May 07 2025 10:44:48 [NMEA time, header]
# bad_flag = -9.990e-29
*END*
[from data line 4889]
       4890     41.737     7.8377   3.625817     0.0121     2.5604     0.2009     41.346     41.346    35.1928    296.598    100.389 0.0000e+00
       4891     41.760     7.8376   3.625388     0.0116     2.5604     0.2012     41.369     41.369    35.1883    296.605    100.388 0.0000e+00
       4892     41.785     7.8377   3.624984     0.0112     2.5604     0.2014     41.394     41.394    35.1838    296.613    100.388 0.0000e+00
       4893     41.811     7.8365   3.624671     0.0108     2.5604     0.2016     41.419     41.420    35.1816    296.626    100.388 0.0000e+00
       4894     41.836     7.8347   3.624462     0.0105     2.5605     0.2018     41.445     41.445    35.1812    296.655    100.393 0.0000e+00
       4895     41.862     7.8335   3.624220     0.0102     2.5605     0.2020     41.470     41.470    35.1798    296.665    100.393 0.0000e+00
       4896     41.886     7.8337   3.624044     0.0099     2.5605     0.2022     41.493     41.494    35.1776    296.667    100.393 0.0000e+00
       4897     41.909     7.8342   3.623981     0.0097     2.5605     0.2024     41.516     41.517    35.1764    296.663    100.392 0.0000e+00
       4898     41.933     7.8334   3.623937     0.0095     2.5606     0.2025     41.540     41.541    35.1768    296.678    100.396 0.0000e+00
       4899     41.956     7.8319   3.623926     0.0094     2.5606     0.2026     41.563     41.563    35.1782    296.680    100.394 0.0000e+00
       4900     41.977     7.8309   3.623899     0.0092     2.5607     0.2027     41.584     41.584    35.1789    296.694    100.397 0.0000e+00
       4901     41.998     7.8295   3.623872     0.0092     2.5608     0.2028     41.605     41.605    35.1800    296.709    100.399 0.0000e+00
       4902     42.019     7.8285   3.623888     0.0091     2.5608     0.2029     41.625     41.626    35.1811    296.707    100.397 0.0000e+00
       4903     42.040     7.8274   3.623878     0.0091     2.5607     0.2030     41.647     41.647    35.1821    296.692    100.390 0.0000e+00
       4904     42.062     7.8262   3.623875     0.0092     2.5607     0.2031     41.668     41.668    35.1833    296.693    100.389 0.0000e+00
       4905     42.082     7.8252   3.623734     0.0092     2.5607     0.2032     41.688     41.688    35.1828    296.694    100.386 0.0000e+00
       4906     42.103     7.8244   3.623619     0.0093     2.5607     0.2033     41.709     41.709    35.1823    296.693    100.384 0.0000e+00
       4907     42.124     7.8230   3.623466     0.0095     2.5607     0.2034     41.730     41.730    35.1821    296.698    100.382 0.0000e+00
       4908     42.145     7.8218   3.623432     0.0096     2.5607     0.2035     41.750     41.751    35.1829    296.700    100.381 0.0000e+00
       4909     42.167     7.8214   3.623462     0.0099     2.5607     0.2036     41.772     41.772    35.1836    296.698    100.380 0.0000e+00
       4910     42.190     7.8205   3.623423     0.0101     2.5607     0.2037     41.795     41.795    35.1841    296.703    100.380 0.0000e+00
       4911     42.212     7.8202   3.623286     0.0104     2.5608     0.2038     41.816     41.817    35.1829    296.719    100.384 0.0000e+00
       4912     42.234     7.8203   3.623138     0.0107     2.5609     0.2039     41.838     41.839    35.1812    296.732    100.387 0.0000e+00
       4913     42.257     7.8196   3.622981     0.0111     2.5610     0.2040     41.862     41.862    35.1802    296.749    100.391 0.0000e+00
       4914     42.281     7.8186   3.622901     0.0115     2.5611     0.2041     41.885     41.885    35.1803    296.769    100.395 0.0000e+00
       4915     42.304     7.8178   3.622785     0.0119     2.5612     0.2042     41.907     41.908    35.1799    296.789    100.400 0.0000e+00
       4916     42.325     7.8181   3.622692     0.0122     2.5613     0.2043     41.928     41.929    35.1786    296.804    100.405 0.0000e+00
       4917     42.344     7.8184   3.622610     0.0126     2.5613     0.2044     41.948     41.948    35.1774    296.805    100.405 0.0000e+00
       4918     42.363     7.8192   3.622470     0.0128     2.5613     0.2045     41.966     41.967    35.1750    296.804    100.405 0.0000e+00
       4919     42.383     7.8192   3.622352     0.0130     2.5613     0.2045     41.986     41.986    35.1737    296.808    100.405 0.0000e+00
       4920     42.402     7.8185   3.622273     0.0132     2.5613     0.2046     42.005     42.005    35.1736    296.810    100.405 0.0000e+00
       4921     42.421     7.8174   3.622203     0.0132     2.5612     0.2046     42.024     42.024    35.1739    296.798    100.398 0.0000e+00
       4922     42.440     7.8160   3.622138     0.0132     2.5611     0.2046     42.043     42.043    35.1746    296.787    100.392 0.0000e+00
       4923     42.460     7.8151   3.622065     0.0132     2.5611     0.2046     42.062     42.063    35.1747    296.788    100.390 0.0000e+00
       4924     42.479     7.8142   3.622062     0.0130     2.5611     0.2046     42.081     42.081    35.1756    296.788    100.389 0.0000e+00
       4925     42.500     7.8131   3.621998     0.0128     2.5611     0.2046     42.102     42.102    35.1760    296.793    100.388 0.0000e+00
       4926     42.521     7.8114   3.621879     0.0126     2.5612     0.2046     42.123     42.123    35.1764    296.818    100.393 0.0000e+00
       4927     42.543     7.8102   3.621738     0.0122     2.5612     0.2045     42.145     42.145    35.1761    296.826    100.393 0.0000e+00
       4928     42.565     7.8094   3.621742     0.0118     2.5613     0.2045     42.166     42.167    35.1770    296.842    100.397 0.0000e+00
       4929     42.587     7.8077   3.621849     0.0114     2.5613     0.2045     42.188     42.188    35.1798    296.843    100.395 0.0000e+00
       4930     42.609     7.8063   3.621904     0.0108     2.5612     0.2045     42.210     42.210    35.1818    296.827    100.388 0.0000e+00
       4931     42.632     7.8047   3.621899     0.0102     2.5612     0.2045     42.233     42.233    35.1834    296.826    100.385 0.0000e+00
       4932     42.654     7.8032   3.621839     0.0095     2.5612     0.2045     42.255     42.255    35.1842    296.824    100.382 0.0000e+00
       4933     42.676     7.8023   3.621700     0.0087     2.5612     0.2044     42.276     42.277    35.1836    296.818    100.377 0.0000e+00
       4934     42.698     7.8021   3.621508     0.0078     2.5613     0.2044     42.298     42.298    35.1817    296.824    100.378 0.0000e+00
       4935     42.718     7.8018   3.621448     0.0068     2.5612     0.2043     42.318     42.318    35.1814    296.797    100.368 0.0000e+00
       4936     42.738     7.8019   3.621383     0.0056     2.5612     0.2042     42.337     42.338    35.1806    296.785    100.363 0.0000e+00
       4937     42.757     7.8020   3.621271     0.0044     2.5612     0.2042     42.356     42.357    35.1792    296.774    100.359 0.0000e+00
       4938     42.776     7.8019   3.621104     0.0032     2.5613     0.2042     42.376     42.376    35.1775    296.781    100.360 0.0000e+00
       4939     42.795     7.8018   3.620985     0.0020     2.5614     0.2042     42.394     42.394    35.1763    296.787    100.361 0.0000e+00
       4940     42.814     7.8019   3.620967     0.0009     2.5615     0.2042     42.413     42.413    35.1760    296.788    100.361 0.0000e+00
       4941     42.834     7.8020   3.620789    -0.0002     2.5616     0.2042     42.433     42.433    35.1740    296.794    100.362 0.0000e+00
       4942     42.855     7.8016   3.620578    -0.0011     2.5616     0.2042     42.454     42.454    35.1721    296.789    100.358 0.0000e+00
       4943     42.876     7.8018   3.620412    -0.0019     2.5616     0.2043     42.474     42.475    35.1701    296.780    100.354 0.0000e+00
       4944     42.898     7.8016   3.620257    -0.0027     2.5614     0.2043     42.496     42.496    35.1686    296.747    100.342 0.0000e+00
       4945     42.921     7.8008   3.620183    -0.0034     2.5613     0.2044     42.520     42.519    35.1686    296.733    100.335 0.0000e+00
       4946     42.946     7.8003   3.620163    -0.0040     2.5613     0.2045     42.544     42.544    35.1689    296.730    100.333 0.0000e+00
       4947     42.969     7.8000   3.620120    -0.0045     2.5613     0.2045     42.567     42.567    35.1687    296.726    100.331 0.0000e+00
       4948     42.992     7.7998   3.620113    -0.0049     2.5613     0.2045     42.590     42.590    35.1688    296.721    100.329 0.0000e+00
       4949     43.015     7.7997   3.620160    -0.0053     2.5614     0.2045     42.612     42.612    35.1694    296.727    100.331 0.0000e+00
       4950     43.038     7.7996   3.620184    -0.0057     2.5614     0.2045     42.635     42.635    35.1698    296.718    100.328 0.0000e+00
       4951     43.061     7.7997   3.620148    -0.0060     2.5614     0.2045     42.658     42.658    35.1693    296.709    100.325 0.0000e+00
       4952     43.084     7.7996   3.620160    -0.0062     2.5614     0.2045     42.681     42.681    35.1695    296.702    100.322 0.0000e+00
       4953     43.106     7.7997   3.620172    -0.0063     2.5613     0.2045     42.703     42.703    35.1695    296.679    100.315 0.0000e+00
       4954     43.127     7.7998   3.620131    -0.0063     2.5612     0.2045     42.724     42.723    35.1689    296.659    100.308 0.0000e+00
       4955     43.149     7.7997   3.620119    -0.0063     2.5611     0.2045     42.745     42.745    35.1689    296.636    100.300 0.0000e+00
       4956     43.171     7.8001   3.620150    -0.0061     2.5610     0.2046     42.768     42.767    35.1688    296.609    100.292 0.0000e+00
       4957     43.193     7.8000   3.620071    -0.0059     2.5609     0.2046     42.789     42.789    35.1681    296.586    100.283 0.0000e+00
       4958     43.214     7.8001   3.620017    -0.0057     2.5609     0.2045     42.810     42.809    35.1674    296.573    100.279 0.0000e+00
       4959     43.237     7.8001   3.620017    -0.0054     2.5608     0.2045     42.832     42.832    35.1674    296.546    100.270 0.0000e+00
       4960     43.261     7.7995   3.619973    -0.0051     2.5608     0.2046     42.856     42.856    35.1675    296.536    100.265 0.0000e+00
       4961     43.284     7.7992   3.619960    -0.0046     2.5608     0.2046     42.879     42.879    35.1676    296.525    100.260 0.0000e+00
       4962     43.308     7.7981   3.619961    -0.0042     2.5607     0.2046     42.903     42.903    35.1687    296.503    100.251 0.0000e+00
       4963     43.333     7.7972   3.619963    -0.0036     2.5606     0.2046     42.927     42.927    35.1696    296.482    100.243 0.0000e+00
       4964     43.356     7.7965   3.619966    -0.0030     2.5604     0.2047     42.951     42.950    35.1704    296.450    100.231 0.0000e+00
       4965     43.380     7.7955   3.619968    -0.0024     2.5603     0.2047     42.974     42.974    35.1714    296.436    100.225 0.0000e+00
       4966     43.404     7.7939   3.619968    -0.0019     2.5603     0.2046     42.998     42.998    35.1730    296.441    100.224 0.0000e+00
       4967     43.429     7.7920   3.619966    -0.0014     2.5603     0.2046     43.023     43.022    35.1749    296.450    100.224 0.0000e+00
       4968     43.454     7.7910   3.620016    -0.0010     2.5604     0.2046     43.047     43.047    35.1764    296.467    100.228 0.0000e+00
       4969     43.478     7.7902   3.620037    -0.0006     2.5605     0.2045     43.072     43.071    35.1774    296.480    100.232 0.0000e+00
       4970     43.501     7.7900   3.619970    -0.0002     2.5606     0.2045     43.095     43.094    35.1769    296.490    100.234 0.0000e+00
       4971     43.526     7.7894   3.619973     0.0002     2.5606     0.2045     43.119     43.119    35.1775    296.485    100.231 0.0000e+00
       4972     43.550     7.7889   3.619952     0.0005     2.5606     0.2045     43.143     43.142    35.1778    296.478    100.228 0.0000e+00
       4973     43.573     7.7886   3.619880     0.0008     2.5605     0.2045     43.165     43.165    35.1773    296.455    100.219 0.0000e+00
       4974     43.595     7.7886   3.619837     0.0011     2.5604     0.2045     43.187     43.187    35.1768    296.431    100.211 0.0000e+00
       4975     43.618     7.7889   3.619695     0.0013     2.5603     0.2045     43.210     43.210    35.1750    296.406    100.202 0.0000e+00
       4976     43.642     7.7889   3.619628     0.0015     2.5603     0.2045     43.233     43.233    35.1742    296.394    100.197 0.0000e+00
       4977     43.665     7.7882   3.619524     0.0018     2.5602     0.2045     43.256     43.256    35.1738    296.373    100.188 0.0000e+00
       4978     43.688     7.7867   3.619345     0.0020     2.5602     0.2045     43.279     43.279    35.1734    296.371    100.184 0.0000e+00
       4979     43.712     7.7855   3.619179     0.0021     2.5601     0.2045     43.303     43.303    35.1728    296.353    100.175 0.0000e+00
       4980     43.736     7.7850   3.619069     0.0023     2.5600     0.2045     43.326     43.327    35.1721    296.327    100.164 0.0000e+00
       4981     43.760     7.7849   3.619002     0.0024     2.5599     0.2046     43.350     43.350    35.1715    296.296    100.153 0.0000e+00
       4982     43.784     7.7849   3.618942     0.0026     2.5597     0.2045     43.374     43.374    35.1708    296.247    100.136 0.0000e+00
       4983     43.809     7.7849   3.618906     0.0027     2.5596     0.2045     43.398     43.399    35.1704    296.210    100.123 0.0000e+00
       4984     43.833     7.7852   3.618858     0.0028     2.5595     0.2045     43.423     43.423    35.1696    296.169    100.110 0.0000e+00
       4985     43.857     7.7857   3.618824     0.0029     2.5595     0.2045     43.447     43.446    35.1687    296.142    100.101 0.0000e+00
       4986     43.882     7.7852   3.618868     0.0030     2.5594     0.2044     43.472     43.471    35.1696    296.103    100.088 0.0000e+00
       4987     43.907     7.7833   3.618860     0.0031     2.5594     0.2044     43.497     43.496    35.1715    296.087    100.079 0.0000e+00
       4988     43.931     7.7820   3.618873     0.0032     2.5594     0.2043     43.520     43.520    35.1729    296.068    100.071 0.0000e+00
       4989     43.952     7.7805   3.618813     0.0033     2.5594     0.2043     43.541     43.540    35.1738    296.051    100.062 0.0000e+00
       4990     43.974     7.7803   3.618651     0.0034     2.5593     0.2044     43.562     43.562    35.1722    296.014    100.048 0.0000e+00
       4991     43.995     7.7799   3.618505     0.0034     2.5593     0.2044     43.583     43.583    35.1710    295.994    100.040 0.0000e+00
       4992     44.017     7.7797   3.618480     0.0035     2.5592     0.2045     43.605     43.605    35.1709    295.960    100.028 0.0000e+00
       4993     44.040     7.7795   3.618484     0.0035     2.5591     0.2045     43.628     43.628    35.1712    295.928    100.017 0.0000e+00
       4994     44.063     7.7794   3.618489     0.0036     2.5590     0.2046     43.651     43.650    35.1713    295.901    100.007 0.0000e+00
       4995     44.086     7.7794   3.618470     0.0036     2.5588     0.2047     43.673     43.673    35.1711    295.863     99.994 0.0000e+00
       4996     44.109     7.7791   3.618516     0.0037     2.5586     0.2048     43.696     43.696    35.1719    295.827     99.982 0.0000e+00
       4997     44.132     7.7792   3.618539     0.0037     2.5584     0.2048     43.719     43.719    35.1720    295.791     99.970 0.0000e+00
       4998     44.155     7.7789   3.618513     0.0037     2.5582     0.2049     43.742     43.742    35.1720    295.759     99.959 0.0000e+00
       4999     44.180     7.7789   3.618339     0.0038     2.5580     0.2050     43.767     43.766    35.1701    295.727     99.947 0.0000e+00
       5000     44.206     7.7789   3.618147     0.0038     2.5578     0.2050     43.792     43.792    35.1680    295.696     99.935 0.0000e+00
