Data/CTD_11_avg.cnv
* Sea-Bird SBE 9 Data File:
* FileName = C:\Users\ctd-user\Desktop\CTD_data\OC4920\CTD_11.hex
* Software Version Seasave V 7.26.2.13
* Temperature SN = 6313
* Conductivity SN = 4758
* Number of Bytes Per Scan = 28
* Number of Voltage Words = 3
* Number of Scans Averaged by the Deck Unit = 1
* NMEA Latitude = 57 50.84 N
* NMEA Longitude = 010 46.70 E
* NMEA UTC (Time) = May 07 2025 11:30:52
** Station: test
** Operator: Operator 1
** Ship: 7720 Skagerak
** Cruise: 7720-2025-01
** Latitude [GG MM.mm N]:
** Longitude [GG MM.mm E]:
** Pumps: PrimaryPump: 1820 # SecondaryPump:
** EventIDs: EventID: 3decf26d-821b-4112-8042-a2c98b568458 # ParentEventID:
** Additional Sampling:
** Metadata admin: MPROG: Other # PROJ: Other # ORDERER: GU # SLABO: GU # ALABO: GU # REFSK: ingen
** Metadata conditions: WADEP: 10 # WINSP: 1 # WINDIR: 02 # AIRPRES: 1000 # AIRTEMP: 1 # WEATH: 9 # CLOUD: 9 # WAVES: 9 # ICEOB: 9 # COMNT_VISIT:
** LIMS Job:
# nquan = 13
# nvalues = 194                         
# units = specified
# name 0 = scan: Scan Count
# name 1 = prDM: Pressure, Digiquartz [db]
# name 2 = t090C: Temperature [ITS-90, deg C]
# name 3 = c0S/m: Conductivity [S/m]
# name 4 = flECO-AFL: Fluorescence, WET Labs ECO-AFL/FL [mg/m^3]
# name 5 = sbeox0V: Oxygen raw, SBE 43 [V]
# name 6 = turbWETntu0: Turbidity, WET Labs ECO [NTU]
# name 7 = depSM: Depth [salt water, m]
# name 8 = depSM: Depth [salt water, m], lat = 57.8473
# name 9 = sal00: Salinity, Practical [PSU]
# name 10 = sbeox0Mm/L: Oxygen, SBE 43 [umol/l], WS = 2
# name 11 = sbeox0PS: Oxygen, SBE 43 [% saturation], WS = 2
# name 12 = flag: flag
# span 0 =        307,       6533       
# span 1 =      0.505,     97.929       
# span 2 =     7.6441,    10.5280       
# span 3 =   3.423872,   3.675644       
# span 4 =    -0.0247,     5.8857       
# span 5 =     2.3991,     2.8062       
# span 6 =     0.1705,     0.3294       
# span 7 =      0.500,     97.000       
# span 8 =      0.500,     97.000       
# span 9 =    30.7440,    35.2465       
# span 10 =    255.545,    325.829      
# span 11 =     87.708,    112.335      
# span 12 = 0.0000e+00, 0.0000e+00      
# interval = meters: 0.5                
# start_time = May 07 2025 11:30:52 [NMEA time, header]
# bad_flag = -9.990e-29
*END*
        307      0.505    10.5280   3.434464     0.4996     2.4668     0.2280      0.500      0.500    30.7440    287.497    100.348 0.0000e+00
        332      1.009    10.4316   3.433601     0.3146     2.5229     0.2398      1.000      1.000    30.8167    290.241    101.141 0.0000e+00
        355      1.514    10.4035   3.433436     0.3169     2.5565     0.2482      1.500      1.500    30.8386    291.133    101.404 0.0000e+00
        376      2.019    10.4761   3.432881     0.3339     2.5734     0.2515      2.000      2.000    30.7715    289.843    101.071 0.0000e+00
        398      2.523    10.4857   3.432607     0.3375     2.5789     0.2517      2.500      2.500    30.7604    287.585    100.297 0.0000e+00
        422      3.028    10.3812   3.432305     0.3120     2.5712     0.2497      3.000      3.000    30.8457    283.126     98.572 0.0000e+00
        448      3.533    10.2409   3.430886     0.3193     2.5426     0.2499      3.500      3.500    30.9511    275.162     95.573 0.0000e+00
        474      4.037     9.7343   3.427605     0.4367     2.4953     0.2530      4.000      4.000    31.3542    267.669     92.182 0.0000e+00
        497      4.542     9.5621   3.426110     0.6954     2.4442     0.2662      4.500      4.500    31.4891    260.619     89.492 0.0000e+00
        519      5.047     9.5426   3.423872     0.9960     2.3991     0.2787      5.001      5.000    31.4833    255.545     87.708 0.0000e+00
        955      5.551     9.5425   3.470400     1.6300     2.4874     0.2582      5.500      5.500    31.9605    282.733     97.338 0.0000e+00
       2287      6.056     9.2634   3.560004     1.6682     2.5975     0.2770      6.000      6.000    33.1336    299.395    103.220 0.0000e+00
       2318      6.561     9.1006   3.576802     1.6911     2.6383     0.2631      6.500      6.500    33.4598    313.303    107.852 0.0000e+00
       2339      7.066     8.9853   3.617400     2.1577     2.6853     0.2548      7.000      7.000    33.9921    320.371    110.385 0.0000e+00
       2360      7.570     8.9613   3.630325     3.2683     2.7288     0.2576      7.501      7.500    34.1500    324.246    111.774 0.0000e+00
       2384      8.075     8.9542   3.634032     4.6797     2.7663     0.2652      8.000      8.000    34.1954    325.661    112.277 0.0000e+00
       2412      8.580     8.9449   3.636122     5.3309     2.7921     0.2673      8.500      8.500    34.2260    325.829    112.335 0.0000e+00
       2438      9.084     8.8878   3.639863     5.6797     2.8040     0.2627      9.000      9.000    34.3203    325.105    112.011 0.0000e+00
       2460      9.589     8.8010   3.648169     5.8857     2.8062     0.2600      9.500      9.500    34.4915    324.321    111.651 0.0000e+00
       2481     10.094     8.7714   3.650214     5.7355     2.8052     0.2554     10.000     10.000    34.5417    323.333    111.273 0.0000e+00
       2500     10.598     8.7412   3.654437     5.6087     2.8006     0.2517     10.500     10.500    34.6155    321.791    110.722 0.0000e+00
       2520     11.103     8.6991   3.656030     5.4264     2.7934     0.2492     11.000     11.000    34.6733    320.546    110.232 0.0000e+00
       2543     11.608     8.6847   3.656265     5.1262     2.7848     0.2442     11.500     11.500    34.6896    319.675    109.908 0.0000e+00
       2568     12.112     8.6811   3.656270     4.9017     2.7782     0.2384     12.000     12.000    34.6930    319.385    109.802 0.0000e+00
       2593     12.617     8.6795   3.656308     4.6345     2.7721     0.2349     12.500     12.500    34.6948    318.338    109.440 0.0000e+00
       2617     13.122     8.6717   3.656350     4.2883     2.7646     0.2317     13.000     13.000    34.7026    316.392    108.758 0.0000e+00
       2640     13.627     8.6446   3.656876     4.0096     2.7524     0.2326     13.500     13.500    34.7345    314.132    107.938 0.0000e+00
       2663     14.131     8.6119   3.657473     3.5969     2.7403     0.2310     14.000     14.000    34.7728    312.530    107.336 0.0000e+00
       2686     14.636     8.5708   3.658788     3.0266     2.7272     0.2191     14.500     14.500    34.8270    310.494    106.577 0.0000e+00
       2708     15.141     8.5313   3.659081     2.0946     2.7135     0.2067     15.000     15.000    34.8689    309.807    106.276 0.0000e+00
       2730     15.645     8.4926   3.657924     1.5548     2.7079     0.2000     15.500     15.500    34.8947    311.033    106.623 0.0000e+00
       2753     16.150     8.4797   3.657612     1.2287     2.7054     0.1960     16.000     16.000    34.9039    311.091    106.618 0.0000e+00
       2775     16.655     8.4577   3.658922     1.0331     2.7021     0.1917     16.500     16.500    34.9394    310.291    106.317 0.0000e+00
       2797     17.160     8.4287   3.658611     0.9861     2.6973     0.1890     17.000     17.000    34.9646    309.521    106.002 0.0000e+00
       2818     17.664     8.4200   3.657441     0.9600     2.6921     0.1862     17.500     17.500    34.9606    308.685    105.692 0.0000e+00
       2841     18.169     8.4059   3.657039     0.8774     2.6855     0.1816     18.000     18.000    34.9701    307.714    105.333 0.0000e+00
       2866     18.674     8.3734   3.655817     0.8899     2.6788     0.1808     18.500     18.500    34.9891    307.554    105.215 0.0000e+00
       2891     19.178     8.3315   3.654011     0.8622     2.6754     0.1808     19.000     19.000    35.0114    307.746    105.198 0.0000e+00
       2914     19.683     8.2596   3.649213     0.7784     2.6721     0.1823     19.500     19.500    35.0316    307.641    105.007 0.0000e+00
       2937     20.188     8.2161   3.643407     0.7210     2.6682     0.1861     20.000     20.000    35.0127    307.286    104.771 0.0000e+00
       2960     20.693     8.1948   3.640173     0.7141     2.6633     0.1877     20.500     20.500    34.9991    306.492    104.441 0.0000e+00
       2982     21.197     8.1731   3.638628     0.7503     2.6580     0.1879     21.000     21.000    35.0040    306.000    104.226 0.0000e+00
       3004     21.702     8.1443   3.635949     0.7766     2.6537     0.1884     21.500     21.500    35.0038    305.782    104.084 0.0000e+00
       3024     22.207     8.1237   3.633843     0.7385     2.6497     0.1906     22.000     22.000    35.0016    305.363    103.892 0.0000e+00
       3047     22.711     8.1006   3.631466     0.6481     2.6452     0.1926     22.500     22.500    34.9989    304.820    103.652 0.0000e+00
       3072     23.216     8.0692   3.628486     0.5882     2.6395     0.1919     23.000     23.000    34.9981    304.187    103.363 0.0000e+00
       3099     23.721     8.0562   3.626567     0.5542     2.6341     0.1958     23.500     23.500    34.9902    304.132    103.309 0.0000e+00
       3122     24.226     8.0525   3.625809     0.4961     2.6326     0.1966     24.000     24.000    34.9856    304.678    103.483 0.0000e+00
       3141     24.730     8.0528   3.626036     0.4910     2.6325     0.1963     24.500     24.500    34.9874    304.635    103.470 0.0000e+00
       3161     25.235     8.0767   3.627118     0.4564     2.6312     0.1966     25.000     25.000    34.9750    303.926    103.276 0.0000e+00
       3184     25.740     8.1260   3.632085     0.4338     2.6287     0.1963     25.500     25.500    34.9788    303.566    103.271 0.0000e+00
       3211     26.245     8.1256   3.635027     0.4259     2.6302     0.1956     26.000     26.000    35.0104    304.777    103.703 0.0000e+00
       3237     26.749     8.1403   3.635616     0.4554     2.6338     0.1909     26.500     26.500    35.0017    305.282    103.903 0.0000e+00
       3259     27.254     8.2363   3.639885     0.4486     2.6365     0.1850     27.000     27.000    34.9515    305.193    104.063 0.0000e+00
       3278     27.759     8.2960   3.654518     0.4611     2.6397     0.1845     27.500     27.500    35.0480    305.088    104.231 0.0000e+00
       3299     28.263     8.3042   3.656933     0.5447     2.6428     0.1859     28.000     28.000    35.0654    305.315    104.339 0.0000e+00
       3323     28.768     8.3273   3.658753     0.6662     2.6454     0.1877     28.500     28.500    35.0615    305.175    104.343 0.0000e+00
       3348     29.273     8.3417   3.661693     0.7328     2.6465     0.1957     29.000     29.000    35.0782    305.012    104.332 0.0000e+00
       3371     29.778     8.3467   3.662655     0.6723     2.6477     0.1859     29.500     29.500    35.0833    305.276    104.437 0.0000e+00
       3393     30.282     8.3488   3.663193     0.6510     2.6493     0.1821     30.000     30.000    35.0867    305.457    104.507 0.0000e+00
       3415     30.787     8.3490   3.663394     0.6567     2.6503     0.1808     30.500     30.500    35.0884    305.434    104.500 0.0000e+00
       3438     31.292     8.3480   3.663839     0.6621     2.6505     0.1804     31.000     31.000    35.0939    305.052    104.371 0.0000e+00
       3460     31.797     8.3504   3.664381     0.6606     2.6486     0.1797     31.500     31.500    35.0970    304.299    104.121 0.0000e+00
       3483     32.301     8.3456   3.664682     0.6457     2.6458     0.1770     32.000     32.000    35.1048    304.124    104.055 0.0000e+00
       3507     32.806     8.3466   3.665224     0.6168     2.6447     0.1753     32.500     32.500    35.1093    304.259    104.107 0.0000e+00
       3531     33.311     8.3466   3.665528     0.5989     2.6441     0.1767     33.000     33.000    35.1123    304.359    104.143 0.0000e+00
       3554     33.816     8.3455   3.665558     0.5996     2.6441     0.1746     33.500     33.500    35.1134    304.307    104.124 0.0000e+00
       3575     34.320     8.3463   3.665891     0.5911     2.6429     0.1770     34.000     34.000    35.1160    303.689    103.916 0.0000e+00
       3597     34.825     8.3392   3.666198     0.5825     2.6400     0.1737     34.500     34.500    35.1261    302.856    103.621 0.0000e+00
       3619     35.330     8.3327   3.665990     0.5575     2.6357     0.1721     35.000     35.000    35.1301    302.308    103.421 0.0000e+00
       3642     35.835     8.3289   3.664495     0.5136     2.6330     0.1761     35.500     35.500    35.1177    302.824    103.581 0.0000e+00
       3665     36.339     8.3294   3.660043     0.4701     2.6339     0.1799     36.000     36.000    35.0695    303.653    103.833 0.0000e+00
       3688     36.844     8.3158   3.666281     0.4352     2.6347     0.1772     36.500     36.500    35.1494    303.194    103.698 0.0000e+00
       3710     37.349     8.3047   3.665363     0.4020     2.6330     0.1730     37.000     37.000    35.1505    302.844    103.553 0.0000e+00
       3733     37.854     8.2985   3.664807     0.3690     2.6318     0.1747     37.500     37.500    35.1505    302.769    103.514 0.0000e+00
       3757     38.358     8.2881   3.664019     0.3430     2.6303     0.1791     37.999     38.000    35.1522    302.677    103.459 0.0000e+00
       3780     38.863     8.2902   3.663982     0.3399     2.6298     0.1802     38.500     38.500    35.1495    302.879    103.531 0.0000e+00
       3803     39.368     8.2927   3.665030     0.3444     2.6294     0.1792     39.000     39.000    35.1579    302.649    103.464 0.0000e+00
       3826     39.873     8.2899   3.665333     0.3286     2.6281     0.1743     39.500     39.500    35.1637    302.257    103.328 0.0000e+00
       3847     40.378     8.2940   3.666075     0.3212     2.6262     0.1723     40.000     40.000    35.1673    301.774    103.175 0.0000e+00
       3869     40.882     8.2989   3.666215     0.3205     2.6238     0.1716     40.500     40.500    35.1636    301.446    103.071 0.0000e+00
       3893     41.387     8.3034   3.667206     0.3287     2.6217     0.1717     41.001     41.000    35.1695    301.273    103.026 0.0000e+00
       3917     41.892     8.3027   3.667369     0.3499     2.6200     0.1743     41.500     41.500    35.1717    300.850    102.881 0.0000e+00
       3938     42.397     8.3018   3.667333     0.3650     2.6171     0.1764     42.001     42.000    35.1719    300.514    102.765 0.0000e+00
       3958     42.901     8.3052   3.667657     0.3640     2.6160     0.1740     42.500     42.500    35.1717    300.552    102.785 0.0000e+00
       3980     43.406     8.3054   3.668882     0.3748     2.6140     0.1779     43.000     43.000    35.1844    299.905    102.573 0.0000e+00
       4005     43.911     8.3045   3.668974     0.3927     2.6100     0.1788     43.500     43.500    35.1861    298.888    102.224 0.0000e+00
       4031     44.416     8.3173   3.669629     0.3981     2.6040     0.1736     44.000     44.000    35.1800    297.549    101.791 0.0000e+00
       4055     44.921     8.3438   3.672882     0.3869     2.5971     0.1713     44.500     44.500    35.1879    295.809    101.261 0.0000e+00
       4077     45.425     8.3513   3.675644     0.3798     2.5877     0.1711     45.000     45.000    35.2096    293.740    100.584 0.0000e+00
       4099     45.930     8.3362   3.675356     0.3785     2.5776     0.1713     45.500     45.500    35.2214    292.916    100.276 0.0000e+00
       4122     46.435     8.3313   3.674629     0.3760     2.5712     0.1713     46.000     46.000    35.2183    292.697    100.188 0.0000e+00
       4144     46.940     8.3275   3.674492     0.3703     2.5647     0.1705     46.500     46.500    35.2204    291.274     99.694 0.0000e+00
       4165     47.444     8.3233   3.674228     0.3587     2.5555     0.1707     47.000     47.000    35.2215    289.362     99.031 0.0000e+00
       4186     47.949     8.3175   3.673559     0.3462     2.5458     0.1723     47.500     47.500    35.2200    288.945     98.874 0.0000e+00
       4208     48.454     8.3125   3.667655     0.3394     2.5427     0.1758     48.000     48.000    35.1617    291.317     99.637 0.0000e+00
       4231     48.959     8.3126   3.665310     0.3262     2.5498     0.1737     48.500     48.500    35.1364    294.200    100.606 0.0000e+00
       4256     49.464     8.3103   3.673797     0.2988     2.5590     0.1710     49.000     49.000    35.2290    294.903    100.902 0.0000e+00
       4280     49.968     8.2981   3.673318     0.2685     2.5638     0.1712     49.500     49.500    35.2359    294.585    100.771 0.0000e+00
       4304     50.473     8.2804   3.671731     0.2333     2.5657     0.1718     50.000     50.000    35.2364    294.434    100.680 0.0000e+00
       4328     50.978     8.2740   3.670531     0.2098     2.5655     0.1720     50.500     50.500    35.2298    293.925    100.487 0.0000e+00
       4352     51.483     8.2655   3.669972     0.1974     2.5637     0.1755     51.000     51.000    35.2321    293.509    100.327 0.0000e+00
       4374     51.988     8.2604   3.669211     0.1821     2.5617     0.1796     51.500     51.500    35.2289    293.342    100.256 0.0000e+00
       4394     52.492     8.2468   3.668941     0.1649     2.5607     0.1806     52.000     52.000    35.2393    293.454    100.271 0.0000e+00
       4414     52.997     8.2197   3.666943     0.1460     2.5596     0.1806     52.500     52.500    35.2449    293.552    100.247 0.0000e+00
       4435     53.502     8.1781   3.663210     0.1445     2.5590     0.1797     53.000     53.000    35.2465    293.904    100.275 0.0000e+00
       4457     54.007     8.1449   3.659140     0.1393     2.5589     0.1794     53.500     53.500    35.2360    294.621    100.438 0.0000e+00
       4482     54.512     8.1087   3.655462     0.1277     2.5610     0.1800     54.000     54.000    35.2327    295.261    100.573 0.0000e+00
       4506     55.016     8.0867   3.652063     0.1181     2.5614     0.1840     54.500     54.500    35.2181    294.915    100.396 0.0000e+00
       4530     55.521     8.0770   3.650455     0.1041     2.5595     0.1869     55.000     55.000    35.2103    294.375    100.185 0.0000e+00
       4556     56.026     8.1291   3.653132     0.0917     2.5568     0.1838     55.500     55.500    35.1865    293.625    100.031 0.0000e+00
