Data/CTD_14_avg.cnv
* Sea-Bird SBE 9 Data File:
* FileName = C:\Users\ctd-user\Desktop\CTD_data\OC4920\CTD_14.hex
* Software Version Seasave V 7.26.2.13
* Temperature SN = 6313
* Conductivity SN = 4758
* Number of Bytes Per Scan = 28
* Number of Voltage Words = 3
* Number of Scans Averaged by the Deck Unit = 1
* NMEA Latitude = 57 47.84 N
* NMEA Longitude = 010 46.19 E
* NMEA UTC (Time) = May 07 2025 12:38:22
** Station: test
** Operator: Operator 1
** Ship: 7720 Skagerak
** Cruise: 7720-2025-01
** Latitude [GG MM.mm N]:
** Longitude [GG MM.mm E]:
** Pumps: PrimaryPump: 1820 # SecondaryPump:
** EventIDs: EventID: 3decf26d-821b-4112-8042-a2c98b568458 # ParentEventID:
** Additional Sampling:
** Metadata admin: MPROG: Other # PROJ: Other # ORDERER: GU # SLABO: GU # ALABO: GU # REFSK: ingen
** Metadata conditions: WADEP: 10 # WINSP: 1 # WINDIR: 02 # AIRPRES: 1000 # AIRTEMP: 1 # WEATH: 9 # CLOUD: 9 # WAVES: 9 # ICEOB: 9 # COMNT_VISIT:
** LIMS Job:
# nquan = 13
# nvalues = 124                         
# units = specified
# name 0 = scan: Scan Count
# name 1 = prDM: Pressure, Digiquartz [db]
# name 2 = t090C: Temperature [ITS-90, deg C]
# name 3 = c0S/m: Conductivity [S/m]
# name 4 = flECO-AFL: Fluorescence, WET Labs ECO-AFL/FL [mg/m^3]
# name 5 = sbeox0V: Oxygen raw, SBE 43 [V]
# name 6 = turbWETntu0: Turbidity, WET Labs ECO [NTU]
# name 7 = depSM: Depth [salt water, m]
# name 8 = depSM: Depth [salt water, m], lat = 57.7973
# name 9 = sal00: Salinity, Practical [PSU]
# name 10 = sbeox0Mm/L: Oxygen, SBE 43 [umol/l], WS = 2
# name 11 = sbeox0PS: Oxygen, SBE 43 [% saturation], WS = 2
# name 12 = flag: flag
# span 0 =       1254,       5877       
# span 1 =      0.505,     62.588       
# span 2 =     7.6947,    10.6913       
# span 3 =   3.346665,   3.624398       
# span 4 =     0.0430,     2.4985       
# span 5 =     2.2556,     2.5613       
# span 6 =     0.2118,     0.3933       
# span 7 =      0.500,     62.000       
# span 8 =      0.500,     62.000       
# span 9 =    29.7406,    35.1391       
# span 10 =    245.594,    297.791      
# span 11 =     83.448,    100.669      
# span 12 = 0.0000e+00, 0.0000e+00      
# interval = meters: 0.5                
# start_time = May 07 2025 12:38:22 [NMEA time, header]
# bad_flag = -9.990e-29
*END*
       1254      0.505    10.6913   3.346665     0.2900     2.3435     0.2565      0.500      0.500    29.7406    253.556     88.249 0.0000e+00
       1278      1.009    10.6037   3.347325     0.3275     2.3407     0.2257      1.000      1.000    29.8184    257.579     89.523 0.0000e+00
       1305      1.514    10.3949   3.351420     0.3943     2.3593     0.2212      1.500      1.500    30.0303    261.164     90.481 0.0000e+00
       1331      2.019    10.0216   3.357065     0.4584     2.3594     0.2285      2.000      2.000    30.3971    258.940     89.190 0.0000e+00
       1351      2.523     9.8163   3.359173     0.6003     2.3515     0.2362      2.501      2.500    30.5916    258.290     88.676 0.0000e+00
       1370      3.028     9.6226   3.359096     0.9590     2.3455     0.2511      3.000      3.000    30.7556    259.405     88.774 0.0000e+00
       1393      3.533     9.5544   3.358824     1.6056     2.3451     0.2873      3.500      3.500    30.8111    261.573     89.413 0.0000e+00
       1420      4.037     9.5228   3.366221     1.9752     2.3526     0.3140      4.000      4.000    30.9133    263.663     90.124 0.0000e+00
       1445      4.542     9.4497   3.386885     1.9408     2.3588     0.2811      4.500      4.500    31.1872    263.659     90.136 0.0000e+00
       1467      5.047     9.3553   3.401575     2.1552     2.3598     0.2890      5.000      5.000    31.4198    262.720     89.762 0.0000e+00
       1490      5.551     9.1165   3.411516     2.4334     2.3557     0.3016      5.500      5.500    31.7331    261.814     89.160 0.0000e+00
       1513      6.056     8.8845   3.418587     2.4985     2.3478     0.3093      6.000      6.000    32.0140    261.033     88.597 0.0000e+00
       1536      6.561     8.8579   3.426465     2.4347     2.3389     0.3044      6.500      6.500    32.1196    259.406     88.053 0.0000e+00
       1559      7.065     8.9080   3.438219     2.1801     2.3275     0.2898      7.000      7.000    32.1963    256.615     87.246 0.0000e+00
       1580      7.570     8.8302   3.447968     1.8937     2.3149     0.2796      7.500      7.500    32.3683    254.228     86.381 0.0000e+00
       1599      8.075     8.7511   3.461136     1.5482     2.3008     0.2804      8.000      8.000    32.5779    251.689     85.484 0.0000e+00
       1620      8.580     8.7192   3.473134     1.0372     2.2839     0.2934      8.500      8.500    32.7327    249.784     84.861 0.0000e+00
       1667      9.084     8.6919   3.481560     0.8046     2.2556     0.2921      9.000      9.000    32.8460    245.594     83.448 0.0000e+00
       2359      9.589     8.6236   3.624398     0.7982     2.4752     0.2580      9.500      9.500    34.4117    289.406     99.163 0.0000e+00
       3452     10.094     8.5379   3.614369     1.0240     2.5247     0.2749     10.000     10.000    34.3910    288.263     98.594 0.0000e+00
       3475     10.598     8.4795   3.614301     0.7854     2.5298     0.2677     10.500     10.500    34.4471    288.571     98.607 0.0000e+00
       3497     11.103     8.4620   3.615223     0.6278     2.5305     0.2944     11.000     11.000    34.4736    287.141     98.097 0.0000e+00
       3519     11.608     8.4342   3.614736     0.7077     2.5249     0.2810     11.500     11.500    34.4955    285.404     97.457 0.0000e+00
       3541     12.112     8.3987   3.612246     0.8181     2.5185     0.2562     12.000     12.000    34.5036    285.277     97.342 0.0000e+00
       3564     12.617     8.3827   3.611179     0.7434     2.5154     0.2680     12.500     12.500    34.5077    285.600     97.420 0.0000e+00
       3589     13.122     8.3558   3.610603     0.5416     2.5134     0.2726     13.000     13.000    34.5277    285.819     97.448 0.0000e+00
       3613     13.627     8.3281   3.609444     0.5551     2.5125     0.2734     13.500     13.500    34.5424    286.125     97.502 0.0000e+00
       3636     14.131     8.3214   3.608651     0.5952     2.5127     0.2656     14.000     14.000    34.5403    286.731     97.692 0.0000e+00
       3658     14.636     8.3262   3.609545     0.6173     2.5153     0.2653     14.500     14.500    34.5449    287.640     98.015 0.0000e+00
       3680     15.141     8.3114   3.610638     0.7207     2.5191     0.2704     15.000     15.000    34.5708    288.595     98.325 0.0000e+00
       3702     15.645     8.3098   3.610853     0.7929     2.5242     0.2766     15.500     15.500    34.5745    289.855     98.753 0.0000e+00
       3725     16.150     8.2905   3.612422     0.8619     2.5315     0.2796     16.000     16.000    34.6099    290.818     99.061 0.0000e+00
       3748     16.655     8.2425   3.611526     1.0268     2.5359     0.2785     16.500     16.500    34.6474    291.542     99.225 0.0000e+00
       3771     17.159     8.1558   3.604445     1.2309     2.5424     0.2688     17.000     17.000    34.6573    293.649     99.755 0.0000e+00
       3793     17.664     8.1639   3.603956     1.1462     2.5493     0.2543     17.499     17.500    34.6438    293.801     99.816 0.0000e+00
       3817     18.169     8.1602   3.606306     0.7527     2.5506     0.2439     18.000     18.000    34.6723    292.526     99.393 0.0000e+00
       3841     18.674     8.1037   3.603977     0.7494     2.5475     0.2303     18.500     18.500    34.7031    291.335     98.883 0.0000e+00
       3865     19.178     8.0191   3.598229     0.6913     2.5413     0.2232     19.000     19.000    34.7251    290.671     98.484 0.0000e+00
       3886     19.683     7.9786   3.595154     0.4354     2.5362     0.2212     19.500     19.500    34.7321    290.671     98.399 0.0000e+00
       3909     20.188     7.9539   3.593818     0.2467     2.5331     0.2210     20.000     20.000    34.7420    290.886     98.423 0.0000e+00
       3933     20.692     7.9377   3.593515     0.1662     2.5308     0.2214     20.500     20.500    34.7546    290.909     98.403 0.0000e+00
       3958     21.197     7.9240   3.593444     0.1305     2.5294     0.2234     21.000     21.000    34.7672    291.037     98.424 0.0000e+00
       3981     21.702     7.9012   3.593707     0.1189     2.5284     0.2302     21.500     21.500    34.7925    291.004     98.379 0.0000e+00
       4001     22.207     7.8592   3.591880     0.1283     2.5273     0.2329     22.000     22.000    34.8146    290.979     98.292 0.0000e+00
       4021     22.711     7.8437   3.590253     0.1509     2.5258     0.2320     22.500     22.500    34.8122    290.873     98.220 0.0000e+00
       4043     23.216     7.8162   3.588857     0.1646     2.5245     0.2325     23.000     23.000    34.8243    291.043     98.224 0.0000e+00
       4070     23.721     7.8019   3.586957     0.1021     2.5240     0.2258     23.500     23.500    34.8179    291.850     98.460 0.0000e+00
       4096     24.225     7.7991   3.586783     0.0933     2.5283     0.2286     24.000     24.000    34.8186    293.760     99.099 0.0000e+00
       4118     24.730     7.8019   3.587398     0.0938     2.5352     0.2298     24.500     24.500    34.8221    295.510     99.698 0.0000e+00
       4139     25.235     7.8444   3.590707     0.0917     2.5437     0.2301     25.000     25.000    34.8151    297.085    100.321 0.0000e+00
       4160     25.740     7.8860   3.596738     0.0837     2.5540     0.2287     25.500     25.500    34.8384    297.791    100.669 0.0000e+00
       4183     26.244     7.9075   3.602117     0.0822     2.5605     0.2216     26.000     26.000    34.8746    296.981    100.468 0.0000e+00
       4208     26.749     7.8967   3.602908     0.1046     2.5613     0.2150     26.500     26.500    34.8937    295.523     99.962 0.0000e+00
       4232     27.254     7.8896   3.602252     0.1251     2.5571     0.2118     27.000     27.000    34.8935    294.097     99.464 0.0000e+00
       4253     27.759     7.8881   3.602265     0.1228     2.5524     0.2185     27.500     27.500    34.8949    293.624     99.302 0.0000e+00
       4273     28.263     7.8876   3.602324     0.1160     2.5493     0.2380     28.000     28.000    34.8957    293.220     99.165 0.0000e+00
       4297     28.768     7.8856   3.602547     0.1126     2.5442     0.2575     28.500     28.500    34.9000    292.441     98.899 0.0000e+00
       4325     29.273     7.8829   3.602516     0.1046     2.5391     0.2654     29.000     29.000    34.9020    292.067     98.768 0.0000e+00
       4348     29.778     7.8785   3.602718     0.0898     2.5365     0.2696     29.500     29.500    34.9084    292.005     98.741 0.0000e+00
       4367     30.282     7.8567   3.602559     0.1061     2.5346     0.2706     30.000     30.000    34.9283    292.111     98.742 0.0000e+00
       4387     30.787     7.8392   3.600519     0.1259     2.5339     0.2711     30.500     30.500    34.9235    292.941     98.980 0.0000e+00
       4411     31.292     7.8362   3.599973     0.1029     2.5366     0.2708     31.000     31.000    34.9204    293.598     99.194 0.0000e+00
       4435     31.797     7.8322   3.600076     0.0665     2.5374     0.2670     31.500     31.500    34.9252    293.198     99.052 0.0000e+00
       4458     32.301     7.8186   3.600783     0.0708     2.5367     0.2591     32.000     32.000    34.9463    292.970     98.958 0.0000e+00
       4480     32.806     7.8153   3.600554     0.0786     2.5361     0.2586     32.500     32.500    34.9468    293.162     99.017 0.0000e+00
       4504     33.311     7.8144   3.600560     0.0683     2.5367     0.2719     33.000     33.000    34.9476    293.309     99.065 0.0000e+00
       4528     33.816     7.8136   3.600580     0.0855     2.5361     0.2916     33.500     33.500    34.9483    292.877     98.917 0.0000e+00
       4550     34.320     7.8114   3.600607     0.1049     2.5346     0.3207     34.000     34.000    34.9505    292.557     98.806 0.0000e+00
       4572     34.825     7.8107   3.600610     0.0686     2.5334     0.3018     34.500     34.500    34.9511    292.582     98.813 0.0000e+00
       4594     35.330     7.8095   3.600619     0.0581     2.5325     0.2865     35.000     35.000    34.9521    292.297     98.715 0.0000e+00
       4618     35.835     7.8073   3.600615     0.0732     2.5301     0.2852     35.500     35.500    34.9540    291.841     98.557 0.0000e+00
       4641     36.339     7.8053   3.600583     0.0704     2.5286     0.2875     36.000     36.000    34.9554    291.882     98.567 0.0000e+00
       4663     36.844     7.8036   3.600653     0.0610     2.5275     0.2914     36.500     36.500    34.9576    291.840     98.551 0.0000e+00
       4685     37.349     7.8028   3.600849     0.0624     2.5265     0.2961     37.000     37.000    34.9603    291.554     98.454 0.0000e+00
       4707     37.854     7.8010   3.600936     0.0682     2.5247     0.2985     37.500     37.500    34.9629    291.194     98.330 0.0000e+00
       4731     38.358     7.7998   3.600882     0.0636     2.5224     0.3026     38.000     38.000    34.9633    290.836     98.207 0.0000e+00
       4755     38.863     7.7969   3.600765     0.0695     2.5202     0.3041     38.501     38.500    34.9646    290.661     98.142 0.0000e+00
       4779     39.368     7.7933   3.600506     0.0625     2.5188     0.3030     39.000     39.000    34.9651    290.869     98.205 0.0000e+00
       4801     39.873     7.7917   3.600345     0.0610     2.5190     0.2982     39.500     39.500    34.9648    291.305     98.348 0.0000e+00
       4824     40.377     7.7902   3.600272     0.0680     2.5204     0.2967     40.000     40.000    34.9653    291.791     98.509 0.0000e+00
       4846     40.882     7.7892   3.600270     0.0662     2.5216     0.3004     40.500     40.500    34.9660    291.717     98.483 0.0000e+00
       4868     41.387     7.7863   3.600287     0.0663     2.5218     0.3009     41.000     41.000    34.9689    291.730     98.482 0.0000e+00
       4890     41.892     7.7817   3.600099     0.0730     2.5226     0.2992     41.499     41.500    34.9711    291.868     98.521 0.0000e+00
       4912     42.396     7.7808   3.600143     0.0705     2.5224     0.3001     42.000     42.000    34.9723    291.582     98.423 0.0000e+00
       4936     42.901     7.7844   3.600431     0.0613     2.5216     0.2957     42.500     42.500    34.9715    291.069     98.257 0.0000e+00
       4960     43.406     7.7903   3.601932     0.0609     2.5184     0.2906     43.000     43.000    34.9816    290.040     97.929 0.0000e+00
       4981     43.911     7.7866   3.602380     0.0718     2.5147     0.2919     43.500     43.500    34.9899    289.581     97.771 0.0000e+00
       5003     44.416     7.7906   3.602897     0.0846     2.5120     0.3029     44.000     44.000    34.9913    289.768     97.844 0.0000e+00
       5027     44.920     7.7978   3.604371     0.1537     2.5121     0.3284     44.500     44.500    34.9997    290.431     98.089 0.0000e+00
       5052     45.425     7.8007   3.605309     0.5065     2.5136     0.3642     45.000     45.000    35.0066    290.889     98.255 0.0000e+00
       5076     45.930     7.8022   3.605851     0.4206     2.5160     0.3565     45.500     45.500    35.0108    291.525     98.476 0.0000e+00
       5098     46.435     7.8051   3.606470     0.1418     2.5188     0.3332     46.000     46.000    35.0143    291.781     98.571 0.0000e+00
       5119     46.940     7.8070   3.607370     0.1076     2.5203     0.3244     46.500     46.500    35.0218    291.919     98.627 0.0000e+00
       5139     47.444     7.8088   3.607826     0.1067     2.5226     0.3140     47.000     47.000    35.0247    292.533     98.840 0.0000e+00
       5161     47.949     7.8076   3.608008     0.0937     2.5257     0.3067     47.500     47.500    35.0276    292.880     98.956 0.0000e+00
       5185     48.454     7.8048   3.607882     0.0824     2.5275     0.3024     48.000     48.000    35.0288    292.784     98.919 0.0000e+00
       5209     48.959     7.8074   3.607887     0.0879     2.5288     0.2945     48.500     48.500    35.0260    293.045     99.011 0.0000e+00
       5233     49.463     7.8095   3.608767     0.1509     2.5303     0.2961     49.000     49.000    35.0331    293.293     99.104 0.0000e+00
       5257     49.968     7.8065   3.609041     0.4222     2.5321     0.3087     49.500     49.500    35.0389    293.467     99.159 0.0000e+00
       5278     50.473     7.8045   3.609237     0.3585     2.5327     0.3076     50.000     50.000    35.0428    293.231     99.078 0.0000e+00
       5300     50.978     7.8027   3.609273     0.1318     2.5321     0.2982     50.500     50.500    35.0448    292.798     98.929 0.0000e+00
       5324     51.483     7.7954   3.609176     0.0761     2.5301     0.2962     51.000     51.000    35.0508    292.459     98.802 0.0000e+00
       5347     51.987     7.7794   3.608870     0.0643     2.5292     0.2984     51.500     51.500    35.0634    292.641     98.836 0.0000e+00
       5369     52.492     7.7702   3.608969     0.0718     2.5280     0.3049     52.000     52.000    35.0734    292.444     98.755 0.0000e+00
       5390     52.997     7.7681   3.609009     0.0745     2.5269     0.3102     52.500     52.500    35.0757    292.074     98.627 0.0000e+00
       5411     53.502     7.7531   3.608846     0.0742     2.5243     0.3071     53.000     53.000    35.0888    291.642     98.456 0.0000e+00
       5433     54.007     7.7379   3.608368     0.0673     2.5221     0.3046     53.500     53.500    35.0987    291.594     98.413 0.0000e+00
       5457     54.511     7.7264   3.607946     0.0665     2.5203     0.3054     54.000     54.000    35.1055    291.467     98.349 0.0000e+00
       5483     55.016     7.7186   3.607704     0.0651     2.5182     0.3101     54.500     54.500    35.1105    291.382     98.306 0.0000e+00
       5509     55.521     7.7017   3.607564     0.0581     2.5172     0.3168     55.000     55.000    35.1257    291.480     98.311 0.0000e+00
       5532     56.026     7.6952   3.607613     0.0507     2.5161     0.3211     55.500     55.500    35.1326    291.276     98.232 0.0000e+00
