Data/CTD_15.cnv
* Sea-Bird SBE 9 Data File:
* FileName = C:\Users\ctd-user\Desktop\CTD_data\OC4920\CTD_15.hex
* Software Version Seasave V 7.26.2.13
* Temperature SN = 6313
* Conductivity SN = 4758
* Number of Bytes Per Scan = 28
* Number of Voltage Words = 3
* Number of Scans Averaged by the Deck Unit = 1
* NMEA Latitude = 57 46.78 N
* NMEA Longitude = 010 46.31 E
* NMEA UTC (Time) = May 07 2025 12:57:52
** Station: test
** Operator: Operator 1
** Ship: 7720 Skagerak
** Cruise: 7720-2025-01
** Latitude [GG MM.mm N]:
** Longitude [GG MM.mm E]:
** Pumps: PrimaryPump: 1820 # SecondaryPump:
** EventIDs: EventID: 3decf26d-821b-4112-8042-a2c98b568458 # ParentEventID:
** Additional Sampling:
** Metadata admin: MPROG: Other # PROJ: Other # ORDERER: GU # SLABO: GU # ALABO: GU # REFSK: ingen
** Metadata conditions: WADEP: 10 # WINSP: 1 # WINDIR: 02 # AIRPRES: 1000 # AIRTEMP: 1 # WEATH: 9 # CLOUD: 9 # WAVES: 9 # ICEOB: 9 # COMNT_VISIT:
** LIMS Job:
# nquan = 13                                
# nvalues = 7867                        
# units = specified
# name 0 = scan: Scan Count
# name 1 = prDM: Pressure, Digiquartz [db]
# name 2 = t090C: Temperature [ITS-90, deg C]
# name 3 = c0S/m: Conductivity [S/m]
# name 4 = flECO-AFL: Fluorescence, WET Labs ECO-AFL/FL [mg/m^3]
# name 5 = sbeox0V: Oxygen raw, SBE 43 [V]
# name 6 = turbWETntu0: Turbidity, WET Labs ECO [NTU]
# name 7 = depSM: Depth [salt water, m]
# name 8 = depSM: Depth [salt water, m], lat = 57.7797
# name 9 = sal00: Salinity, Practical [PSU]
# name 10 = sbeox0Mm/L: Oxygen, SBE 43 [umol/l], WS = 2
# name 11 = sbeox0PS: Oxygen, SBE 43 [% saturation], WS = 2
# name 12 = flag: flag
# span 0 =          1,       7867       
# span 1 =     -1.536,     45.935       
# span 2 =     7.7067,    11.3855       
# span 3 =   0.039896,   3.615155       
# span 4 =    -0.3887,     2.9244       
# span 5 =     1.6618,     2.7715       
# span 6 =    -0.1787,     0.6589       
# span 7 =     -1.522,     45.505       
# span 8 =     -1.522,     45.505       
# span 9 =     0.2719,    35.1072       
# span 10 =    196.806,    350.565      
# span 11 =     56.046,    109.719      
# span 12 = 0.0000e+00, 0.0000e+00      
# interval = seconds: 0.0416667
# start_time = May 07 2025 12:57:52 [NMEA time, header]
# bad_flag = -9.990e-29
*END*
[from data line 5334]
       5335     -0.673    11.3730   3.372764     0.1630     2.7622     0.1843     -0.667     -0.667    29.4471    307.400    108.372 -9.990e-29
       5336     -0.672    11.3742   3.372584     0.1630     2.7618     0.1828     -0.666     -0.666    29.4444    307.363    108.360 -9.990e-29
       5337     -0.673    11.3747   3.372436     0.1631     2.7615     0.1812     -0.667     -0.667    29.4425    307.346    108.354 -9.990e-29
       5338     -0.676    11.3742   3.372378     0.1633     2.7612     0.1796     -0.670     -0.670    29.4424    307.336    108.349 -9.990e-29
       5339     -0.680    11.3742   3.372367     0.1636     2.7608     0.1780     -0.674     -0.674    29.4423    307.314    108.341 -9.990e-29
       5340     -0.686    11.3747   3.372347     0.1640     2.7604     0.1763     -0.680     -0.680    29.4417    307.292    108.334 -9.990e-29
       5341     -0.692    11.3749   3.372302     0.1645     2.7601     0.1745     -0.686     -0.686    29.4411    307.290    108.333 -9.990e-29
       5342     -0.697    11.3757   3.372272     0.1652     2.7597     0.1726     -0.691     -0.691    29.4402    307.273    108.329 -9.990e-29
       5343     -0.700    11.3762   3.372217     0.1658     2.7595     0.1708     -0.694     -0.694    29.4392    307.290    108.335 -9.990e-29
       5344     -0.699    11.3762   3.372178     0.1662     2.7592     0.1691     -0.692     -0.693    29.4389    307.300    108.338 -9.990e-29
       5345     -0.693    11.3752   3.372135     0.1663     2.7590     0.1676     -0.686     -0.687    29.4392    307.331    108.347 -9.990e-29
       5346     -0.685    11.3742   3.372121     0.1662     2.7588     0.1662     -0.679     -0.679    29.4399    307.362    108.356 -9.990e-29
       5347     -0.678    11.3740   3.372226     0.1658     2.7587     0.1650     -0.672     -0.672    29.4411    307.401    108.370 -9.990e-29
       5348     -0.674    11.3695   3.372332     0.1651     2.7586     0.1639     -0.668     -0.668    29.4457    307.464    108.385 -9.990e-29
       5349     -0.672    11.3584   3.372303     0.1641     2.7584     0.1629     -0.666     -0.666    29.4542    307.552    108.396 -9.990e-29
       5350     -0.670    11.3501   3.372256     0.1628     2.7582     0.1621     -0.663     -0.664    29.4604    307.626    108.407 -9.990e-29
       5351     -0.666    11.3482   3.372221     0.1613     2.7579     0.1613     -0.660     -0.660    29.4616    307.652    108.413 -9.990e-29
       5352     -0.660    11.3482   3.372230     0.1594     2.7577     0.1607     -0.654     -0.654    29.4617    307.682    108.424 -9.990e-29
       5353     -0.652    11.3525   3.372277     0.1572     2.7575     0.1602     -0.647     -0.646    29.4587    307.688    108.434 -9.990e-29
       5354     -0.643    11.3548   3.372311     0.1546     2.7573     0.1598     -0.638     -0.637    29.4572    307.705    108.444 -9.990e-29
       5355     -0.633    11.3554   3.372361     0.1517     2.7571     0.1595     -0.628     -0.627    29.4572    307.731    108.455 -9.990e-29
       5356     -0.623    11.3559   3.372394     0.1485     2.7569     0.1594     -0.618     -0.617    29.4571    307.760    108.466 -9.990e-29
       5357     -0.614    11.3579   3.372409     0.1448     2.7568     0.1593     -0.609     -0.608    29.4556    307.794    108.481 -9.990e-29
       5358     -0.605    11.3611   3.372353     0.1407     2.7567     0.1593     -0.600     -0.599    29.4525    307.823    108.497 -9.990e-29
       5359     -0.595    11.3635   3.372306     0.1362     2.7566     0.1593     -0.590     -0.589    29.4502    307.857    108.513 -9.990e-29
       5360     -0.584    11.3659   3.372056     0.1311     2.7565     0.1595     -0.579     -0.579    29.4458    307.896    108.529 -9.990e-29
       5361     -0.570    11.3680   3.371335     0.1256     2.7564     0.1597     -0.566     -0.565    29.4372    307.947    108.546 -9.990e-29
       5362     -0.554    11.3693   3.370849     0.1195     2.7563     0.1601     -0.550     -0.549    29.4314    307.999    108.563 -9.990e-29
       5363     -0.538    11.3697   3.370760     0.1128     2.7563     0.1605     -0.534     -0.533    29.4303    308.063    108.586 -9.990e-29
       5364     -0.523    11.3658   3.370788     0.1054     2.7562     0.1611     -0.519     -0.518    29.4336    308.132    108.604 -9.990e-29
       5365     -0.508    11.3555   3.371006     0.0974     2.7562     0.1617     -0.503     -0.503    29.4439    308.246    108.627 -9.990e-29
       5366     -0.492    11.3411   3.371081     0.0885     2.7562     0.1625     -0.488     -0.487    29.4561    308.386    108.651 -9.990e-29
       5367     -0.476    11.3261   3.370986     0.0790     2.7563     0.1634     -0.472     -0.472    29.4672    308.545    108.680 -9.990e-29
       5368     -0.458    11.3117   3.370963     0.0692     2.7563     0.1644     -0.454     -0.454    29.4784    308.688    108.705 -9.990e-29
       5369     -0.439    11.3013   3.371049     0.0598     2.7562     0.1654     -0.435     -0.435    29.4876    308.794    108.724 -9.990e-29
       5370     -0.417    11.2962   3.371276     0.0513     2.7562     0.1663     -0.414     -0.413    29.4938    308.883    108.748 -9.990e-29
       5371     -0.393    11.2934   3.371466     0.0437     2.7562     0.1673     -0.390     -0.389    29.4979    308.960    108.771 -9.990e-29
       5372     -0.367    11.2919   3.371504     0.0371     2.7562     0.1682     -0.364     -0.364    29.4994    309.034    108.794 -9.990e-29
       5373     -0.341    11.2871   3.371594     0.0312     2.7563     0.1691     -0.339     -0.338    29.5041    309.140    108.824 -9.990e-29
       5374     -0.314    11.2745   3.371562     0.0259     2.7563     0.1700     -0.311     -0.311    29.5139    309.277    108.849 -9.990e-29
       5375     -0.286    11.2561   3.371455     0.0214     2.7563     0.1709     -0.283     -0.283    29.5276    309.446    108.875 -9.990e-29
       5376     -0.257    11.2302   3.371165     0.0175     2.7564     0.1717     -0.255     -0.255    29.5455    309.670    108.906 -9.990e-29
       5377     -0.228    11.1979   3.370317     0.0142     2.7564     0.1726     -0.226     -0.226    29.5631    309.926    108.932 -9.990e-29
       5378     -0.198    11.1676   3.369274     0.0114     2.7565     0.1735     -0.196     -0.196    29.5773    310.189    108.963 -9.990e-29
       5379     -0.167    11.1405   3.368309     0.0093     2.7566     0.1744     -0.166     -0.165    29.5896    310.432    108.994 -9.990e-29
       5380     -0.135    11.1193   3.367510     0.0078     2.7568     0.1753     -0.134     -0.134    29.5989    310.653    109.028 -9.990e-29
       5381     -0.101    11.0962   3.367001     0.0069     2.7570     0.1763     -0.100     -0.100    29.6125    310.878    109.062 -9.990e-29
       5382     -0.065    11.0677   3.366657     0.0066     2.7572     0.1773     -0.065     -0.064    29.6321    311.129    109.097 -9.990e-29
       5383     -0.027    11.0342   3.366464     0.0068     2.7574     0.1783     -0.027     -0.027    29.6572    311.405    109.132 -9.990e-29
       5384      0.011    10.9968   3.366215     0.0076     2.7576     0.1795      0.011      0.011    29.6849    311.701    109.167 -9.990e-29
       5385      0.051    10.9649   3.365732     0.0088     2.7579     0.1806      0.050      0.051    29.7060    311.982    109.205 -9.990e-29
       5386      0.088    10.9404   3.364955     0.0107     2.7581     0.1819      0.088      0.087    29.7182    312.210    109.235 -9.990e-29
       5387      0.126    10.9234   3.363846     0.0130     2.7584     0.1832      0.125      0.125    29.7211    312.414    109.269 -9.990e-29
       5388      0.165    10.9117   3.362544     0.0160     2.7586     0.1845      0.164      0.163    29.7178    312.574    109.295 -9.990e-29
       5389      0.205    10.9023   3.361008     0.0195     2.7589     0.1860      0.203      0.203    29.7103    312.734    109.323 -9.990e-29
       5390      0.242    10.8955   3.359441     0.0236     2.7592     0.1876      0.240      0.240    29.7005    312.874    109.349 -9.990e-29
       5391      0.280    10.8919   3.358170     0.0284     2.7595     0.1893      0.278      0.277    29.6909    312.986    109.373 -9.990e-29
       5392      0.319    10.8914   3.357178     0.0339     2.7599     0.1911      0.316      0.316    29.6816    313.087    109.401 -9.990e-29
       5393      0.356    10.8926   3.356238     0.0400     2.7602     0.1931      0.353      0.353    29.6714    313.157    109.421 -9.990e-29
       5394      0.394    10.8952   3.355090     0.0462     2.7605     0.1950      0.390      0.390    29.6580    313.218    109.439 -9.990e-29
       5395      0.433    10.8984   3.353729     0.0523     2.7607     0.1969      0.429      0.429    29.6421    313.260    109.450 -9.990e-29
       5396      0.473    10.8972   3.352203     0.0580     2.7610     0.1986      0.469      0.469    29.6281    313.338    109.465 -9.990e-29
       5397      0.512    10.8918   3.351036     0.0632     2.7613     0.2002      0.508      0.507    29.6210    313.427    109.478 -9.990e-29
       5398      0.551    10.8829   3.350985     0.0681     2.7616     0.2017      0.546      0.546    29.6277    313.510    109.491 -9.990e-29
       5399      0.590    10.8730   3.352261     0.0727     2.7619     0.2032      0.585      0.585    29.6482    313.568    109.502 -9.990e-29
       5400      0.627    10.8604   3.354766     0.0770     2.7621     0.2046      0.622      0.621    29.6829    313.597    109.506 -9.990e-29
       5401      0.663    10.8454   3.358456     0.0811     2.7625     0.2059      0.657      0.657    29.7312    313.640    109.520 -9.990e-29
       5402      0.698    10.8278   3.362300     0.0849     2.7628     0.2072      0.692      0.692    29.7832    313.675    109.527 -9.990e-29
       5403      0.732    10.8079   3.365691     0.0886     2.7632     0.2084      0.726      0.725    29.8327    313.742    109.537 -9.990e-29
       5404      0.765    10.7913   3.368181     0.0921     2.7636     0.2096      0.758      0.758    29.8707    313.803    109.545 -9.990e-29
       5405      0.797    10.7772   3.369955     0.0955     2.7640     0.2107      0.789      0.790    29.8996    313.859    109.552 -9.990e-29
       5406      0.830    10.7647   3.371632     0.0989     2.7643     0.2119      0.822      0.822    29.9263    313.890    109.552 -9.990e-29
       5407      0.862    10.7521   3.373257     0.1022     2.7647     0.2130      0.854      0.854    29.9526    313.933    109.555 -9.990e-29
       5408      0.894    10.7398   3.374722     0.1054     2.7649     0.2142      0.886      0.886    29.9771    313.949    109.548 -9.990e-29
       5409      0.924    10.7324   3.376124     0.1086     2.7651     0.2153      0.915      0.915    29.9969    313.935    109.540 -9.990e-29
       5410      0.952    10.7226   3.377057     0.1117     2.7653     0.2165      0.943      0.943    30.0142    313.944    109.532 -9.990e-29
       5411      0.981    10.7162   3.377634     0.1149     2.7655     0.2177      0.972      0.972    30.0251    313.939    109.523 -9.990e-29
       5412      1.009    10.7143   3.377855     0.1181     2.7655     0.2189      1.000      1.000    30.0288    313.889    109.503 -9.990e-29
       5413      1.036    10.7107   3.378042     0.1215     2.7656     0.2201      1.026      1.026    30.0336    313.864    109.489 -9.990e-29
       5414      1.063    10.7026   3.378229     0.1251     2.7656     0.2214      1.053      1.053    30.0421    313.850    109.471 -9.990e-29
       5415      1.089    10.6934   3.378098     0.1287     2.7656     0.2227      1.079      1.079    30.0483    313.850    109.454 -9.990e-29
       5416      1.114    10.6863   3.377796     0.1325     2.7657     0.2241      1.104      1.104    30.0512    313.857    109.441 -9.990e-29
       5417      1.138    10.6746   3.377301     0.1365     2.7657     0.2256      1.127      1.127    30.0559    313.883    109.426 -9.990e-29
       5418      1.159    10.6619   3.376624     0.1408     2.7657     0.2271      1.148      1.148    30.0597    313.919    109.411 -9.990e-29
       5419      1.182    10.6519   3.376113     0.1451     2.7657     0.2286      1.170      1.171    30.0628    313.939    109.396 -9.990e-29
       5420      1.203    10.6483   3.375680     0.1494     2.7657     0.2301      1.192      1.192    30.0615    313.923    109.381 -9.990e-29
       5421      1.223    10.6443   3.375384     0.1535     2.7657     0.2314      1.212      1.212    30.0619    313.907    109.366 -9.990e-29
       5422      1.241    10.6412   3.375021     0.1573     2.7657     0.2325      1.230      1.230    30.0609    313.889    109.352 -9.990e-29
       5423      1.258    10.6326   3.374604     0.1609     2.7657     0.2336      1.247      1.246    30.0638    313.905    109.339 -9.990e-29
       5424      1.274    10.6251   3.374422     0.1643     2.7657     0.2345      1.263      1.262    30.0682    313.913    109.327 -9.990e-29
       5425      1.290    10.6203   3.374140     0.1675     2.7657     0.2353      1.278      1.278    30.0693    313.909    109.316 -9.990e-29
       5426      1.306    10.6192   3.373624     0.1707     2.7657     0.2360      1.295      1.294    30.0651    313.893    109.304 -9.990e-29
       5427      1.322    10.6174   3.373116     0.1737     2.7657     0.2367      1.310      1.310    30.0616    313.882    109.294 -9.990e-29
       5428      1.337    10.6140   3.372643     0.1766     2.7656     0.2372      1.325      1.325    30.0597    313.869    109.280 -9.990e-29
       5429      1.351    10.6114   3.372079     0.1794     2.7654     0.2377      1.339      1.339    30.0563    313.845    109.263 -9.990e-29
       5430      1.365    10.6098   3.371614     0.1822     2.7653     0.2382      1.353      1.352    30.0530    313.831    109.252 -9.990e-29
       5431      1.379    10.6088   3.371329     0.1849     2.7652     0.2385      1.366      1.366    30.0510    313.812    109.242 -9.990e-29
       5432      1.392    10.6078   3.371346     0.1876     2.7652     0.2388      1.379      1.379    30.0520    313.807    109.238 -9.990e-29
       5433      1.404    10.6071   3.371486     0.1904     2.7651     0.2390      1.392      1.391    30.0539    313.784    109.230 -9.990e-29
       5434      1.417    10.6065   3.371609     0.1931     2.7651     0.2391      1.405      1.404    30.0556    313.778    109.227 -9.990e-29
       5435      1.430    10.6060   3.371768     0.1959     2.7651     0.2391      1.417      1.417    30.0576    313.773    109.226 -9.990e-29
       5436      1.442    10.6053   3.372070     0.1987     2.7651     0.2391      1.429      1.429    30.0612    313.770    109.226 -9.990e-29
       5437      1.454    10.6048   3.372391     0.2016     2.7652     0.2390      1.441      1.441    30.0648    313.777    109.230 -9.990e-29
       5438      1.466    10.6042   3.372589     0.2047     2.7652     0.2389      1.452      1.452    30.0672    313.774    109.229 -9.990e-29
       5439      1.476    10.6039   3.372608     0.2078     2.7653     0.2387      1.463      1.462    30.0676    313.786    109.232 -9.990e-29
       5440      1.487    10.6034   3.372644     0.2111     2.7653     0.2384      1.473      1.473    30.0684    313.782    109.230 -9.990e-29
       5441      1.497    10.6030   3.372629     0.2145     2.7654     0.2381      1.484      1.483    30.0686    313.791    109.233 -9.990e-29
       5442      1.508    10.6026   3.372578     0.2182     2.7654     0.2376      1.494      1.494    30.0684    313.785    109.230 -9.990e-29
       5443      1.520    10.6024   3.372593     0.2220     2.7655     0.2371      1.506      1.506    30.0687    313.789    109.231 -9.990e-29
       5444      1.532    10.6019   3.372588     0.2260     2.7655     0.2365      1.518      1.518    30.0691    313.777    109.226 -9.990e-29
