Data/CTD_08.cnv
* Sea-Bird SBE 9 Data File:
* FileName = C:\Users\ctd-user\Desktop\CTD_data\OC4920\CTD_08.hex
* Software Version Seasave V 7.26.2.13
* Temperature SN = 6313
* Conductivity SN = 4758
* Number of Bytes Per Scan = 28
* Number of Voltage Words = 3
* Number of Scans Averaged by the Deck Unit = 1
* NMEA Latitude = 57 53.87 N
* NMEA Longitude = 010 46.83 E
* NMEA UTC (Time) = May 07 2025 10:06:26
** Station: test
** Operator: Operator 1
** Ship: 7720 Skagerak
** Cruise: 7720-2025-01
** Latitude [GG MM.mm N]:
** Longitude [GG MM.mm E]:
** Pumps: PrimaryPump: 1820 # SecondaryPump:
** EventIDs: EventID: 3decf26d-821b-4112-8042-a2c98b568458 # ParentEventID:
** Additional Sampling:
** Metadata admin: MPROG: Other # PROJ: Other # ORDERER: GU # SLABO: GU # ALABO: GU # REFSK: ingen
** Metadata conditions: WADEP: 10 # WINSP: 1 # WINDIR: 02 # AIRPRES: 1000 # AIRTEMP: 1 # WEATH: 9 # CLOUD: 9 # WAVES: 9 # ICEOB: 9 # COMNT_VISIT:
** LIMS Job:
# nquan = 13                                
# nvalues = 7186                        
# units = specified
# name 0 = scan: Scan Count
# name 1 = prDM: Pressure, Digiquartz [db]
# name 2 = t090C: Temperature [ITS-90, deg C]
# name 3 = c0S/m: Conductivity [S/m]
# name 4 = flECO-AFL: Fluorescence, WET Labs ECO-AFL/FL [mg/m^3]
# name 5 = sbeox0V: Oxygen raw, SBE 43 [V]
# name 6 = turbWETntu0: Turbidity, WET Labs ECO [NTU]
# name 7 = depSM: Depth [salt water, m]
# name 8 = depSM: Depth [salt water, m], lat = 57.8978
# name 9 = sal00: Salinity, Practical [PSU]
# name 10 = sbeox0Mm/L: Oxygen, SBE 43 [umol/l], WS = 2
# name 11 = sbeox0PS: Oxygen, SBE 43 [% saturation], WS = 2
# name 12 = flag: flag
# span 0 =          1,       7186       
# span 1 =     -1.153,    138.085       
# span 2 =     7.8790,    10.4366       
# span 3 =   3.375925,   3.686232       
# span 4 =    -0.0497,     5.4174       
# span 5 =     2.5241,     2.8335       
# span 6 =     0.1633,     0.4456       
# span 7 =     -1.142,    136.761       
# span 8 =     -1.142,    136.761       
# span 9 =    30.2689,    35.3157       
# span 10 =    293.279,    330.988      
# span 11 =     99.373,    113.910      
# span 12 = 0.0000e+00, 0.0000e+00      
# interval = seconds: 0.0416667
# start_time = May 07 2025 10:06:26 [NMEA time, header]
# bad_flag = -9.990e-29
*END*
[from data line 6223]
       6224    121.258     7.9088   3.639650    -0.0340     2.5307     0.3949    120.100    120.100    35.2311    294.438     99.842 0.0000e+00
       6225    121.285     7.9085   3.639667    -0.0339     2.5306     0.3956    120.126    120.127    35.2316    294.448     99.845 0.0000e+00
       6226    121.311     7.9086   3.639661    -0.0338     2.5305     0.3963    120.153    120.153    35.2314    294.457     99.848 0.0000e+00
       6227    121.340     7.9085   3.639643    -0.0337     2.5305     0.3971    120.181    120.181    35.2313    294.483     99.857 0.0000e+00
       6228    121.368     7.9086   3.639667    -0.0336     2.5305     0.3980    120.209    120.209    35.2315    294.509     99.866 0.0000e+00
       6229    121.394     7.9086   3.639679    -0.0335     2.5306     0.3990    120.235    120.235    35.2316    294.551     99.881 0.0000e+00
       6230    121.420     7.9085   3.639648    -0.0334     2.5307     0.4000    120.260    120.260    35.2313    294.594     99.895 0.0000e+00
       6231    121.445     7.9085   3.639678    -0.0333     2.5308     0.4010    120.286    120.285    35.2317    294.637     99.909 0.0000e+00
       6232    121.471     7.9086   3.639679    -0.0332     2.5309     0.4019    120.311    120.311    35.2316    294.678     99.923 0.0000e+00
       6233    121.497     7.9086   3.639679    -0.0332     2.5311     0.4028    120.337    120.337    35.2315    294.732     99.942 0.0000e+00
       6234    121.523     7.9086   3.639679    -0.0331     2.5312     0.4035    120.363    120.362    35.2315    294.772     99.955 0.0000e+00
       6235    121.549     7.9088   3.639679    -0.0331     2.5314     0.4042    120.389    120.388    35.2313    294.824     99.973 0.0000e+00
       6236    121.575     7.9086   3.639679    -0.0330     2.5314     0.4048    120.414    120.414    35.2315    294.847     99.981 0.0000e+00
       6237    121.600     7.9086   3.639661    -0.0330     2.5314     0.4054    120.439    120.439    35.2313    294.868     99.988 0.0000e+00
       6238    121.627     7.9085   3.639696    -0.0329     2.5314     0.4059    120.465    120.465    35.2318    294.890     99.995 0.0000e+00
       6239    121.654     7.9086   3.639709    -0.0329     2.5314     0.4064    120.492    120.492    35.2318    294.912    100.003 0.0000e+00
       6240    121.679     7.9088   3.639685    -0.0328     2.5313     0.4068    120.517    120.517    35.2313    294.919    100.005 0.0000e+00
       6241    121.703     7.9086   3.639679    -0.0328     2.5313     0.4072    120.540    120.541    35.2314    294.939    100.012 0.0000e+00
       6242    121.727     7.9085   3.639690    -0.0328     2.5314     0.4075    120.564    120.564    35.2316    294.970    100.022 0.0000e+00
       6243    121.750     7.9086   3.639702    -0.0327     2.5315     0.4078    120.587    120.587    35.2317    294.995    100.031 0.0000e+00
       6244    121.774     7.9086   3.639684    -0.0327     2.5316     0.4081    120.611    120.611    35.2315    295.019    100.039 0.0000e+00
       6245    121.799     7.9086   3.639678    -0.0327     2.5317     0.4084    120.635    120.636    35.2314    295.041    100.046 0.0000e+00
       6246    121.823     7.9086   3.639678    -0.0327     2.5318     0.4086    120.660    120.659    35.2314    295.059    100.053 0.0000e+00
       6247    121.847     7.9086   3.639690    -0.0326     2.5320     0.4089    120.683    120.683    35.2315    295.089    100.063 0.0000e+00
       6248    121.869     7.9086   3.639702    -0.0326     2.5321     0.4091    120.705    120.705    35.2316    295.101    100.067 0.0000e+00
       6249    121.891     7.9086   3.639684    -0.0326     2.5323     0.4093    120.727    120.727    35.2314    295.127    100.076 0.0000e+00
       6250    121.914     7.9086   3.639678    -0.0326     2.5324     0.4095    120.749    120.750    35.2313    295.134    100.078 0.0000e+00
       6251    121.936     7.9083   3.639677    -0.0326     2.5325     0.4097    120.771    120.771    35.2316    295.138    100.079 0.0000e+00
       6252    121.958     7.9083   3.639677    -0.0326     2.5325     0.4098    120.793    120.793    35.2316    295.125    100.074 0.0000e+00
       6253    121.979     7.9081   3.639688    -0.0325     2.5325     0.4100    120.814    120.814    35.2319    295.109    100.069 0.0000e+00
       6254    122.000     7.9079   3.639700    -0.0325     2.5325     0.4101    120.834    120.835    35.2322    295.093    100.063 0.0000e+00
       6255    122.021     7.9080   3.639730    -0.0325     2.5325     0.4102    120.855    120.856    35.2324    295.077    100.058 0.0000e+00
       6256    122.041     7.9078   3.639711    -0.0325     2.5324     0.4103    120.875    120.875    35.2324    295.049    100.048 0.0000e+00
       6257    122.061     7.9078   3.639681    -0.0325     2.5324     0.4104    120.895    120.895    35.2321    295.037    100.044 0.0000e+00
       6258    122.082     7.9075   3.639710    -0.0325     2.5325     0.4105    120.916    120.916    35.2327    295.042    100.045 0.0000e+00
       6259    122.102     7.9076   3.639734    -0.0325     2.5325     0.4105    120.936    120.936    35.2328    295.030    100.041 0.0000e+00
       6260    122.121     7.9078   3.639687    -0.0325     2.5325     0.4105    120.954    120.955    35.2321    295.020    100.038 0.0000e+00
       6261    122.138     7.9076   3.639674    -0.0325     2.5326     0.4106    120.972    120.971    35.2322    295.024    100.039 0.0000e+00
       6262    122.157     7.9076   3.639692    -0.0325     2.5327     0.4106    120.990    120.990    35.2324    295.024    100.039 0.0000e+00
       6263    122.175     7.9076   3.639680    -0.0325     2.5329     0.4106    121.009    121.008    35.2322    295.037    100.044 0.0000e+00
       6264    122.194     7.9080   3.639688    -0.0325     2.5330     0.4107    121.027    121.027    35.2319    295.033    100.043 0.0000e+00
       6265    122.213     7.9078   3.639651    -0.0325     2.5330     0.4107    121.046    121.046    35.2317    295.016    100.036 0.0000e+00
       6266    122.232     7.9079   3.639663    -0.0325     2.5330     0.4107    121.064    121.064    35.2317    294.994    100.029 0.0000e+00
       6267    122.250     7.9080   3.639646    -0.0325     2.5329     0.4106    121.082    121.082    35.2314    294.957    100.017 0.0000e+00
       6268    122.267     7.9080   3.639617    -0.0325     2.5329     0.4106    121.100    121.099    35.2311    294.937    100.010 0.0000e+00
       6269    122.286     7.9076   3.639621    -0.0325     2.5329     0.4105    121.118    121.118    35.2315    294.917    100.002 0.0000e+00
       6270    122.305     7.9078   3.639634    -0.0325     2.5328     0.4103    121.137    121.137    35.2315    294.879     99.990 0.0000e+00
       6271    122.323     7.9078   3.639616    -0.0325     2.5328     0.4102    121.154    121.155    35.2313    294.859     99.983 0.0000e+00
       6272    122.341     7.9076   3.639627    -0.0325     2.5328     0.4100    121.172    121.172    35.2316    294.842     99.977 0.0000e+00
       6273    122.358     7.9076   3.639639    -0.0325     2.5329     0.4099    121.190    121.189    35.2317    294.839     99.976 0.0000e+00
       6274    122.375     7.9076   3.639603    -0.0325     2.5329     0.4097    121.207    121.206    35.2313    294.825     99.971 0.0000e+00
       6275    122.393     7.9076   3.639627    -0.0325     2.5328     0.4095    121.224    121.224    35.2315    294.796     99.961 0.0000e+00
       6276    122.409     7.9080   3.639641    -0.0325     2.5328     0.4093    121.240    121.240    35.2313    294.782     99.957 0.0000e+00
       6277    122.425     7.9080   3.639664    -0.0325     2.5327     0.4091    121.256    121.256    35.2315    294.755     99.948 0.0000e+00
       6278    122.442     7.9080   3.639647    -0.0325     2.5327     0.4089    121.272    121.272    35.2313    294.745     99.945 0.0000e+00
       6279    122.459     7.9079   3.639640    -0.0325     2.5328     0.4086    121.290    121.289    35.2314    294.749     99.946 0.0000e+00
       6280    122.476     7.9078   3.639628    -0.0325     2.5328     0.4083    121.306    121.306    35.2313    294.739     99.942 0.0000e+00
       6281    122.492     7.9078   3.639663    -0.0325     2.5329     0.4080    121.322    121.322    35.2317    294.739     99.943 0.0000e+00
       6282    122.509     7.9080   3.639676    -0.0325     2.5329     0.4077    121.338    121.339    35.2316    294.725     99.938 0.0000e+00
       6283    122.525     7.9080   3.639623    -0.0325     2.5328     0.4074    121.355    121.355    35.2310    294.699     99.929 0.0000e+00
       6284    122.542     7.9080   3.639611    -0.0325     2.5328     0.4071    121.371    121.371    35.2309    294.686     99.925 0.0000e+00
       6285    122.559     7.9078   3.639622    -0.0325     2.5327     0.4069    121.388    121.388    35.2312    294.661     99.916 0.0000e+00
       6286    122.576     7.9080   3.639611    -0.0325     2.5326     0.4067    121.404    121.405    35.2309    294.634     99.907 0.0000e+00
       6287    122.592     7.9080   3.639659    -0.0325     2.5326     0.4066    121.421    121.421    35.2314    294.626     99.904 0.0000e+00
       6288    122.609     7.9080   3.639647    -0.0326     2.5326     0.4064    121.437    121.438    35.2313    294.623     99.903 0.0000e+00
       6289    122.626     7.9083   3.639642    -0.0326     2.5326     0.4063    121.454    121.455    35.2309    294.623     99.904 0.0000e+00
       6290    122.642     7.9081   3.639665    -0.0326     2.5325     0.4062    121.470    121.470    35.2313    294.609     99.899 0.0000e+00
       6291    122.658     7.9081   3.639688    -0.0326     2.5324     0.4060    121.486    121.486    35.2316    294.595     99.894 0.0000e+00
       6292    122.673     7.9081   3.639653    -0.0326     2.5324     0.4058    121.501    121.501    35.2312    294.596     99.894 0.0000e+00
       6293    122.690     7.9081   3.639665    -0.0326     2.5323     0.4056    121.518    121.518    35.2313    294.581     99.889 0.0000e+00
       6294    122.707     7.9083   3.639678    -0.0327     2.5322     0.4054    121.535    121.535    35.2312    294.565     99.884 0.0000e+00
       6295    122.725     7.9080   3.639676    -0.0327     2.5322     0.4053    121.552    121.553    35.2315    294.564     99.883 0.0000e+00
       6296    122.741     7.9081   3.639641    -0.0327     2.5322     0.4052    121.569    121.568    35.2310    294.563     99.883 0.0000e+00
       6297    122.758     7.9081   3.639665    -0.0327     2.5321     0.4051    121.585    121.585    35.2313    294.547     99.878 0.0000e+00
       6298    122.775     7.9080   3.639676    -0.0328     2.5321     0.4050    121.602    121.602    35.2315    294.549     99.878 0.0000e+00
       6299    122.792     7.9081   3.639694    -0.0328     2.5320     0.4049    121.619    121.619    35.2316    294.536     99.874 0.0000e+00
       6300    122.809     7.9076   3.639681    -0.0328     2.5320     0.4049    121.636    121.636    35.2319    294.541     99.875 0.0000e+00
       6301    122.826     7.9078   3.639693    -0.0329     2.5320     0.4048    121.652    121.653    35.2318    294.544     99.876 0.0000e+00
       6302    122.844     7.9076   3.639692    -0.0329     2.5320     0.4048    121.670    121.670    35.2320    294.549     99.878 0.0000e+00
       6303    122.862     7.9079   3.639699    -0.0329     2.5320     0.4048    121.689    121.688    35.2318    294.553     99.880 0.0000e+00
       6304    122.881     7.9080   3.639682    -0.0330     2.5320     0.4048    121.707    121.707    35.2315    294.562     99.883 0.0000e+00
       6305    122.898     7.9080   3.639723    -0.0330     2.5319     0.4049    121.724    121.724    35.2319    294.559     99.882 0.0000e+00
       6306    122.915     7.9078   3.639664    -0.0331     2.5319     0.4049    121.741    121.741    35.2315    294.576     99.887 0.0000e+00
       6307    122.934     7.9078   3.639699    -0.0332     2.5318     0.4050    121.759    121.760    35.2319    294.576     99.887 0.0000e+00
       6308    122.953     7.9075   3.639686    -0.0332     2.5318     0.4050    121.778    121.778    35.2320    294.592     99.892 0.0000e+00
       6309    122.973     7.9078   3.639694    -0.0333     2.5318     0.4051    121.798    121.798    35.2318    294.605     99.897 0.0000e+00
       6310    122.991     7.9076   3.639651    -0.0334     2.5317     0.4051    121.816    121.816    35.2315    294.604     99.896 0.0000e+00
       6311    123.010     7.9076   3.639663    -0.0335     2.5318     0.4052    121.835    121.835    35.2316    294.629     99.905 0.0000e+00
       6312    123.029     7.9075   3.639656    -0.0335     2.5318     0.4053    121.854    121.854    35.2316    294.640     99.908 0.0000e+00
       6313    123.049     7.9075   3.639638    -0.0336     2.5319     0.4054    121.873    121.873    35.2314    294.667     99.917 0.0000e+00
       6314    123.068     7.9075   3.639686    -0.0338     2.5318     0.4056    121.893    121.892    35.2320    294.663     99.916 0.0000e+00
       6315    123.088     7.9075   3.639680    -0.0339     2.5318     0.4057    121.912    121.912    35.2319    294.673     99.919 0.0000e+00
       6316    123.108     7.9075   3.639692    -0.0340     2.5318     0.4058    121.932    121.932    35.2320    294.680     99.922 0.0000e+00
       6317    123.127     7.9078   3.639652    -0.0341     2.5317     0.4059    121.951    121.951    35.2313    294.673     99.920 0.0000e+00
       6318    123.146     7.9076   3.639651    -0.0343     2.5317     0.4060    121.969    121.969    35.2314    294.681     99.922 0.0000e+00
       6319    123.165     7.9076   3.639669    -0.0345     2.5316     0.4062    121.988    121.988    35.2316    294.672     99.919 0.0000e+00
       6320    123.185     7.9076   3.639645    -0.0346     2.5316     0.4063    122.008    122.008    35.2313    294.680     99.922 0.0000e+00
       6321    123.207     7.9075   3.639662    -0.0348     2.5316     0.4065    122.030    122.030    35.2316    294.690     99.925 0.0000e+00
       6322    123.228     7.9075   3.639620    -0.0350     2.5316     0.4067    122.051    122.051    35.2312    294.700     99.928 0.0000e+00
       6323    123.249     7.9078   3.639646    -0.0353     2.5316     0.4069    122.071    122.071    35.2311    294.709     99.932 0.0000e+00
       6324    123.271     7.9075   3.639668    -0.0355     2.5316     0.4071    122.093    122.093    35.2317    294.719     99.935 0.0000e+00
       6325    123.292     7.9076   3.639675    -0.0358     2.5317     0.4073    122.114    122.114    35.2316    294.743     99.943 0.0000e+00
       6326    123.312     7.9076   3.639675    -0.0361     2.5317     0.4075    122.134    122.134    35.2316    294.752     99.946 0.0000e+00
       6327    123.335     7.9076   3.639645    -0.0364     2.5318     0.4078    122.156    122.157    35.2313    294.776     99.954 0.0000e+00
       6328    123.358     7.9076   3.639639    -0.0368     2.5319     0.4081    122.180    122.179    35.2312    294.799     99.962 0.0000e+00
       6329    123.383     7.9076   3.639651    -0.0371     2.5320     0.4084    122.204    122.204    35.2313    294.822     99.970 0.0000e+00
       6330    123.407     7.9075   3.639692    -0.0376     2.5320     0.4088    122.228    122.228    35.2318    294.827     99.972 0.0000e+00
       6331    123.429     7.9076   3.639651    -0.0380     2.5320     0.4092    122.250    122.250    35.2313    294.832     99.973 0.0000e+00
       6332    123.451     7.9075   3.639662    -0.0385     2.5320     0.4096    122.272    122.271    35.2315    294.834     99.974 0.0000e+00
       6333    123.473     7.9076   3.639675    -0.0390     2.5320     0.4100    122.294    122.293    35.2315    294.835     99.974 0.0000e+00
