Data/CTD_12_avg.cnv
* Sea-Bird SBE 9 Data File:
* FileName = C:\Users\ctd-user\Desktop\CTD_data\OC4920\CTD_12.hex
* Software Version Seasave V 7.26.2.13
* Temperature SN = 6313
* Conductivity SN = 4758
* Number of Bytes Per Scan = 28
* Number of Voltage Words = 3
* Number of Scans Averaged by the Deck Unit = 1
* NMEA Latitude = 57 49.83 N
* NMEA Longitude = 010 46.49 E
* NMEA UTC (Time) = May 07 2025 11:52:13
** Station: test
** Operator: Operator 1
** Ship: 7720 Skagerak
** Cruise: 7720-2025-01
** Latitude [GG MM.mm N]:
** Longitude [GG MM.mm E]:
** Pumps: PrimaryPump: 1820 # SecondaryPump:
** EventIDs: EventID: 3decf26d-821b-4112-8042-a2c98b568458 # ParentEventID:
** Additional Sampling:
** Metadata admin: MPROG: Other # PROJ: Other # ORDERER: GU # SLABO: GU # ALABO: GU # REFSK: ingen
** Metadata conditions: WADEP: 10 # WINSP: 1 # WINDIR: 02 # AIRPRES: 1000 # AIRTEMP: 1 # WEATH: 9 # CLOUD: 9 # WAVES: 9 # ICEOB: 9 # COMNT_VISIT:
** LIMS Job:
# nquan = 13
# nvalues = 174                         
# units = specified
# name 0 = scan: Scan Count
# name 1 = prDM: Pressure, Digiquartz [db]
# name 2 = t090C: Temperature [ITS-90, deg C]
# name 3 = c0S/m: Conductivity [S/m]
# name 4 = flECO-AFL: Fluorescence, WET Labs ECO-AFL/FL [mg/m^3]
# name 5 = sbeox0V: Oxygen raw, SBE 43 [V]
# name 6 = turbWETntu0: Turbidity, WET Labs ECO [NTU]
# name 7 = depSM: Depth [salt water, m]
# name 8 = depSM: Depth [salt water, m], lat = 57.8305
# name 9 = sal00: Salinity, Practical [PSU]
# name 10 = sbeox0Mm/L: Oxygen, SBE 43 [umol/l], WS = 2
# name 11 = sbeox0PS: Oxygen, SBE 43 [% saturation], WS = 2
# name 12 = flag: flag
# span 0 =        252,       6648       
# span 1 =      0.505,     87.831       
# span 2 =     7.6423,    11.1646       
# span 3 =   3.379102,   3.666501       
# span 4 =    -0.0295,     4.9295       
# span 5 =     2.3290,     2.7533       
# span 6 =     0.1976,     0.3278       
# span 7 =      0.500,     87.000       
# span 8 =      0.500,     87.000       
# span 9 =    29.8305,    35.1542       
# span 10 =    257.900,    319.184      
# span 11 =     88.702,    109.916      
# span 12 = 0.0000e+00, 0.0000e+00      
# interval = meters: 0.5                
# start_time = May 07 2025 11:52:13 [NMEA time, header]
# bad_flag = -9.990e-29
*END*
        252      0.505    11.1646   3.395047     0.3853     2.4806     0.2225      0.500      0.500    29.8305    285.857    100.571 0.0000e+00
        281      1.009    10.9483   3.400943     0.4351     2.5378     0.2223      1.000      1.000    30.0643    287.142    100.703 0.0000e+00
        310      1.514    10.8024   3.397887     0.6590     2.5519     0.2295      1.500      1.500    30.1535    281.855     98.594 0.0000e+00
        592      2.019    10.7835   3.386253     1.1123     2.3895     0.2328      2.000      2.000    30.0543    258.390     90.295 0.0000e+00
        693      2.523    10.3628   3.382821     1.4004     2.3513     0.2416      2.500      2.500    30.3689    260.219     90.282 0.0000e+00
        715      3.028    10.0676   3.379987     1.7093     2.3786     0.2544      3.000      3.000    30.5879    271.646     93.775 0.0000e+00
        739      3.533    10.1493   3.379102     2.0671     2.4249     0.2614      3.500      3.500    30.5099    279.999     96.783 0.0000e+00
        762      4.037    10.1192   3.379110     2.1545     2.4664     0.2649      4.000      4.000    30.5352    283.104     97.808 0.0000e+00
        787      4.542    10.2620   3.379881     2.1727     2.4915     0.2785      4.500      4.500    30.4233    281.199     97.382 0.0000e+00
       1221      5.047     9.5530   3.449543     2.3440     2.3290     0.2832      5.000      5.000    31.7433    257.900     88.702 0.0000e+00
       2526      5.551     9.2030   3.529589     2.1276     2.5932     0.2674      5.500      5.500    32.8751    288.940     99.316 0.0000e+00
       2555      6.056     9.1104   3.576546     1.8933     2.5755     0.2725      6.000      6.000    33.4480    286.820     98.750 0.0000e+00
       2582      6.561     9.0252   3.595772     1.5489     2.5595     0.2728      6.500      6.500    33.7284    286.546     98.649 0.0000e+00
       2607      7.066     8.9768   3.603910     1.3382     2.5511     0.2618      7.000      7.000    33.8592    286.583     98.639 0.0000e+00
       2630      7.570     8.9561   3.607703     1.2740     2.5456     0.2562      7.500      7.500    33.9183    286.109     98.469 0.0000e+00
       2651      8.075     8.9140   3.608907     1.2795     2.5409     0.2557      8.000      8.000    33.9709    285.877     98.331 0.0000e+00
       2671      8.580     8.9093   3.608664     1.2970     2.5378     0.2555      8.500      8.500    33.9727    286.371     98.491 0.0000e+00
       2693      9.084     8.9144   3.612029     1.3017     2.5392     0.2553      9.000      9.000    34.0028    288.116     99.122 0.0000e+00
       2718      9.589     8.8839   3.614730     1.3035     2.5495     0.2566      9.500      9.500    34.0601    292.444    100.580 0.0000e+00
       2745     10.094     8.8673   3.618096     1.3345     2.5708     0.2634     10.000     10.000    34.1111    294.151    101.164 0.0000e+00
       2769     10.598     8.7947   3.626328     1.5717     2.5683     0.2706     10.500     10.500    34.2675    288.421     99.134 0.0000e+00
       2792     11.103     8.6183   3.623666     2.0197     2.5532     0.2767     11.000     11.000    34.4104    287.079     98.378 0.0000e+00
       2814     11.608     8.5420   3.615557     1.7326     2.5474     0.2801     11.500     11.500    34.3988    291.529     99.725 0.0000e+00
       2838     12.112     8.5090   3.614096     1.0790     2.5687     0.2849     12.000     12.000    34.4153    304.615    104.137 0.0000e+00
       2861     12.617     8.5925   3.618849     0.8192     2.6302     0.2919     12.500     12.500    34.3840    317.668    108.779 0.0000e+00
       2884     13.122     8.8152   3.642846     1.4380     2.6829     0.2944     13.000     13.000    34.4202    319.104    109.838 0.0000e+00
       2906     13.627     8.7862   3.656305     3.0833     2.7165     0.2901     13.500     13.500    34.5897    319.184    109.916 0.0000e+00
       2928     14.131     8.7894   3.662671     4.8636     2.7358     0.2793     14.000     14.000    34.6534    318.654    109.786 0.0000e+00
       2951     14.636     8.7786   3.666311     4.9295     2.7479     0.2684     14.500     14.500    34.7020    318.248    109.655 0.0000e+00
       2978     15.141     8.7563   3.666501     4.8277     2.7533     0.2524     15.000     15.000    34.7257    317.087    109.218 0.0000e+00
       3005     15.645     8.7228   3.666105     4.4239     2.7490     0.2378     15.500     15.500    34.7542    314.111    108.132 0.0000e+00
       3028     16.150     8.6497   3.665095     3.9498     2.7374     0.2311     16.000     16.000    34.8153    311.925    107.248 0.0000e+00
       3048     16.655     8.5802   3.662061     3.4911     2.7266     0.2275     16.500     16.500    34.8515    311.185    106.853 0.0000e+00
       3068     17.159     8.5260   3.659237     2.6784     2.7179     0.2186     17.000     17.000    34.8748    311.035    106.689 0.0000e+00
       3090     17.664     8.4805   3.657376     1.9912     2.7115     0.2097     17.500     17.500    34.8999    311.133    106.632 0.0000e+00
       3113     18.169     8.4426   3.653911     1.6754     2.7062     0.2021     18.000     18.000    34.9004    310.725    106.403 0.0000e+00
       3137     18.674     8.4272   3.652624     1.6090     2.6992     0.1999     18.500     18.500    34.9018    309.011    105.780 0.0000e+00
       3161     19.178     8.3875   3.650719     1.5735     2.6871     0.2014     19.000     19.000    34.9206    305.777    104.594 0.0000e+00
       3183     19.683     8.3247   3.647142     1.5043     2.6691     0.1998     19.500     19.500    34.9447    301.936    103.151 0.0000e+00
       3204     20.188     8.2344   3.641903     1.3267     2.6474     0.2031     20.000     20.000    34.9784    298.347    101.742 0.0000e+00
       3226     20.692     7.9816   3.625475     1.0954     2.6227     0.2052     20.500     20.500    35.0546    296.754    100.677 0.0000e+00
       3251     21.197     7.8435   3.602329     0.8243     2.5998     0.2132     21.000     21.000    34.9434    296.706    100.275 0.0000e+00
       3279     21.702     7.8216   3.595477     0.5007     2.5845     0.2274     21.500     21.500    34.8912    297.535    100.471 0.0000e+00
       3302     22.207     7.8479   3.595864     0.3193     2.5805     0.2359     22.000     22.000    34.8688    298.595    100.874 0.0000e+00
       3323     22.711     7.8933   3.602411     0.2335     2.5806     0.2412     22.500     22.500    34.8937    299.010    101.134 0.0000e+00
       3342     23.216     7.8969   3.605407     0.1936     2.5822     0.2387     23.000     23.000    34.9222    299.449    101.310 0.0000e+00
       3363     23.721     7.9000   3.606572     0.1681     2.5841     0.2291     23.500     23.500    34.9314    299.723    101.416 0.0000e+00
       3387     24.226     7.9020   3.607366     0.1279     2.5863     0.2200     24.000     24.000    34.9377    299.926    101.493 0.0000e+00
       3415     24.730     7.9027   3.608277     0.0955     2.5871     0.2117     24.500     24.500    34.9466    299.428    101.332 0.0000e+00
       3440     25.235     7.9041   3.608705     0.0632     2.5866     0.2055     25.000     25.000    34.9496    299.764    101.451 0.0000e+00
       3461     25.740     7.9071   3.609378     0.0608     2.5888     0.2042     25.500     25.500    34.9535    300.263    101.629 0.0000e+00
       3482     26.244     7.9087   3.610071     0.0677     2.5895     0.2059     26.000     26.000    34.9591    299.983    101.542 0.0000e+00
       3505     26.749     7.9068   3.610483     0.0672     2.5896     0.2095     26.500     26.500    34.9652    299.943    101.528 0.0000e+00
       3530     27.254     7.9038   3.610540     0.0527     2.5899     0.2069     27.000     27.000    34.9686    300.100    101.577 0.0000e+00
       3556     27.759     7.8994   3.610504     0.0547     2.5900     0.2074     27.500     27.500    34.9724    299.921    101.509 0.0000e+00
       3579     28.263     7.8944   3.610436     0.0700     2.5895     0.2178     28.000     28.000    34.9764    300.110    101.564 0.0000e+00
       3600     28.768     7.8941   3.610445     0.0613     2.5903     0.2157     28.500     28.500    34.9766    300.288    101.623 0.0000e+00
       3620     29.273     7.8940   3.610561     0.0454     2.5902     0.2072     29.000     29.000    34.9777    300.140    101.574 0.0000e+00
       3643     29.778     7.8966   3.610797     0.0440     2.5902     0.2046     29.500     29.500    34.9774    300.129    101.576 0.0000e+00
       3670     30.282     7.8931   3.611363     0.0468     2.5899     0.2014     30.000     30.000    34.9867    300.106    101.566 0.0000e+00
       3698     30.787     7.8950   3.611716     0.0415     2.5899     0.1976     30.500     30.500    34.9884    299.844    101.483 0.0000e+00
       3720     31.292     7.8980   3.612329     0.0441     2.5877     0.1990     31.000     31.000    34.9918    299.206    101.276 0.0000e+00
       3740     31.797     7.8983   3.612616     0.0508     2.5864     0.2037     31.500     31.500    34.9942    299.678    101.438 0.0000e+00
       3760     32.301     7.8981   3.612721     0.0552     2.5878     0.2055     32.000     32.000    34.9954    300.406    101.685 0.0000e+00
       3781     32.806     7.9010   3.613183     0.0661     2.5895     0.2089     32.500     32.500    34.9972    300.631    101.769 0.0000e+00
       3809     33.311     7.9005   3.613433     0.1214     2.5919     0.2074     33.000     33.000    35.0001    301.059    101.915 0.0000e+00
       3838     33.816     7.9135   3.613511     0.0859     2.5934     0.2048     33.500     33.500    34.9877    300.638    101.793 0.0000e+00
       3863     34.320     7.9389   3.617573     0.0755     2.5930     0.2045     34.000     34.000    35.0057    300.426    101.792 0.0000e+00
       3884     34.825     7.9497   3.618670     0.0664     2.5937     0.2049     34.500     34.500    35.0065    300.832    101.955 0.0000e+00
       3903     35.330     7.9542   3.619992     0.0583     2.5954     0.2049     35.000     35.000    35.0160    301.181    102.090 0.0000e+00
       3923     35.835     7.9514   3.620204     0.0673     2.5970     0.2055     35.500     35.500    35.0208    301.451    102.178 0.0000e+00
       3946     36.339     7.9495   3.619839     0.0881     2.5988     0.2070     36.000     36.000    35.0185    301.582    102.217 0.0000e+00
       3975     36.844     7.9454   3.619682     0.0890     2.5995     0.2116     36.500     36.500    35.0207    301.083    102.040 0.0000e+00
       4005     37.349     7.9387   3.619374     0.0595     2.5968     0.2100     37.000     37.000    35.0239    300.156    101.712 0.0000e+00
       4028     37.854     7.9154   3.617917     0.0656     2.5935     0.2085     37.500     37.500    35.0313    299.818    101.549 0.0000e+00
       4048     38.358     7.9067   3.616569     0.0809     2.5910     0.2128     38.000     38.000    35.0253    299.713    101.490 0.0000e+00
       4068     38.863     7.8973   3.615747     0.0803     2.5892     0.2129     38.500     38.500    35.0256    299.812    101.502 0.0000e+00
       4088     39.368     7.8862   3.614839     0.0650     2.5884     0.2127     39.000     39.000    35.0267    300.041    101.555 0.0000e+00
       4113     39.873     7.8761   3.613905     0.0466     2.5876     0.2121     39.500     39.500    35.0265    299.966    101.506 0.0000e+00
       4142     40.378     7.8695   3.612878     0.0293     2.5866     0.2075     40.000     40.000    35.0218    300.174    101.558 0.0000e+00
       4170     40.882     7.8797   3.614074     0.0252     2.5874     0.2042     40.500     40.500    35.0242    300.456    101.679 0.0000e+00
       4194     41.387     7.8772   3.614469     0.0348     2.5884     0.2043     41.000     41.000    35.0307    300.567    101.715 0.0000e+00
       4215     41.892     7.8744   3.614290     0.0398     2.5886     0.2051     41.500     41.500    35.0313    300.406    101.654 0.0000e+00
       4236     42.397     7.8894   3.614831     0.0409     2.5880     0.2085     42.000     42.000    35.0218    300.139    101.592 0.0000e+00
       4258     42.901     7.8985   3.617213     0.0449     2.5877     0.2148     42.500     42.500    35.0382    300.191    101.641 0.0000e+00
       4281     43.406     7.9283   3.618511     0.0455     2.5883     0.2195     43.000     43.000    35.0221    300.533    101.815 0.0000e+00
       4305     43.911     7.9556   3.623853     0.0538     2.5904     0.2199     43.500     43.500    35.0519    300.331    101.829 0.0000e+00
       4333     44.416     7.9678   3.625739     0.0924     2.5893     0.2153     44.000     44.000    35.0597    299.385    101.541 0.0000e+00
       4359     44.921     7.9588   3.627164     0.0672     2.5862     0.2089     44.500     44.500    35.0838    298.507    101.238 0.0000e+00
       4384     45.425     7.9362   3.624767     0.0531     2.5822     0.2125     45.000     45.000    35.0805    297.980    101.006 0.0000e+00
       4406     45.930     7.9174   3.623089     0.0504     2.5782     0.2151     45.500     45.500    35.0811    297.617    100.841 0.0000e+00
       4427     46.435     7.8972   3.620709     0.0442     2.5753     0.2197     46.000     46.000    35.0755    297.619    100.792 0.0000e+00
       4449     46.940     7.8871   3.619263     0.0435     2.5728     0.2225     46.500     46.500    35.0698    297.619    100.766 0.0000e+00
       4475     47.444     7.8778   3.618151     0.0255     2.5713     0.2279     46.999     47.000    35.0668    297.836    100.816 0.0000e+00
       4501     47.949     7.8716   3.617782     0.0125     2.5705     0.2341     47.500     47.500    35.0689    297.593    100.721 0.0000e+00
       4527     48.454     7.8684   3.617603     0.0218     2.5675     0.2325     48.000     48.000    35.0698    296.689    100.408 0.0000e+00
       4550     48.959     7.8664   3.617587     0.0389     2.5643     0.2362     48.500     48.500    35.0715    296.407    100.309 0.0000e+00
       4573     49.464     7.8657   3.617656     0.0310     2.5614     0.2423     49.000     49.000    35.0727    295.707    100.072 0.0000e+00
       4596     49.968     7.8684   3.617874     0.0145     2.5569     0.2414     49.500     49.500    35.0720    294.903     99.806 0.0000e+00
       4620     50.473     7.8616   3.618594     0.0127     2.5528     0.2381     50.000     50.000    35.0865    294.746     99.746 0.0000e+00
       4645     50.978     7.8364   3.616848     0.0109     2.5507     0.2388     50.500     50.500    35.0927    295.247     99.863 0.0000e+00
       4670     51.483     7.8314   3.615799     0.0051     2.5503     0.2424     51.000     51.000    35.0861    295.192     99.829 0.0000e+00
       4693     51.988     7.8290   3.615622     0.0042     2.5484     0.2439     51.500     51.500    35.0864    294.790     99.688 0.0000e+00
       4717     52.492     7.8245   3.615463     0.0037     2.5474     0.2422     52.000     52.000    35.0889    295.098     99.784 0.0000e+00
       4741     52.997     7.8082   3.614859     0.0040     2.5475     0.2438     52.500     52.500    35.0986    295.420     99.862 0.0000e+00
       4765     53.502     7.7966   3.613910     0.0038     2.5482     0.2392     53.000     53.000    35.0998    295.855     99.984 0.0000e+00
       4788     54.007     7.7873   3.613530     0.0040     2.5499     0.2376     53.500     53.500    35.1048    296.203    100.084 0.0000e+00
       4811     54.512     7.7735   3.612836     0.0042     2.5507     0.2363     54.000     54.000    35.1109    296.408    100.126 0.0000e+00
       4835     55.016     7.7669   3.612408     0.0041     2.5522     0.2327     54.500     54.500    35.1127    296.559    100.163 0.0000e+00
       4861     55.521     7.7556   3.611992     0.0037     2.5521     0.2343     55.000     55.000    35.1193    296.203    100.022 0.0000e+00
       4885     56.026     7.7502   3.611201     0.0037     2.5510     0.2317     55.500     55.500    35.1159    296.015     99.944 0.0000e+00
