Data/CTD_08_avg.cnv
* Sea-Bird SBE 9 Data File:
* FileName = C:\Users\ctd-user\Desktop\CTD_data\OC4920\CTD_08.hex
* Software Version Seasave V 7.26.2.13
* Temperature SN = 6313
* Conductivity SN = 4758
* Number of Bytes Per Scan = 28
* Number of Voltage Words = 3
* Number of Scans Averaged by the Deck Unit = 1
* NMEA Latitude = 57 53.87 N
* NMEA Longitude = 010 46.83 E
* NMEA UTC (Time) = May 07 2025 10:06:26
** Station: test
** Operator: Operator 1
** Ship: 7720 Skagerak
** Cruise: 7720-2025-01
** Latitude [GG MM.mm N]:
** Longitude [GG MM.mm E]:
** Pumps: PrimaryPump: 1820 # SecondaryPump:
** EventIDs: EventID: 3decf26d-821b-4112-8042-a2c98b568458 # ParentEventID:
** Additional Sampling:
** Metadata admin: MPROG: Other # PROJ: Other # ORDERER: GU # SLABO: GU # ALABO: GU # REFSK: ingen
** Metadata conditions: WADEP: 10 # WINSP: 1 # WINDIR: 02 # AIRPRES: 1000 # AIRTEMP: 1 # WEATH: 9 # CLOUD: 9 # WAVES: 9 # ICEOB: 9 # COMNT_VISIT:
** LIMS Job:
# nquan = 13
# nvalues = 274                         
# units = specified
# name 0 = scan: Scan Count
# name 1 = prDM: Pressure, Digiquartz [db]
# name 2 = t090C: Temperature [ITS-90, deg C]
# name 3 = c0S/m: Conductivity [S/m]
# name 4 = flECO-AFL: Fluorescence, WET Labs ECO-AFL/FL [mg/m^3]
# name 5 = sbeox0V: Oxygen raw, SBE 43 [V]
# name 6 = turbWETntu0: Turbidity, WET Labs ECO [NTU]
# name 7 = depSM: Depth [salt water, m]
# name 8 = depSM: Depth [salt water, m], lat = 57.8978
# name 9 = sal00: Salinity, Practical [PSU]
# name 10 = sbeox0Mm/L: Oxygen, SBE 43 [umol/l], WS = 2
# name 11 = sbeox0PS: Oxygen, SBE 43 [% saturation], WS = 2
# name 12 = flag: flag
# span 0 =        656,       7378       
# span 1 =      0.505,    138.326       
# span 2 =     7.8792,    10.2843       
# span 3 =   3.376327,   3.685928       
# span 4 =    -0.0496,     5.2878       
# span 5 =     2.5258,     2.8304       
# span 6 =     0.1637,     0.4395       
# span 7 =      0.500,    137.000       
# span 8 =      0.500,    137.000       
# span 9 =    30.3701,    35.2556       
# span 10 =    293.365,    330.427      
# span 11 =     99.403,    113.815      
# span 12 = 0.0000e+00, 0.0000e+00      
# interval = meters: 0.5                
# start_time = May 07 2025 10:06:26 [NMEA time, header]
# bad_flag = -9.990e-29
*END*
[from data line 223]
       5843    113.078     7.9057   3.638933    -0.0408     2.5342     0.4047    112.000    112.000    35.2306    294.447     99.838 0.0000e+00
       5865    113.583     7.9058   3.638974    -0.0345     2.5334     0.4049    112.500    112.500    35.2306    294.338     99.801 0.0000e+00
       5893    114.088     7.9062   3.639015    -0.0336     2.5323     0.3931    113.000    113.000    35.2304    294.376     99.815 0.0000e+00
       5924    114.592     7.9063   3.639067    -0.0415     2.5331     0.3802    113.500    113.500    35.2307    294.846     99.975 0.0000e+00
       5948    115.097     7.9064   3.639106    -0.0479     2.5336     0.3779    114.000    114.000    35.2307    294.719     99.932 0.0000e+00
       5967    115.602     7.9071   3.639175    -0.0451     2.5335     0.3859    114.500    114.500    35.2306    294.709     99.930 0.0000e+00
       5985    116.107     7.9071   3.639250    -0.0367     2.5337     0.3974    115.000    115.000    35.2311    294.666     99.916 0.0000e+00
       6007    116.612     7.9072   3.639284    -0.0349     2.5331     0.3976    115.500    115.500    35.2311    294.699     99.927 0.0000e+00
       6033    117.117     7.9076   3.639343    -0.0415     2.5340     0.3954    116.000    116.000    35.2311    295.000    100.030 0.0000e+00
       6060    117.622     7.9078   3.639393    -0.0366     2.5344     0.3918    116.500    116.500    35.2312    294.906     99.999 0.0000e+00
       6083    118.127     7.9081   3.639444    -0.0330     2.5340     0.3963    117.000    117.000    35.2312    294.464     99.850 0.0000e+00
       6103    118.632     7.9082   3.639516    -0.0326     2.5323     0.4067    117.500    117.500    35.2316    294.135     99.739 0.0000e+00
       6124    119.137     7.9085   3.639548    -0.0333     2.5313     0.4070    118.000    118.000    35.2314    294.426     99.838 0.0000e+00
       6152    119.642     7.9085   3.639580    -0.0402     2.5322     0.3908    118.500    118.500    35.2314    294.889     99.995 0.0000e+00
       6181    120.147     7.9085   3.639606    -0.0465     2.5327     0.3827    119.000    119.000    35.2315    294.592     99.894 0.0000e+00
       6202    120.652     7.9086   3.639640    -0.0417     2.5319     0.3862    119.500    119.500    35.2316    294.381     99.823 0.0000e+00
       6221    121.157     7.9085   3.639659    -0.0348     2.5310     0.3933    120.000    120.000    35.2316    294.432     99.840 0.0000e+00
       6240    121.662     7.9086   3.639682    -0.0329     2.5315     0.4058    120.500    120.500    35.2315    294.901     99.999 0.0000e+00
       6263    122.167     7.9078   3.639666    -0.0325     2.5327     0.4101    121.000    121.000    35.2318    294.978    100.024 0.0000e+00
       6292    122.672     7.9080   3.639662    -0.0327     2.5324     0.4062    121.500    121.500    35.2314    294.617     99.901 0.0000e+00
       6319    123.177     7.9076   3.639663    -0.0349     2.5318     0.4065    122.000    122.000    35.2316    294.697     99.928 0.0000e+00
       6342    123.682     7.9077   3.639681    -0.0398     2.5320     0.4130    122.500    122.500    35.2314    294.770     99.952 0.0000e+00
       6362    124.187     7.9074   3.639718    -0.0279     2.5316     0.4209    123.000    123.000    35.2319    294.482     99.854 0.0000e+00
       6383    124.692     7.9077   3.639721    -0.0258     2.5305     0.4186    123.500    123.500    35.2313    294.232     99.770 0.0000e+00
       6408    125.197     7.9076   3.639754    -0.0313     2.5292     0.4085    124.000    124.000    35.2315    294.058     99.711 0.0000e+00
       6434    125.702     7.9077   3.639772    -0.0323     2.5279     0.4012    124.500    124.500    35.2314    294.031     99.702 0.0000e+00
       6457    126.207     7.9079   3.639816    -0.0325     2.5275     0.4044    125.000    125.000    35.2314    294.244     99.775 0.0000e+00
       6477    126.712     7.9080   3.639863    -0.0329     2.5278     0.4141    125.500    125.500    35.2316    294.367     99.817 0.0000e+00
       6499    127.217     7.9078   3.639881    -0.0358     2.5281     0.4195    126.000    126.000    35.2318    294.389     99.824 0.0000e+00
       6525    127.722     7.9075   3.639858    -0.0423     2.5283     0.4081    126.500    126.500    35.2316    294.486     99.856 0.0000e+00
       6552    128.227     7.9075   3.639871    -0.0347     2.5285     0.4067    127.000    127.000    35.2314    294.417     99.833 0.0000e+00
       6577    128.732     7.9075   3.639901    -0.0327     2.5284     0.4097    127.500    127.500    35.2314    294.651     99.912 0.0000e+00
       6599    129.237     7.9076   3.639934    -0.0324     2.5298     0.4076    128.000    128.000    35.2315    295.048    100.047 0.0000e+00
       6619    129.742     7.9076   3.639963    -0.0324     2.5307     0.4119    128.500    128.500    35.2315    295.010    100.034 0.0000e+00
       6637    130.247     7.9076   3.639984    -0.0324     2.5310     0.4160    129.000    129.000    35.2315    294.856     99.982 0.0000e+00
       6659    130.752     7.9075   3.640005    -0.0324     2.5304     0.4174    129.500    129.500    35.2316    294.695     99.927 0.0000e+00
       6693    131.257     7.9073   3.639988    -0.0324     2.5298     0.4003    130.000    130.000    35.2314    294.550     99.877 0.0000e+00
       6725    131.762     7.9070   3.639986    -0.0324     2.5289     0.3849    130.500    130.500    35.2315    294.547     99.875 0.0000e+00
       6744    132.267     7.9066   3.640002    -0.0324     2.5288     0.3880    131.000    131.000    35.2317    294.662     99.914 0.0000e+00
       6761    132.772     7.9064   3.639987    -0.0324     2.5289     0.3966    131.500    131.500    35.2315    294.760     99.946 0.0000e+00
       6777    133.277     7.9066   3.640011    -0.0324     2.5292     0.4094    132.000    132.000    35.2314    294.707     99.929 0.0000e+00
       6796    133.782     7.9066   3.640017    -0.0324     2.5288     0.4192    132.500    132.500    35.2311    294.632     99.903 0.0000e+00
       6826    134.287     7.9071   3.640070    -0.0324     2.5285     0.4158    133.000    133.000    35.2310    294.541     99.873 0.0000e+00
       6861    134.792     7.9072   3.640125    -0.0324     2.5275     0.4045    133.500    133.500    35.2312    294.398     99.825 0.0000e+00
       6886    135.297     7.9075   3.640173    -0.0324     2.5273     0.3978    134.000    134.000    35.2312    294.662     99.915 0.0000e+00
       6904    135.802     7.9079   3.640222    -0.0324     2.5280     0.4099    134.500    134.500    35.2310    294.856     99.982 0.0000e+00
       6921    136.307     7.9081   3.640280    -0.0324     2.5284     0.4338    135.000    135.000    35.2312    294.799     99.963 0.0000e+00
       6942    136.812     7.9079   3.640302    -0.0324     2.5284     0.4395    135.500    135.500    35.2314    294.682     99.923 0.0000e+00
       6967    137.317     7.9080   3.640307    -0.0324     2.5276     0.4301    136.000    136.000    35.2311    294.256     99.779 0.0000e+00
       7057    137.822     7.9084   3.640363    -0.0324     2.5258     0.4067    136.500    136.500    35.2311    294.282     99.788 0.0000e+00
       7378    138.326 -9.990e-29   3.640364    -0.0324 -9.990e-29     0.3800    137.000    137.000 -9.990e-29 -9.990e-29 -9.990e-29 0.0000e+00
