Data/CTD_12.cnv
* Sea-Bird SBE 9 Data File:
* FileName = C:\Users\ctd-user\Desktop\CTD_data\OC4920\CTD_12.hex
* Software Version Seasave V 7.26.2.13
* Temperature SN = 6313
* Conductivity SN = 4758
* Number of Bytes Per Scan = 28
* Number of Voltage Words = 3
* Number of Scans Averaged by the Deck Unit = 1
* NMEA Latitude = 57 49.83 N
* NMEA Longitude = 010 46.49 E
* NMEA UTC (Time) = May 07 2025 11:52:13
** Station: test
** Operator: Operator 1
** Ship: 7720 Skagerak
** Cruise: 7720-2025-01
** Latitude [GG MM.mm N]:
** Longitude [GG MM.mm E]:
** Pumps: PrimaryPump: 1820 # SecondaryPump:
** EventIDs: EventID: 3decf26d-821b-4112-8042-a2c98b568458 # ParentEventID:
** Additional Sampling:
** Metadata admin: MPROG: Other # PROJ: Other # ORDERER: GU # SLABO: GU # ALABO: GU # REFSK: ingen
** Metadata conditions: WADEP: 10 # WINSP: 1 # WINDIR: 02 # AIRPRES: 1000 # AIRTEMP: 1 # WEATH: 9 # CLOUD: 9 # WAVES: 9 # ICEOB: 9 # COMNT_VISIT:
** LIMS Job:
# nquan = 13                                
# nvalues = 6790                        
# units = specified
# name 0 = scan: Scan Count
# name 1 = prDM: Pressure, Digiquartz [db]
# name 2 = t090C: Temperature [ITS-90, deg C]
# name 3 = c0S/m: Conductivity [S/m]
# name 4 = flECO-AFL: Fluorescence, WET Labs ECO-AFL/FL [mg/m^3]
# name 5 = sbeox0V: Oxygen raw, SBE 43 [V]
# name 6 = turbWETntu0: Turbidity, WET Labs ECO [NTU]
# name 7 = depSM: Depth [salt water, m]
# name 8 = depSM: Depth [salt water, m], lat = 57.8305
# name 9 = sal00: Salinity, Practical [PSU]
# name 10 = sbeox0Mm/L: Oxygen, SBE 43 [umol/l], WS = 2
# name 11 = sbeox0PS: Oxygen, SBE 43 [% saturation], WS = 2
# name 12 = flag: flag
# span 0 =          1,       6790       
# span 1 =     -1.517,     88.004       
# span 2 =     7.6422,    11.2281       
# span 3 =   0.066963,   3.666707       
# span 4 =    -0.1231,     5.0197       
# span 5 =     2.1901,     2.7541       
# span 6 =     0.1326,     0.5140       
# span 7 =     -1.503,     87.171       
# span 8 =     -1.503,     87.171       
# span 9 =     0.4843,    35.1549       
# span 10 =    237.271,    328.113      
# span 11 =     81.085,    109.955      
# span 12 = 0.0000e+00, 0.0000e+00      
# interval = seconds: 0.0416667
# start_time = May 07 2025 11:52:13 [NMEA time, header]
# bad_flag = -9.990e-29
*END*
[from data line 3778]
       3779     32.757     7.9007   3.613220     0.0623     2.5894     0.2087     32.452     32.451    34.9979    300.575    101.750 0.0000e+00
       3780     32.779     7.9008   3.613251     0.0630     2.5894     0.2090     32.473     32.473    34.9981    300.569    101.748 0.0000e+00
       3781     32.800     7.9008   3.613245     0.0637     2.5895     0.2092     32.494     32.494    34.9981    300.582    101.752 0.0000e+00
       3782     32.822     7.9006   3.613227     0.0645     2.5896     0.2094     32.516     32.516    34.9981    300.597    101.757 0.0000e+00
       3783     32.846     7.9010   3.613265     0.0655     2.5897     0.2096     32.539     32.539    34.9981    300.612    101.763 0.0000e+00
       3784     32.869     7.9010   3.613266     0.0664     2.5898     0.2098     32.562     32.562    34.9981    300.633    101.770 0.0000e+00
       3785     32.889     7.9010   3.613278     0.0675     2.5898     0.2099     32.583     32.582    34.9982    300.644    101.774 0.0000e+00
       3786     32.910     7.9013   3.613285     0.0686     2.5899     0.2100     32.603     32.603    34.9979    300.669    101.783 0.0000e+00
       3787     32.933     7.9013   3.613287     0.0698     2.5899     0.2101     32.625     32.626    34.9980    300.683    101.788 0.0000e+00
       3788     32.952     7.9013   3.613287     0.0712     2.5899     0.2102     32.645     32.644    34.9979    300.697    101.792 0.0000e+00
       3789     32.970     7.9017   3.613294     0.0726     2.5899     0.2102     32.662     32.662    34.9976    300.706    101.796 0.0000e+00
       3790     32.987     7.9015   3.613289     0.0742     2.5899     0.2103     32.680     32.679    34.9977    300.720    101.801 0.0000e+00
       3791     33.005     7.9020   3.613292     0.0758     2.5900     0.2103     32.698     32.697    34.9973    300.743    101.809 0.0000e+00
       3792     33.022     7.9018   3.613362     0.0776     2.5900     0.2103     32.714     32.714    34.9982    300.753    101.813 0.0000e+00
       3793     33.039     7.9021   3.613298     0.0795     2.5901     0.2102     32.731     32.731    34.9972    300.776    101.820 0.0000e+00
       3794     33.056     7.9022   3.613359     0.0816     2.5902     0.2102     32.748     32.748    34.9978    300.798    101.828 0.0000e+00
       3795     33.074     7.9020   3.613317     0.0839     2.5903     0.2101     32.765     32.765    34.9975    300.824    101.837 0.0000e+00
       3796     33.092     7.9020   3.613389     0.0864     2.5905     0.2100     32.783     32.783    34.9983    300.862    101.850 0.0000e+00
       3797     33.110     7.9022   3.613379     0.0891     2.5906     0.2098     32.801     32.801    34.9980    300.885    101.858 0.0000e+00
       3798     33.128     7.9018   3.613402     0.0920     2.5907     0.2097     32.819     32.819    34.9986    300.908    101.865 0.0000e+00
       3799     33.149     7.9018   3.613378     0.0953     2.5908     0.2095     32.839     32.840    34.9983    300.929    101.872 0.0000e+00
       3800     33.169     7.9015   3.613402     0.0987     2.5908     0.2094     32.859     32.859    34.9989    300.935    101.874 0.0000e+00
       3801     33.187     7.9013   3.613425     0.1025     2.5909     0.2092     32.877     32.877    34.9993    300.953    101.880 0.0000e+00
       3802     33.204     7.9012   3.613467     0.1066     2.5910     0.2089     32.894     32.894    34.9999    300.970    101.886 0.0000e+00
       3803     33.221     7.9010   3.613484     0.1110     2.5911     0.2086     32.911     32.911    35.0002    300.988    101.892 0.0000e+00
       3804     33.238     7.9008   3.613508     0.1156     2.5913     0.2083     32.927     32.928    35.0007    301.019    101.902 0.0000e+00
       3805     33.254     7.9007   3.613472     0.1200     2.5914     0.2080     32.943     32.944    35.0004    301.035    101.907 0.0000e+00
       3806     33.269     7.9005   3.613478     0.1238     2.5916     0.2077     32.959     32.959    35.0006    301.065    101.917 0.0000e+00
       3807     33.285     7.9005   3.613515     0.1272     2.5918     0.2075     32.974     32.974    35.0010    301.095    101.927 0.0000e+00
       3808     33.300     7.9004   3.613497     0.1301     2.5920     0.2072     32.989     32.989    35.0009    301.126    101.938 0.0000e+00
       3809     33.314     7.9002   3.613533     0.1326     2.5923     0.2070     33.003     33.003    35.0015    301.172    101.953 0.0000e+00
       3810     33.328     7.9005   3.613504     0.1347     2.5925     0.2069     33.017     33.017    35.0009    301.199    101.963 0.0000e+00
       3811     33.344     7.9002   3.613486     0.1365     2.5926     0.2067     33.033     33.033    35.0010    301.214    101.967 0.0000e+00
       3812     33.361     7.9000   3.613444     0.1379     2.5927     0.2065     33.049     33.050    35.0007    301.223    101.969 0.0000e+00
       3813     33.378     7.9000   3.613492     0.1390     2.5927     0.2064     33.066     33.066    35.0012    301.210    101.965 0.0000e+00
       3814     33.396     7.9002   3.613475     0.1397     2.5928     0.2062     33.084     33.084    35.0009    301.207    101.964 0.0000e+00
       3815     33.413     7.9000   3.613458     0.1402     2.5928     0.2061     33.101     33.101    35.0009    301.190    101.958 0.0000e+00
       3816     33.432     7.9002   3.613411     0.1402     2.5928     0.2060     33.119     33.120    35.0001    301.169    101.951 0.0000e+00
       3817     33.451     7.9002   3.613418     0.1400     2.5928     0.2059     33.138     33.139    35.0002    301.145    101.943 0.0000e+00
       3818     33.471     7.8997   3.613404     0.1394     2.5929     0.2059     33.158     33.159    35.0006    301.137    101.939 0.0000e+00
       3819     33.488     7.8997   3.613393     0.1385     2.5929     0.2058     33.175     33.175    35.0004    301.110    101.930 0.0000e+00
       3820     33.504     7.8996   3.613375     0.1372     2.5930     0.2057     33.191     33.191    35.0003    301.097    101.925 0.0000e+00
       3821     33.521     7.8994   3.613387     0.1356     2.5931     0.2056     33.208     33.208    35.0006    301.083    101.921 0.0000e+00
       3822     33.537     7.8990   3.613392     0.1336     2.5931     0.2055     33.224     33.224    35.0011    301.053    101.910 0.0000e+00
       3823     33.554     7.8988   3.613344     0.1313     2.5932     0.2054     33.240     33.241    35.0008    301.036    101.903 0.0000e+00
       3824     33.569     7.8988   3.613356     0.1286     2.5933     0.2053     33.255     33.256    35.0009    301.015    101.896 0.0000e+00
       3825     33.585     7.8989   3.613369     0.1254     2.5933     0.2052     33.271     33.272    35.0009    300.975    101.883 0.0000e+00
       3826     33.601     7.8990   3.613406     0.1219     2.5934     0.2052     33.287     33.287    35.0012    300.949    101.875 0.0000e+00
       3827     33.617     7.8990   3.613383     0.1178     2.5935     0.2051     33.303     33.303    35.0010    300.925    101.866 0.0000e+00
       3828     33.633     7.8990   3.613437     0.1133     2.5935     0.2050     33.319     33.319    35.0015    300.887    101.854 0.0000e+00
       3829     33.650     7.8988   3.613365     0.1084     2.5936     0.2049     33.336     33.336    35.0009    300.870    101.847 0.0000e+00
       3830     33.668     7.8986   3.613401     0.1035     2.5937     0.2048     33.354     33.354    35.0015    300.852    101.841 0.0000e+00
       3831     33.685     7.8985   3.613336     0.0989     2.5938     0.2048     33.371     33.371    35.0009    300.839    101.836 0.0000e+00
       3832     33.703     7.8986   3.613372     0.0947     2.5939     0.2047     33.388     33.388    35.0012    300.827    101.832 0.0000e+00
       3833     33.722     7.8986   3.613307     0.0910     2.5940     0.2047     33.407     33.407    35.0005    300.822    101.830 0.0000e+00
       3834     33.741     7.8994   3.613269     0.0876     2.5940     0.2047     33.426     33.426    34.9993    300.802    101.824 0.0000e+00
       3835     33.760     7.9004   3.613255     0.0846     2.5940     0.2047     33.445     33.445    34.9981    300.783    101.820 0.0000e+00
       3836     33.780     7.9008   3.613293     0.0818     2.5938     0.2047     33.465     33.465    34.9981    300.739    101.806 0.0000e+00
       3837     33.800     7.9028   3.613319     0.0794     2.5937     0.2047     33.484     33.485    34.9964    300.705    101.797 0.0000e+00
       3838     33.819     7.9063   3.613332     0.0772     2.5936     0.2047     33.503     33.503    34.9930    300.662    101.789 0.0000e+00
       3839     33.837     7.9123   3.613354     0.0752     2.5936     0.2047     33.521     33.521    34.9872    300.622    101.785 0.0000e+00
       3840     33.854     7.9183   3.613377     0.0735     2.5935     0.2047     33.538     33.538    34.9814    300.567    101.776 0.0000e+00
       3841     33.872     7.9224   3.613392     0.0720     2.5935     0.2048     33.556     33.556    34.9775    300.536    101.773 0.0000e+00
       3842     33.890     7.9251   3.613354     0.0708     2.5934     0.2048     33.574     33.574    34.9743    300.499    101.764 0.0000e+00
       3843     33.908     7.9281   3.613395     0.0697     2.5934     0.2049     33.591     33.591    34.9718    300.474    101.761 0.0000e+00
       3844     33.926     7.9299   3.613348     0.0689     2.5933     0.2049     33.609     33.609    34.9695    300.442    101.753 0.0000e+00
       3845     33.944     7.9322   3.613428     0.0682     2.5932     0.2049     33.627     33.627    34.9680    300.405    101.744 0.0000e+00
       3846     33.962     7.9338   3.613517     0.0677     2.5930     0.2048     33.645     33.645    34.9674    300.359    101.732 0.0000e+00
       3847     33.983     7.9343   3.613650     0.0674     2.5929     0.2048     33.665     33.666    34.9683    300.332    101.725 0.0000e+00
       3848     34.003     7.9348   3.613645     0.0674     2.5928     0.2047     33.686     33.686    34.9677    300.312    101.719 0.0000e+00
       3849     34.023     7.9346   3.613889     0.0674     2.5927     0.2047     33.706     33.705    34.9705    300.296    101.715 0.0000e+00
       3850     34.043     7.9348   3.614468     0.0677     2.5926     0.2046     33.725     33.725    34.9766    300.271    101.711 0.0000e+00
       3851     34.063     7.9353   3.615250     0.0682     2.5926     0.2046     33.745     33.745    34.9845    300.258    101.712 0.0000e+00
       3852     34.085     7.9359   3.615878     0.0688     2.5927     0.2046     33.766     33.767    34.9906    300.262    101.720 0.0000e+00
       3853     34.107     7.9366   3.616321     0.0696     2.5927     0.2045     33.789     33.789    34.9947    300.258    101.722 0.0000e+00
       3854     34.130     7.9367   3.616655     0.0707     2.5928     0.2045     33.811     33.811    34.9982    300.276    101.731 0.0000e+00
       3855     34.152     7.9370   3.616978     0.0719     2.5928     0.2044     33.833     33.833    35.0013    300.280    101.735 0.0000e+00
       3856     34.174     7.9372   3.617182     0.0730     2.5929     0.2044     33.855     33.855    35.0033    300.303    101.745 0.0000e+00
       3857     34.196     7.9372   3.617359     0.0741     2.5930     0.2043     33.877     33.877    35.0052    300.330    101.755 0.0000e+00
       3858     34.218     7.9374   3.617557     0.0750     2.5930     0.2043     33.899     33.899    35.0071    300.343    101.761 0.0000e+00
       3859     34.240     7.9374   3.617599     0.0757     2.5930     0.2043     33.921     33.920    35.0076    300.361    101.768 0.0000e+00
       3860     34.261     7.9375   3.617653     0.0764     2.5930     0.2043     33.941     33.941    35.0081    300.378    101.774 0.0000e+00
       3861     34.281     7.9379   3.617594     0.0770     2.5931     0.2043     33.962     33.961    35.0070    300.408    101.784 0.0000e+00
       3862     34.302     7.9382   3.617643     0.0774     2.5931     0.2044     33.981     33.982    35.0072    300.420    101.789 0.0000e+00
       3863     34.322     7.9382   3.617695     0.0778     2.5931     0.2044     34.002     34.002    35.0078    300.435    101.795 0.0000e+00
       3864     34.343     7.9388   3.617799     0.0780     2.5931     0.2044     34.022     34.022    35.0083    300.450    101.801 0.0000e+00
       3865     34.364     7.9392   3.617932     0.0781     2.5931     0.2044     34.044     34.043    35.0093    300.466    101.809 0.0000e+00
       3866     34.387     7.9397   3.617933     0.0782     2.5931     0.2044     34.066     34.066    35.0088    300.488    101.817 0.0000e+00
       3867     34.411     7.9398   3.617957     0.0782     2.5930     0.2045     34.090     34.090    35.0089    300.497    101.820 0.0000e+00
       3868     34.436     7.9403   3.617971     0.0780     2.5930     0.2045     34.114     34.115    35.0086    300.521    101.829 0.0000e+00
       3869     34.461     7.9406   3.617966     0.0778     2.5929     0.2046     34.139     34.139    35.0082    300.532    101.833 0.0000e+00
       3870     34.485     7.9408   3.618037     0.0775     2.5929     0.2046     34.163     34.163    35.0088    300.556    101.842 0.0000e+00
       3871     34.509     7.9413   3.618039     0.0771     2.5929     0.2047     34.187     34.187    35.0083    300.578    101.851 0.0000e+00
       3872     34.533     7.9417   3.618058     0.0767     2.5930     0.2047     34.211     34.211    35.0081    300.613    101.863 0.0000e+00
       3873     34.558     7.9426   3.618073     0.0762     2.5932     0.2047     34.236     34.235    35.0073    300.657    101.880 0.0000e+00
       3874     34.582     7.9431   3.618140     0.0755     2.5933     0.2047     34.259     34.259    35.0075    300.686    101.891 0.0000e+00
       3875     34.606     7.9436   3.618219     0.0748     2.5933     0.2047     34.283     34.283    35.0079    300.698    101.896 0.0000e+00
       3876     34.630     7.9443   3.618209     0.0740     2.5933     0.2048     34.307     34.307    35.0070    300.710    101.901 0.0000e+00
       3877     34.654     7.9446   3.618252     0.0731     2.5934     0.2048     34.331     34.330    35.0072    300.738    101.912 0.0000e+00
       3878     34.679     7.9458   3.618322     0.0720     2.5934     0.2048     34.355     34.355    35.0067    300.745    101.916 0.0000e+00
       3879     34.703     7.9465   3.618335     0.0709     2.5934     0.2048     34.379     34.379    35.0062    300.755    101.921 0.0000e+00
       3880     34.727     7.9472   3.618410     0.0696     2.5934     0.2048     34.403     34.403    35.0063    300.762    101.925 0.0000e+00
       3881     34.751     7.9480   3.618412     0.0683     2.5934     0.2048     34.426     34.427    35.0055    300.771    101.929 0.0000e+00
       3882     34.774     7.9487   3.618462     0.0671     2.5934     0.2048     34.450     34.449    35.0053    300.780    101.934 0.0000e+00
       3883     34.799     7.9495   3.618524     0.0661     2.5934     0.2048     34.474     34.474    35.0051    300.789    101.939 0.0000e+00
       3884     34.824     7.9503   3.618562     0.0652     2.5934     0.2049     34.499     34.499    35.0047    300.798    101.943 0.0000e+00
       3885     34.850     7.9511   3.618702     0.0644     2.5934     0.2049     34.524     34.525    35.0054    300.803    101.947 0.0000e+00
       3886     34.875     7.9518   3.618764     0.0636     2.5934     0.2050     34.550     34.549    35.0054    300.812    101.952 0.0000e+00
       3887     34.901     7.9528   3.618874     0.0629     2.5936     0.2050     34.576     34.575    35.0055    300.845    101.966 0.0000e+00
       3888     34.928     7.9533   3.618954     0.0622     2.5938     0.2050     34.601     34.602    35.0059    300.881    101.979 0.0000e+00
