Data/CTD_11.cnv
* Sea-Bird SBE 9 Data File:
* FileName = C:\Users\ctd-user\Desktop\CTD_data\OC4920\CTD_11.hex
* Software Version Seasave V 7.26.2.13
* Temperature SN = 6313
* Conductivity SN = 4758
* Number of Bytes Per Scan = 28
* Number of Voltage Words = 3
* Number of Scans Averaged by the Deck Unit = 1
* NMEA Latitude = 57 50.84 N
* NMEA Longitude = 010 46.70 E
* NMEA UTC (Time) = May 07 2025 11:30:52
** Station: test
** Operator: Operator 1
** Ship: 7720 Skagerak
** Cruise: 7720-2025-01
** Latitude [GG MM.mm N]:
** Longitude [GG MM.mm E]:
** Pumps: PrimaryPump: 1820 # SecondaryPump:
** EventIDs: EventID: 3decf26d-821b-4112-8042-a2c98b568458 # ParentEventID:
** Additional Sampling:
** Metadata admin: MPROG: Other # PROJ: Other # ORDERER: GU # SLABO: GU # ALABO: GU # REFSK: ingen
** Metadata conditions: WADEP: 10 # WINSP: 1 # WINDIR: 02 # AIRPRES: 1000 # AIRTEMP: 1 # WEATH: 9 # CLOUD: 9 # WAVES: 9 # ICEOB: 9 # COMNT_VISIT:
** LIMS Job:
# nquan = 13                                
# nvalues = 6535                        
# units = specified
# name 0 = scan: Scan Count
# name 1 = prDM: Pressure, Digiquartz [db]
# name 2 = t090C: Temperature [ITS-90, deg C]
# name 3 = c0S/m: Conductivity [S/m]
# name 4 = flECO-AFL: Fluorescence, WET Labs ECO-AFL/FL [mg/m^3]
# name 5 = sbeox0V: Oxygen raw, SBE 43 [V]
# name 6 = turbWETntu0: Turbidity, WET Labs ECO [NTU]
# name 7 = depSM: Depth [salt water, m]
# name 8 = depSM: Depth [salt water, m], lat = 57.8473
# name 9 = sal00: Salinity, Practical [PSU]
# name 10 = sbeox0Mm/L: Oxygen, SBE 43 [umol/l], WS = 2
# name 11 = sbeox0PS: Oxygen, SBE 43 [% saturation], WS = 2
# name 12 = flag: flag
# span 0 =          1,       6535       
# span 1 =     -1.522,     97.870       
# span 2 =     7.6438,    10.6805       
# span 3 =   0.395348,   3.676581       
# span 4 =    -0.0896,    48.0826       
# span 5 =     2.1104,     2.8064       
# span 6 =    -0.1109,     0.3314       
# span 7 =     -1.508,     96.941       
# span 8 =     -1.508,     96.941       
# span 9 =     2.9522,    35.2578       
# span 10 =    227.121,    325.895      
# span 11 =     76.952,    112.359      
# span 12 = 0.0000e+00, 0.0000e+00      
# interval = seconds: 0.0416667
# start_time = May 07 2025 11:30:52 [NMEA time, header]
# bad_flag = -9.990e-29
*END*
[from data line 2001]
       2002     -0.448    10.2541   3.438891     0.3104     2.7044     0.2393     -0.443     -0.444    31.0211    304.876    105.969 0.0000e+00
       2003     -0.419    10.2461   3.440478     0.3107     2.7041     0.2387     -0.414     -0.415    31.0438    304.850    105.957 0.0000e+00
       2004     -0.390    10.2373   3.441245     0.3111     2.7038     0.2379     -0.386     -0.386    31.0590    304.846    105.946 0.0000e+00
       2005     -0.361    10.2300   3.441262     0.3116     2.7035     0.2371     -0.357     -0.358    31.0654    304.853    105.936 0.0000e+00
       2006     -0.333    10.2222   3.440717     0.3123     2.7032     0.2362     -0.329     -0.330    31.0666    304.874    105.926 0.0000e+00
       2007     -0.306    10.2221   3.439698     0.3129     2.7030     0.2352     -0.303     -0.303    31.0565    304.880    105.921 0.0000e+00
       2008     -0.280    10.2298   3.438913     0.3136     2.7029     0.2343     -0.277     -0.277    31.0420    304.852    105.919 0.0000e+00
       2009     -0.254    10.2408   3.439257     0.3143     2.7028     0.2334     -0.252     -0.252    31.0360    304.786    105.918 0.0000e+00
       2010     -0.230    10.2483   3.440008     0.3150     2.7028     0.2326     -0.227     -0.228    31.0371    304.742    105.920 0.0000e+00
       2011     -0.207    10.2483   3.440094     0.3157     2.7027     0.2319     -0.204     -0.205    31.0380    304.735    105.919 0.0000e+00
       2012     -0.184    10.2237   3.439714     0.3163     2.7026     0.2312     -0.182     -0.182    31.0552    304.867    105.919 0.0000e+00
       2013     -0.162    10.1848   3.439572     0.3170     2.7025     0.2306     -0.160     -0.161    31.0871    305.070    105.921 0.0000e+00
       2014     -0.140    10.1565   3.439804     0.3177     2.7023     0.2301     -0.138     -0.139    31.1137    305.194    105.917 0.0000e+00
       2015     -0.118    10.1435   3.440130     0.3184     2.7021     0.2296     -0.117     -0.117    31.1281    305.234    105.911 0.0000e+00
       2016     -0.095    10.1392   3.440599     0.3191     2.7019     0.2292     -0.094     -0.094    31.1365    305.224    105.903 0.0000e+00
       2017     -0.070    10.1443   3.441086     0.3199     2.7017     0.2289     -0.069     -0.069    31.1370    305.165    105.895 0.0000e+00
       2018     -0.045    10.1584   3.441560     0.3206     2.7015     0.2286     -0.044     -0.045    31.1297    305.058    105.885 0.0000e+00
       2019     -0.020    10.1734   3.441908     0.3214     2.7013     0.2283     -0.019     -0.020    31.1203    304.948    105.875 0.0000e+00
       2020      0.004    10.1884   3.441771     0.3223     2.7012     0.2281      0.004      0.004    31.1060    304.859    105.869 0.0000e+00
       2021      0.026    10.2029   3.441141     0.3232     2.7011     0.2279      0.025      0.026    31.0872    304.778    105.862 0.0000e+00
       2022      0.046    10.2141   3.440399     0.3242     2.7010     0.2278      0.046      0.046    31.0702    304.715    105.855 0.0000e+00
       2023      0.067    10.2198   3.439876     0.3252     2.7009     0.2278      0.067      0.066    31.0601    304.675    105.847 0.0000e+00
       2024      0.090    10.2198   3.440441     0.3262     2.7007     0.2278      0.089      0.089    31.0657    304.629    105.835 0.0000e+00
       2025      0.113    10.2193   3.442678     0.3274     2.7006     0.2279      0.112      0.112    31.0886    304.565    105.827 0.0000e+00
       2026      0.137    10.2154   3.445112     0.3286     2.7005     0.2280      0.135      0.136    31.1163    304.513    105.818 0.0000e+00
       2027      0.160    10.2087   3.446514     0.3299     2.7003     0.2281      0.158      0.159    31.1361    304.476    105.804 0.0000e+00
       2028      0.183    10.2014   3.446924     0.3314     2.7001     0.2283      0.181      0.181    31.1464    304.458    105.788 0.0000e+00
       2029      0.207    10.1976   3.446711     0.3329     2.7000     0.2285      0.205      0.205    31.1476    304.443    105.774 0.0000e+00
       2030      0.232    10.1817   3.445912     0.3345     2.6998     0.2287      0.230      0.230    31.1532    304.486    105.756 0.0000e+00
       2031      0.257    10.1533   3.444752     0.3363     2.6997     0.2290      0.255      0.255    31.1660    304.612    105.743 0.0000e+00
       2032      0.282    10.1286   3.443548     0.3383     2.6995     0.2294      0.279      0.279    31.1751    304.701    105.723 0.0000e+00
       2033      0.306    10.1260   3.442405     0.3403     2.6994     0.2297      0.303      0.303    31.1659    304.684    105.705 0.0000e+00
       2034      0.329    10.1351   3.441492     0.3423     2.6992     0.2301      0.325      0.326    31.1489    304.585    105.680 0.0000e+00
       2035      0.351    10.1343   3.440864     0.3442     2.6990     0.2305      0.348      0.348    31.1432    304.533    105.657 0.0000e+00
       2036      0.375    10.1052   3.440604     0.3461     2.6988     0.2309      0.371      0.372    31.1656    304.623    105.636 0.0000e+00
       2037      0.398    10.0875   3.440573     0.3479     2.6986     0.2313      0.394      0.394    31.1806    304.647    105.613 0.0000e+00
       2038      0.422    10.0770   3.440652     0.3497     2.6984     0.2316      0.418      0.418    31.1904    304.628    105.589 0.0000e+00
       2039      0.447    10.0488   3.440969     0.3515     2.6982     0.2320      0.443      0.443    31.2179    304.695    105.566 0.0000e+00
       2040      0.473    10.0175   3.441351     0.3533     2.6980     0.2324      0.469      0.469    31.2488    304.775    105.542 0.0000e+00
       2041      0.500     9.9932   3.441806     0.3551     2.6979     0.2328      0.495      0.495    31.2744    304.827    105.521 0.0000e+00
       2042      0.526     9.9733   3.442723     0.3569     2.6978     0.2333      0.521      0.521    31.3008    304.842    105.499 0.0000e+00
       2043      0.552     9.9548   3.444505     0.3588     2.6976     0.2338      0.547      0.547    31.3348    304.818    105.471 0.0000e+00
       2044      0.578     9.9416   3.446366     0.3607     2.6973     0.2343      0.573      0.573    31.3651    304.748    105.437 0.0000e+00
       2045      0.605     9.9380   3.447141     0.3626     2.6969     0.2349      0.600      0.599    31.3760    304.635    105.397 0.0000e+00
       2046      0.632     9.9352   3.447036     0.3646     2.6965     0.2355      0.626      0.626    31.3774    304.536    105.357 0.0000e+00
       2047      0.658     9.9260   3.447075     0.3667     2.6962     0.2360      0.652      0.652    31.3858    304.482    105.323 0.0000e+00
       2048      0.682     9.9123   3.448608     0.3690     2.6958     0.2367      0.676      0.676    31.4132    304.408    105.284 0.0000e+00
       2049      0.707     9.9033   3.450622     0.3713     2.6955     0.2373      0.700      0.700    31.4414    304.314    105.249 0.0000e+00
       2050      0.732     9.8953   3.451873     0.3737     2.6951     0.2381      0.725      0.725    31.4610    304.215    105.210 0.0000e+00
       2051      0.759     9.8871   3.453059     0.3764     2.6946     0.2388      0.752      0.752    31.4801    304.105    105.166 0.0000e+00
       2052      0.784     9.8869   3.454867     0.3791     2.6942     0.2397      0.777      0.777    31.4986    303.953    105.125 0.0000e+00
       2053      0.808     9.8882   3.456517     0.3821     2.6938     0.2406      0.801      0.801    31.5141    303.794    105.084 0.0000e+00
       2054      0.831     9.8844   3.457633     0.3853     2.6934     0.2415      0.823      0.823    31.5287    303.674    105.044 0.0000e+00
       2055      0.854     9.8722   3.458377     0.3887     2.6930     0.2425      0.846      0.846    31.5469    303.605    105.004 0.0000e+00
       2056      0.877     9.8628   3.458991     0.3923     2.6925     0.2436      0.869      0.869    31.5613    303.512    104.960 0.0000e+00
       2057      0.900     9.8590   3.459457     0.3963     2.6921     0.2448      0.892      0.892    31.5694    303.407    104.920 0.0000e+00
       2058      0.924     9.8590   3.459784     0.4004     2.6916     0.2462      0.916      0.915    31.5727    303.272    104.876 0.0000e+00
       2059      0.948     9.8564   3.460062     0.4045     2.6912     0.2475      0.940      0.939    31.5778    303.166    104.837 0.0000e+00
       2060      0.972     9.8500   3.460647     0.4085     2.6907     0.2487      0.963      0.963    31.5893    303.061    104.793 0.0000e+00
       2061      0.995     9.8487   3.461292     0.4121     2.6902     0.2499      0.987      0.986    31.5969    302.930    104.750 0.0000e+00
       2062      1.018     9.8538   3.461675     0.4156     2.6897     0.2509      1.009      1.009    31.5963    302.771    104.706 0.0000e+00
       2063      1.039     9.8549   3.461895     0.4188     2.6891     0.2519      1.029      1.029    31.5976    302.624    104.659 0.0000e+00
       2064      1.060     9.8636   3.461868     0.4219     2.6886     0.2527      1.050      1.050    31.5897    302.460    104.617 0.0000e+00
       2065      1.081     9.8841   3.461815     0.4249     2.6880     0.2536      1.072      1.071    31.5712    302.224    104.570 0.0000e+00
       2066      1.102     9.9165   3.462123     0.4277     2.6874     0.2543      1.092      1.092    31.5460    301.926    104.524 0.0000e+00
       2067      1.124     9.9524   3.462778     0.4303     2.6869     0.2550      1.113      1.114    31.5212    301.626    104.486 0.0000e+00
       2068      1.145     9.9596   3.463248     0.4329     2.6864     0.2557      1.134      1.134    31.5197    301.484    104.452 0.0000e+00
       2069      1.167     9.9426   3.463222     0.4355     2.6859     0.2563      1.156      1.156    31.5342    301.479    104.421 0.0000e+00
       2070      1.188     9.9020   3.462986     0.4379     2.6854     0.2569      1.177      1.177    31.5673    301.604    104.394 0.0000e+00
       2071      1.208     9.8777   3.463028     0.4403     2.6849     0.2574      1.197      1.197    31.5890    301.640    104.365 0.0000e+00
       2072      1.228     9.8673   3.463264     0.4427     2.6843     0.2578      1.217      1.217    31.6005    301.588    104.331 0.0000e+00
       2073      1.248     9.8777   3.463243     0.4451     2.6838     0.2582      1.236      1.236    31.5912    301.449    104.300 0.0000e+00
       2074      1.267     9.8885   3.462813     0.4475     2.6832     0.2586      1.256      1.255    31.5774    301.305    104.266 0.0000e+00
       2075      1.287     9.8995   3.462442     0.4500     2.6826     0.2589      1.276      1.275    31.5640    301.161    104.232 0.0000e+00
       2076      1.308     9.9074   3.462201     0.4524     2.6820     0.2593      1.295      1.296    31.5546    301.031    104.199 0.0000e+00
       2077      1.328     9.9216   3.461443     0.4549     2.6813     0.2596      1.316      1.316    31.5345    300.868    104.162 0.0000e+00
       2078      1.349     9.9223   3.459873     0.4576     2.6807     0.2598      1.337      1.337    31.5180    300.806    104.131 0.0000e+00
       2079      1.370     9.9257   3.458026     0.4603     2.6801     0.2601      1.358      1.357    31.4964    300.738    104.101 0.0000e+00
       2080      1.389     9.9512   3.456836     0.4631     2.6795     0.2603      1.377      1.376    31.4621    300.546    104.069 0.0000e+00
       2081      1.407     9.9877   3.457094     0.4660     2.6789     0.2604      1.394      1.394    31.4329    300.271    104.038 0.0000e+00
       2082      1.426    10.0248   3.458566     0.4691     2.6783     0.2606      1.413      1.413    31.4155    299.972    104.007 0.0000e+00
       2083      1.446    10.0255   3.459900     0.4724     2.6776     0.2608      1.433      1.433    31.4284    299.849    103.974 0.0000e+00
       2084      1.465     9.9851   3.460412     0.4756     2.6770     0.2609      1.451      1.451    31.4687    299.969    103.951 0.0000e+00
       2085      1.484     9.9028   3.460106     0.4788     2.6764     0.2611      1.470      1.470    31.5374    300.322    103.932 0.0000e+00
       2086      1.502     9.8311   3.459472     0.4818     2.6757     0.2612      1.488      1.488    31.5937    300.616    103.908 0.0000e+00
       2087      1.520     9.8173   3.459016     0.4846     2.6751     0.2614      1.506      1.506    31.6012    300.626    103.885 0.0000e+00
       2088      1.538     9.8703   3.459167     0.4873     2.6746     0.2615      1.524      1.524    31.5563    300.294    103.861 0.0000e+00
       2089      1.555     9.9184   3.459416     0.4899     2.6740     0.2617      1.541      1.541    31.5167    299.976    103.834 0.0000e+00
       2090      1.574     9.9549   3.459357     0.4925     2.6736     0.2618      1.560      1.559    31.4843    299.751    103.817 0.0000e+00
       2091      1.594     9.9820   3.458969     0.4950     2.6732     0.2620      1.579      1.579    31.4567    299.582    103.802 0.0000e+00
       2092      1.611    10.0050   3.457851     0.4975     2.6728     0.2621      1.597      1.596    31.4254    299.451    103.788 0.0000e+00
       2093      1.628    10.0271   3.456530     0.5000     2.6723     0.2623      1.613      1.613    31.3929    299.316    103.769 0.0000e+00
       2094      1.645    10.0470   3.455510     0.5025     2.6719     0.2625      1.630      1.630    31.3654    299.202    103.757 0.0000e+00
       2095      1.664    10.0691   3.454974     0.5050     2.6713     0.2626      1.649      1.649    31.3408    299.043    103.735 0.0000e+00
       2096      1.682    10.0694   3.455508     0.5076     2.6707     0.2628      1.667      1.666    31.3459    298.976    103.716 0.0000e+00
       2097      1.701    10.0578   3.457457     0.5102     2.6702     0.2629      1.685      1.685    31.3756    298.957    103.703 0.0000e+00
       2098      1.720    10.0391   3.460447     0.5129     2.6696     0.2629      1.705      1.704    31.4219    298.943    103.687 0.0000e+00
       2099      1.739    10.0190   3.463168     0.5157     2.6691     0.2630      1.723      1.723    31.4668    298.956    103.676 0.0000e+00
       2100      1.757    10.0134   3.463528     0.5187     2.6686     0.2631      1.741      1.741    31.4753    298.943    103.664 0.0000e+00
       2101      1.776     9.9990   3.460979     0.5217     2.6681     0.2631      1.760      1.760    31.4622    299.032    103.653 0.0000e+00
       2102      1.797     9.9566   3.458039     0.5250     2.6676     0.2632      1.780      1.780    31.4694    299.271    103.645 0.0000e+00
       2103      1.818     9.9068   3.456338     0.5284     2.6671     0.2633      1.800      1.801    31.4956    299.525    103.637 0.0000e+00
       2104      1.838     9.8869   3.455183     0.5320     2.6666     0.2633      1.821      1.821    31.5013    299.615    103.627 0.0000e+00
       2105      1.857     9.8867   3.454114     0.5358     2.6661     0.2634      1.840      1.840    31.4907    299.600    103.614 0.0000e+00
       2106      1.876     9.8803   3.452894     0.5398     2.6656     0.2634      1.859      1.859    31.4839    299.620    103.602 0.0000e+00
       2107      1.895     9.8774   3.451716     0.5441     2.6650     0.2634      1.877      1.877    31.4745    299.606    103.584 0.0000e+00
       2108      1.914     9.8733   3.451237     0.5487     2.6645     0.2634      1.895      1.896    31.4732    299.597    103.571 0.0000e+00
       2109      1.934     9.8564   3.451441     0.5535     2.6640     0.2634      1.915      1.916    31.4900    299.642    103.560 0.0000e+00
       2110      1.955     9.8039   3.452104     0.5584     2.6636     0.2634      1.936      1.937    31.5426    299.878    103.557 0.0000e+00
       2111      1.975     9.7513   3.452949     0.5632     2.6632     0.2635      1.956      1.957    31.5973    300.112    103.554 0.0000e+00
