Data/CTD_15.cnv
* Sea-Bird SBE 9 Data File:
* FileName = C:\Users\ctd-user\Desktop\CTD_data\OC4920\CTD_15.hex
* Software Version Seasave V 7.26.2.13
* Temperature SN = 6313
* Conductivity SN = 4758
* Number of Bytes Per Scan = 28
* Number of Voltage Words = 3
* Number of Scans Averaged by the Deck Unit = 1
* NMEA Latitude = 57 46.78 N
* NMEA Longitude = 010 46.31 E
* NMEA UTC (Time) = May 07 2025 12:57:52
** Station: test
** Operator: Operator 1
** Ship: 7720 Skagerak
** Cruise: 7720-2025-01
** Latitude [GG MM.mm N]:
** Longitude [GG MM.mm E]:
** Pumps: PrimaryPump: 1820 # SecondaryPump:
** EventIDs: EventID: 3decf26d-821b-4112-8042-a2c98b568458 # ParentEventID:
** Additional Sampling:
** Metadata admin: MPROG: Other # PROJ: Other # ORDERER: GU # SLABO: GU # ALABO: GU # REFSK: ingen
** Metadata conditions: WADEP: 10 # WINSP: 1 # WINDIR: 02 # AIRPRES: 1000 # AIRTEMP: 1 # WEATH: 9 # CLOUD: 9 # WAVES: 9 # ICEOB: 9 # COMNT_VISIT:
** LIMS Job:
# nquan = 13                                
# nvalues = 7867                        
# units = specified
# name 0 = scan: Scan Count
# name 1 = prDM: Pressure, Digiquartz [db]
# name 2 = t090C: Temperature [ITS-90, deg C]
# name 3 = c0S/m: Conductivity [S/m]
# name 4 = flECO-AFL: Fluorescence, WET Labs ECO-AFL/FL [mg/m^3]
# name 5 = sbeox0V: Oxygen raw, SBE 43 [V]
# name 6 = turbWETntu0: Turbidity, WET Labs ECO [NTU]
# name 7 = depSM: Depth [salt water, m]
# name 8 = depSM: Depth [salt water, m], lat = 57.7797
# name 9 = sal00: Salinity, Practical [PSU]
# name 10 = sbeox0Mm/L: Oxygen, SBE 43 [umol/l], WS = 2
# name 11 = sbeox0PS: Oxygen, SBE 43 [% saturation], WS = 2
# name 12 = flag: flag
# span 0 =          1,       7867       
# span 1 =     -1.536,     45.935       
# span 2 =     7.7067,    11.3855       
# span 3 =   0.039896,   3.615155       
# span 4 =    -0.3887,     2.9244       
# span 5 =     1.6618,     2.7715       
# span 6 =    -0.1787,     0.6589       
# span 7 =     -1.522,     45.505       
# span 8 =     -1.522,     45.505       
# span 9 =     0.2719,    35.1072       
# span 10 =    196.806,    350.565      
# span 11 =     56.046,    109.719      
# span 12 = 0.0000e+00, 0.0000e+00      
# interval = seconds: 0.0416667
# start_time = May 07 2025 12:57:52 [NMEA time, header]
# bad_flag = -9.990e-29
*END*
[from data line 2334]
       2335     -1.513    10.1126   0.042683    -0.0860     1.6762    -0.1092     -1.500     -1.499     0.2907    199.478     56.803 -9.990e-29
       2336     -1.512    10.1162   0.042708    -0.0859     1.6762    -0.1092     -1.498     -1.498     0.2908    199.442     56.798 -9.990e-29
       2337     -1.510    10.1203   0.042740    -0.0859     1.6762    -0.1091     -1.497     -1.496     0.2910    199.406     56.793 -9.990e-29
       2338     -1.508    10.1252   0.042831    -0.0859     1.6762    -0.1090     -1.495     -1.494     0.2916    199.367     56.789 -9.990e-29
       2339     -1.507    10.1292   0.042831    -0.0859     1.6762    -0.1090     -1.493     -1.493     0.2916    199.337     56.786 -9.990e-29
       2340     -1.505    10.1307   0.042895    -0.0860     1.6763    -0.1090     -1.491     -1.491     0.2920    199.337     56.788 -9.990e-29
       2341     -1.504    10.1316   0.042930    -0.0860     1.6764    -0.1089     -1.490     -1.490     0.2923    199.338     56.789 -9.990e-29
       2342     -1.503    10.1311   0.042975    -0.0860     1.6764    -0.1089     -1.490     -1.489     0.2926    199.329     56.786 -9.990e-29
       2343     -1.502    10.1292   0.043006    -0.0860     1.6763    -0.1088     -1.489     -1.488     0.2928    199.311     56.779 -9.990e-29
       2344     -1.501    10.1291   0.043045    -0.0860     1.6762    -0.1087     -1.487     -1.487     0.2931    199.284     56.771 -9.990e-29
       2345     -1.498    10.1303   0.043086    -0.0860     1.6762    -0.1087     -1.485     -1.484     0.2934    199.270     56.769 -9.990e-29
       2346     -1.497    10.1329   0.043131    -0.0861     1.6762    -0.1086     -1.483     -1.483     0.2937    199.250     56.767 -9.990e-29
       2347     -1.496    10.1359   0.043229    -0.0862     1.6762    -0.1086     -1.483     -1.482     0.2943    199.232     56.766 -9.990e-29
       2348     -1.497    10.1370   0.043255    -0.0863     1.6762    -0.1087     -1.483     -1.483     0.2945    199.223     56.765 -9.990e-29
       2349     -1.498    10.1374   0.043310    -0.0863     1.6762    -0.1087     -1.485     -1.484     0.2949    199.221     56.765 -9.990e-29
       2350     -1.498    10.1387   0.043339    -0.0864     1.6762    -0.1088     -1.485     -1.484     0.2951    199.215     56.765 -9.990e-29
       2351     -1.499    10.1405   0.043390    -0.0865     1.6763    -0.1088     -1.485     -1.485     0.2954    199.226     56.771 -9.990e-29
       2352     -1.500    10.1398   0.043406    -0.0865     1.6762    -0.1088     -1.486     -1.486     0.2955    199.217     56.767 -9.990e-29
       2353     -1.499    10.1392   0.043437    -0.0866     1.6761    -0.1088     -1.485     -1.485     0.2958    199.205     56.763 -9.990e-29
       2354     -1.497    10.1397   0.043480    -0.0867     1.6760    -0.1087     -1.483     -1.483     0.2961    199.187     56.759 -9.990e-29
       2355     -1.497    10.1398   0.043482    -0.0867     1.6759    -0.1087     -1.483     -1.483     0.2961    199.172     56.755 -9.990e-29
       2356     -1.496    10.1400   0.043511    -0.0867     1.6758    -0.1087     -1.482     -1.482     0.2963    199.157     56.750 -9.990e-29
       2357     -1.496    10.1406   0.043490    -0.0868     1.6757    -0.1087     -1.482     -1.482     0.2961    199.140     56.746 -9.990e-29
       2358     -1.497    10.1395   0.043508    -0.0868     1.6757    -0.1088     -1.484     -1.483     0.2963    199.149     56.748 -9.990e-29
       2359     -1.500    10.1373   0.043492    -0.0868     1.6757    -0.1088     -1.486     -1.486     0.2962    199.165     56.749 -9.990e-29
       2360     -1.504    10.1341   0.043471    -0.0869     1.6758    -0.1089     -1.490     -1.490     0.2960    199.202     56.755 -9.990e-29
       2361     -1.505    10.1306   0.043474    -0.0869     1.6759    -0.1089     -1.491     -1.491     0.2961    199.240     56.762 -9.990e-29
       2362     -1.505    10.1260   0.043420    -0.0869     1.6759    -0.1089     -1.491     -1.491     0.2958    199.268     56.763 -9.990e-29
       2363     -1.506    10.1228   0.043404    -0.0869     1.6760    -0.1089     -1.492     -1.492     0.2957    199.305     56.770 -9.990e-29
       2364     -1.508    10.1188   0.043332    -0.0870     1.6760    -0.1089     -1.494     -1.494     0.2952    199.332     56.772 -9.990e-29
       2365     -1.510    10.1137   0.043304    -0.0870     1.6759    -0.1090     -1.496     -1.496     0.2950    199.348     56.769 -9.990e-29
       2366     -1.512    10.1075   0.043237    -0.0870     1.6759    -0.1090     -1.498     -1.498     0.2946    199.390     56.773 -9.990e-29
       2367     -1.513    10.1018   0.043182    -0.0870     1.6759    -0.1091     -1.499     -1.499     0.2943    199.431     56.777 -9.990e-29
       2368     -1.513    10.0957   0.043137    -0.0870     1.6759    -0.1092     -1.499     -1.499     0.2940    199.472     56.780 -9.990e-29
       2369     -1.513    10.0885   0.043047    -0.0870     1.6759    -0.1092     -1.499     -1.499     0.2934    199.520     56.784 -9.990e-29
       2370     -1.514    10.0796   0.043003    -0.0870     1.6759    -0.1093     -1.500     -1.500     0.2932    199.575     56.788 -9.990e-29
       2371     -1.516    10.0730   0.042913    -0.0870     1.6760    -0.1094     -1.502     -1.502     0.2926    199.638     56.797 -9.990e-29
       2372     -1.516    10.0674   0.042903    -0.0870     1.6760    -0.1094     -1.502     -1.502     0.2926    199.679     56.801 -9.990e-29
       2373     -1.516    10.0602   0.042824    -0.0870     1.6761    -0.1095     -1.502     -1.502     0.2921    199.748     56.811 -9.990e-29
       2374     -1.516    10.0542   0.042742    -0.0870     1.6761    -0.1096     -1.502     -1.502     0.2915    199.791     56.815 -9.990e-29
       2375     -1.517    10.0504   0.042684    -0.0870     1.6762    -0.1096     -1.503     -1.503     0.2912    199.840     56.823 -9.990e-29
       2376     -1.519    10.0445   0.042611    -0.0870     1.6762    -0.1096     -1.505     -1.505     0.2907    199.883     56.828 -9.990e-29
       2377     -1.521    10.0370   0.042539    -0.0870     1.6761    -0.1096     -1.507     -1.507     0.2902    199.914     56.826 -9.990e-29
       2378     -1.520    10.0296   0.042459    -0.0870     1.6761    -0.1096     -1.506     -1.506     0.2897    199.959     56.829 -9.990e-29
       2379     -1.520    10.0232   0.042408    -0.0870     1.6761    -0.1096     -1.506     -1.506     0.2894    199.997     56.831 -9.990e-29
       2380     -1.520    10.0188   0.042328    -0.0870     1.6761    -0.1096     -1.506     -1.506     0.2889    200.024     56.833 -9.990e-29
       2381     -1.520    10.0155   0.042257    -0.0870     1.6761    -0.1095     -1.506     -1.506     0.2884    200.043     56.834 -9.990e-29
       2382     -1.520    10.0135   0.042183    -0.0869     1.6762    -0.1095     -1.505     -1.506     0.2879    200.071     56.838 -9.990e-29
       2383     -1.520    10.0126   0.042125    -0.0869     1.6762    -0.1095     -1.506     -1.506     0.2875    200.075     56.838 -9.990e-29
       2384     -1.520    10.0091   0.042084    -0.0869     1.6762    -0.1095     -1.506     -1.506     0.2872    200.089     56.837 -9.990e-29
       2385     -1.520    10.0055   0.042014    -0.0869     1.6762    -0.1095     -1.505     -1.506     0.2868    200.105     56.837 -9.990e-29
       2386     -1.520    10.0044   0.041966    -0.0868     1.6762    -0.1095     -1.506     -1.506     0.2864    200.108     56.836 -9.990e-29
       2387     -1.520    10.0031   0.041912    -0.0868     1.6762    -0.1095     -1.506     -1.506     0.2861    200.111     56.835 -9.990e-29
       2388     -1.520    10.0021   0.041893    -0.0868     1.6763    -0.1095     -1.505     -1.506     0.2859    200.129     56.839 -9.990e-29
       2389     -1.520    10.0040   0.041879    -0.0867     1.6763    -0.1094     -1.505     -1.506     0.2858    200.114     56.837 -9.990e-29
       2390     -1.520    10.0062   0.041844    -0.0867     1.6764    -0.1094     -1.505     -1.506     0.2856    200.112     56.840 -9.990e-29
       2391     -1.519    10.0106   0.041828    -0.0866     1.6764    -0.1093     -1.505     -1.505     0.2854    200.083     56.837 -9.990e-29
       2392     -1.520    10.0175   0.041852    -0.0866     1.6765    -0.1092     -1.505     -1.506     0.2855    200.059     56.840 -9.990e-29
       2393     -1.520    10.0252   0.041891    -0.0865     1.6766    -0.1091     -1.506     -1.506     0.2858    200.029     56.842 -9.990e-29
       2394     -1.520    10.0308   0.041888    -0.0865     1.6766    -0.1089     -1.505     -1.506     0.2857    199.993     56.839 -9.990e-29
       2395     -1.520    10.0343   0.041914    -0.0864     1.6767    -0.1088     -1.506     -1.506     0.2859    199.982     56.840 -9.990e-29
       2396     -1.521    10.0376   0.041924    -0.0863     1.6768    -0.1087     -1.506     -1.507     0.2859    199.972     56.842 -9.990e-29
       2397     -1.520    10.0404   0.041953    -0.0862     1.6769    -0.1087     -1.505     -1.506     0.2861    199.962     56.843 -9.990e-29
       2398     -1.518    10.0430   0.041977    -0.0861     1.6768    -0.1086     -1.504     -1.504     0.2862    199.920     56.834 -9.990e-29
       2399     -1.517    10.0468   0.042016    -0.0860     1.6768    -0.1085     -1.503     -1.503     0.2865    199.886     56.830 -9.990e-29
       2400     -1.517    10.0496   0.042041    -0.0859     1.6768    -0.1084     -1.502     -1.503     0.2866    199.860     56.826 -9.990e-29
       2401     -1.517    10.0512   0.042070    -0.0858     1.6767    -0.1083     -1.502     -1.503     0.2868    199.824     56.818 -9.990e-29
       2402     -1.517    10.0540   0.042107    -0.0857     1.6767    -0.1082     -1.502     -1.503     0.2871    199.799     56.815 -9.990e-29
       2403     -1.516    10.0592   0.042141    -0.0856     1.6767    -0.1082     -1.502     -1.502     0.2873    199.763     56.812 -9.990e-29
       2404     -1.516    10.0632   0.042198    -0.0856     1.6768    -0.1082     -1.502     -1.502     0.2876    199.748     56.813 -9.990e-29
       2405     -1.515    10.0663   0.042230    -0.0856     1.6768    -0.1082     -1.501     -1.501     0.2878    199.722     56.810 -9.990e-29
       2406     -1.514    10.0691   0.042255    -0.0855     1.6768    -0.1082     -1.499     -1.500     0.2880    199.697     56.807 -9.990e-29
       2407     -1.512    10.0720   0.042290    -0.0855     1.6768    -0.1083     -1.498     -1.498     0.2882    199.672     56.803 -9.990e-29
       2408     -1.511    10.0755   0.042354    -0.0854     1.6767    -0.1082     -1.497     -1.497     0.2886    199.624     56.795 -9.990e-29
       2409     -1.510    10.0766   0.042366    -0.0853     1.6767    -0.1082     -1.495     -1.496     0.2887    199.605     56.791 -9.990e-29
       2410     -1.509    10.0773   0.042400    -0.0852     1.6766    -0.1082     -1.495     -1.495     0.2889    199.570     56.782 -9.990e-29
       2411     -1.508    10.0771   0.042445    -0.0852     1.6766    -0.1081     -1.494     -1.494     0.2893    199.557     56.778 -9.990e-29
       2412     -1.508    10.0755   0.042454    -0.0852     1.6765    -0.1081     -1.493     -1.494     0.2893    199.534     56.769 -9.990e-29
       2413     -1.507    10.0758   0.042492    -0.0852     1.6764    -0.1081     -1.492     -1.493     0.2896    199.503     56.761 -9.990e-29
       2414     -1.506    10.0801   0.042519    -0.0852     1.6764    -0.1081     -1.491     -1.492     0.2898    199.468     56.757 -9.990e-29
       2415     -1.504    10.0815   0.042567    -0.0851     1.6765    -0.1081     -1.490     -1.490     0.2901    199.467     56.759 -9.990e-29
       2416     -1.502    10.0826   0.042611    -0.0851     1.6765    -0.1081     -1.488     -1.488     0.2904    199.451     56.756 -9.990e-29
       2417     -1.501    10.0850   0.042651    -0.0850     1.6765    -0.1081     -1.487     -1.487     0.2907    199.429     56.753 -9.990e-29
       2418     -1.501    10.0873   0.042685    -0.0849     1.6765    -0.1081     -1.486     -1.487     0.2909    199.409     56.750 -9.990e-29
       2419     -1.499    10.0879   0.042719    -0.0848     1.6764    -0.1081     -1.485     -1.485     0.2911    199.379     56.742 -9.990e-29
       2420     -1.499    10.0885   0.042783    -0.0846     1.6763    -0.1080     -1.484     -1.485     0.2916    199.349     56.735 -9.990e-29
       2421     -1.498    10.0901   0.042809    -0.0845     1.6762    -0.1080     -1.484     -1.484     0.2917    199.317     56.728 -9.990e-29
       2422     -1.497    10.0920   0.042850    -0.0843     1.6761    -0.1079     -1.483     -1.483     0.2920    199.287     56.722 -9.990e-29
       2423     -1.497    10.0929   0.042929    -0.0842     1.6760    -0.1078     -1.483     -1.483     0.2926    199.263     56.716 -9.990e-29
       2424     -1.498    10.0942   0.042957    -0.0839     1.6760    -0.1077     -1.484     -1.484     0.2927    199.254     56.716 -9.990e-29
       2425     -1.499    10.0960   0.043042    -0.0837     1.6761    -0.1076     -1.485     -1.485     0.2933    199.261     56.720 -9.990e-29
       2426     -1.499    10.0973   0.043075    -0.0835     1.6762    -0.1075     -1.485     -1.485     0.2935    199.269     56.725 -9.990e-29
       2427     -1.500    10.0982   0.043121    -0.0832     1.6762    -0.1074     -1.486     -1.486     0.2939    199.264     56.724 -9.990e-29
       2428     -1.502    10.1000   0.043162    -0.0829     1.6762    -0.1072     -1.488     -1.488     0.2941    199.253     56.724 -9.990e-29
       2429     -1.502    10.1029   0.043174    -0.0825     1.6762    -0.1071     -1.488     -1.488     0.2942    199.240     56.724 -9.990e-29
       2430     -1.503    10.1053   0.043237    -0.0821     1.6762    -0.1068     -1.489     -1.489     0.2946    199.231     56.725 -9.990e-29
       2431     -1.503    10.1082   0.043267    -0.0817     1.6761    -0.1066     -1.489     -1.489     0.2948    199.205     56.721 -9.990e-29
       2432     -1.506    10.1100   0.043282    -0.0813     1.6760    -0.1063     -1.492     -1.492     0.2949    199.184     56.718 -9.990e-29
       2433     -1.508    10.1086   0.043282    -0.0808     1.6759    -0.1059     -1.494     -1.494     0.2949    199.181     56.715 -9.990e-29
       2434     -1.509    10.1062   0.043247    -0.0803     1.6759    -0.1056     -1.495     -1.495     0.2947    199.200     56.717 -9.990e-29
       2435     -1.510    10.1009   0.043278    -0.0797     1.6759    -0.1051     -1.496     -1.496     0.2949    199.233     56.719 -9.990e-29
       2436     -1.511    10.0943   0.043238    -0.0790     1.6759    -0.1046     -1.497     -1.497     0.2947    199.273     56.722 -9.990e-29
       2437     -1.513    10.0889   0.043184    -0.0783     1.6758    -0.1041     -1.499     -1.499     0.2944    199.287     56.719 -9.990e-29
       2438     -1.514    10.0829   0.043128    -0.0776     1.6758    -0.1035     -1.500     -1.500     0.2940    199.320     56.720 -9.990e-29
       2439     -1.514    10.0763   0.043086    -0.0767     1.6758    -0.1029     -1.500     -1.500     0.2938    199.357     56.722 -9.990e-29
       2440     -1.514    10.0699   0.043054    -0.0758     1.6758    -0.1023     -1.500     -1.500     0.2936    199.396     56.724 -9.990e-29
       2441     -1.515    10.0633   0.042984    -0.0749     1.6757    -0.1017     -1.501     -1.501     0.2932    199.419     56.722 -9.990e-29
       2442     -1.517    10.0575   0.042957    -0.0738     1.6756    -0.1010     -1.503     -1.503     0.2930    199.439     56.719 -9.990e-29
       2443     -1.518    10.0517   0.042894    -0.0726     1.6755    -0.1003     -1.504     -1.504     0.2926    199.458     56.717 -9.990e-29
       2444     -1.518    10.0473   0.042858    -0.0714     1.6754    -0.0995     -1.504     -1.504     0.2924    199.467     56.714 -9.990e-29
