Data/CTD_16.cnv
* Sea-Bird SBE 9 Data File:
* FileName = C:\Users\ctd-user\Desktop\CTD_data\OC4920\CTD_16.hex
* Software Version Seasave V 7.26.2.13
* Temperature SN = 6313
* Conductivity SN = 4758
* Number of Bytes Per Scan = 28
* Number of Voltage Words = 3
* Number of Scans Averaged by the Deck Unit = 1
* NMEA Latitude = 57 45.68 N
* NMEA Longitude = 010 46.07 E
* NMEA UTC (Time) = May 07 2025 13:17:45
** Station: test
** Operator: Operator 1
** Ship: 7720 Skagerak
** Cruise: 7720-2025-01
** Latitude [GG MM.mm N]:
** Longitude [GG MM.mm E]:
** Pumps: PrimaryPump: 1820 # SecondaryPump:
** EventIDs: EventID: 3decf26d-821b-4112-8042-a2c98b568458 # ParentEventID:
** Additional Sampling:
** Metadata admin: MPROG: Other # PROJ: Other # ORDERER: GU # SLABO: GU # ALABO: GU # REFSK: ingen
** Metadata conditions: WADEP: 10 # WINSP: 1 # WINDIR: 02 # AIRPRES: 1000 # AIRTEMP: 1 # WEATH: 9 # CLOUD: 9 # WAVES: 9 # ICEOB: 9 # COMNT_VISIT:
** LIMS Job:
# nquan = 13                                
# nvalues = 6316                        
# units = specified
# name 0 = scan: Scan Count
# name 1 = prDM: Pressure, Digiquartz [db]
# name 2 = t090C: Temperature [ITS-90, deg C]
# name 3 = c0S/m: Conductivity [S/m]
# name 4 = flECO-AFL: Fluorescence, WET Labs ECO-AFL/FL [mg/m^3]
# name 5 = sbeox0V: Oxygen raw, SBE 43 [V]
# name 6 = turbWETntu0: Turbidity, WET Labs ECO [NTU]
# name 7 = depSM: Depth [salt water, m]
# name 8 = depSM: Depth [salt water, m], lat = 57.7613
# name 9 = sal00: Salinity, Practical [PSU]
# name 10 = sbeox0Mm/L: Oxygen, SBE 43 [umol/l], WS = 2
# name 11 = sbeox0PS: Oxygen, SBE 43 [% saturation], WS = 2
# name 12 = flag: flag
# span 0 =          1,       6316       
# span 1 =     -1.563,     33.953       
# span 2 =     7.7638,    11.0556       
# span 3 =   0.102048,   3.614273       
# span 4 =    -0.1113,     5.1594       
# span 5 =     1.6810,     2.7425       
# span 6 =    -0.0444,     2.0473       
# span 7 =     -1.548,     33.637       
# span 8 =     -1.549,     33.636       
# span 9 =     0.7141,    35.0279       
# span 10 =    188.408,    315.286      
# span 11 =     56.994,    108.447      
# span 12 = 0.0000e+00, 0.0000e+00      
# interval = seconds: 0.0416667
# start_time = May 07 2025 13:17:45 [NMEA time, header]
# bad_flag = -9.990e-29
*END*
[from data line 1112]
       1113     -1.540     9.5218   1.458292    -0.0964     1.7287     0.1997     -1.526     -1.526    12.3743    194.932     59.147 -9.990e-29
       1114     -1.541     9.5219   1.458670    -0.0958     1.7287     0.1995     -1.527     -1.527    12.3778    194.925     59.147 -9.990e-29
       1115     -1.542     9.5220   1.458836    -0.0951     1.7286     0.1993     -1.528     -1.528    12.3793    194.904     59.141 -9.990e-29
       1116     -1.542     9.5220   1.458350    -0.0945     1.7286     0.1991     -1.527     -1.528    12.3748    194.906     59.140 -9.990e-29
       1117     -1.542     9.5220   1.457641    -0.0939     1.7285     0.1990     -1.528     -1.528    12.3683    194.892     59.133 -9.990e-29
       1118     -1.542     9.5219   1.457476    -0.0934     1.7284     0.1988     -1.527     -1.528    12.3668    194.873     59.127 -9.990e-29
       1119     -1.541     9.5218   1.457150    -0.0929     1.7283     0.1987     -1.527     -1.527    12.3638    194.853     59.119 -9.990e-29
       1120     -1.541     9.5218   1.456625    -0.0924     1.7282     0.1986     -1.527     -1.527    12.3590    194.835     59.112 -9.990e-29
       1121     -1.541     9.5215   1.456399    -0.0920     1.7280     0.1985     -1.527     -1.527    12.3570    194.799     59.100 -9.990e-29
       1122     -1.542     9.5217   1.456539    -0.0916     1.7278     0.1983     -1.528     -1.528    12.3582    194.756     59.088 -9.990e-29
       1123     -1.542     9.5214   1.456942    -0.0913     1.7276     0.1982     -1.528     -1.528    12.3620    194.710     59.075 -9.990e-29
       1124     -1.542     9.5213   1.457003    -0.0910     1.7275     0.1980     -1.527     -1.528    12.3626    194.682     59.066 -9.990e-29
       1125     -1.542     9.5208   1.456870    -0.0907     1.7274     0.1979     -1.527     -1.528    12.3616    194.657     59.058 -9.990e-29
       1126     -1.542     9.5208   1.456545    -0.0904     1.7272     0.1978     -1.527     -1.528    12.3586    194.616     59.044 -9.990e-29
       1127     -1.543     9.5206   1.456579    -0.0901     1.7270     0.1977     -1.528     -1.529    12.3590    194.571     59.030 -9.990e-29
       1128     -1.543     9.5205   1.457240    -0.0899     1.7269     0.1976     -1.529     -1.529    12.3651    194.534     59.021 -9.990e-29
       1129     -1.543     9.5204   1.457444    -0.0897     1.7268     0.1975     -1.528     -1.529    12.3670    194.505     59.013 -9.990e-29
       1130     -1.543     9.5198   1.457094    -0.0895     1.7268     0.1974     -1.528     -1.529    12.3640    194.503     59.011 -9.990e-29
       1131     -1.542     9.5200   1.456756    -0.0893     1.7267     0.1973     -1.528     -1.528    12.3608    194.484     59.004 -9.990e-29
       1132     -1.541     9.5195   1.457006    -0.0891     1.7266     0.1972     -1.526     -1.527    12.3633    194.462     58.998 -9.990e-29
       1133     -1.541     9.5192   1.457501    -0.0890     1.7265     0.1971     -1.527     -1.527    12.3679    194.437     58.991 -9.990e-29
       1134     -1.543     9.5190   1.457861    -0.0888     1.7264     0.1971     -1.529     -1.529    12.3713    194.414     58.985 -9.990e-29
       1135     -1.545     9.5187   1.457717    -0.0887     1.7262     0.1971     -1.531     -1.531    12.3701    194.380     58.974 -9.990e-29
       1136     -1.545     9.5185   1.457103    -0.0886     1.7261     0.1970     -1.531     -1.531    12.3645    194.366     58.968 -9.990e-29
       1137     -1.543     9.5182   1.456443    -0.0885     1.7259     0.1970     -1.529     -1.529    12.3585    194.338     58.956 -9.990e-29
       1138     -1.541     9.5182   1.456830    -0.0883     1.7258     0.1970     -1.527     -1.527    12.3621    194.312     58.950 -9.990e-29
       1139     -1.540     9.5177   1.458022    -0.0882     1.7256     0.1969     -1.526     -1.526    12.3732    194.266     58.939 -9.990e-29
       1140     -1.539     9.5175   1.458179    -0.0882     1.7255     0.1968     -1.525     -1.525    12.3748    194.245     58.933 -9.990e-29
       1141     -1.538     9.5172   1.457591    -0.0881     1.7253     0.1968     -1.524     -1.524    12.3695    194.220     58.923 -9.990e-29
       1142     -1.538     9.5169   1.458381    -0.0880     1.7252     0.1967     -1.524     -1.524    12.3768    194.194     58.918 -9.990e-29
       1143     -1.538     9.5166   1.459289    -0.0879     1.7250     0.1967     -1.524     -1.524    12.3853    194.153     58.908 -9.990e-29
       1144     -1.538     9.5164   1.459471    -0.0878     1.7249     0.1967     -1.524     -1.524    12.3870    194.136     58.903 -9.990e-29
       1145     -1.539     9.5159   1.459118    -0.0878     1.7248     0.1966     -1.525     -1.525    12.3840    194.127     58.899 -9.990e-29
       1146     -1.540     9.5157   1.458282    -0.0877     1.7247     0.1966     -1.526     -1.526    12.3763    194.121     58.894 -9.990e-29
       1147     -1.541     9.5154   1.458225    -0.0876     1.7245     0.1966     -1.527     -1.527    12.3759    194.090     58.884 -9.990e-29
       1148     -1.542     9.5154   1.459065    -0.0876     1.7244     0.1966     -1.528     -1.528    12.3836    194.063     58.879 -9.990e-29
       1149     -1.542     9.5149   1.459714    -0.0875     1.7242     0.1966     -1.528     -1.528    12.3898    194.027     58.869 -9.990e-29
       1150     -1.543     9.5149   1.459633    -0.0875     1.7241     0.1966     -1.528     -1.529    12.3890    194.016     58.866 -9.990e-29
       1151     -1.543     9.5148   1.459103    -0.0874     1.7239     0.1966     -1.528     -1.529    12.3842    193.997     58.858 -9.990e-29
       1152     -1.543     9.5144   1.459531    -0.0873     1.7237     0.1966     -1.528     -1.529    12.3883    193.969     58.850 -9.990e-29
       1153     -1.543     9.5141   1.459753    -0.0873     1.7236     0.1966     -1.529     -1.529    12.3904    193.959     58.848 -9.990e-29
       1154     -1.543     9.5138   1.458987    -0.0872     1.7235     0.1966     -1.528     -1.529    12.3835    193.963     58.846 -9.990e-29
       1155     -1.542     9.5136   1.459277    -0.0872     1.7235     0.1967     -1.527     -1.528    12.3862    193.973     58.850 -9.990e-29
       1156     -1.541     9.5131   1.460028    -0.0871     1.7234     0.1967     -1.527     -1.527    12.3933    193.963     58.849 -9.990e-29
       1157     -1.541     9.5130   1.460093    -0.0870     1.7233     0.1967     -1.527     -1.527    12.3939    193.960     58.848 -9.990e-29
       1158     -1.542     9.5128   1.459658    -0.0870     1.7232     0.1967     -1.527     -1.528    12.3900    193.962     58.847 -9.990e-29
       1159     -1.543     9.5125   1.458758    -0.0869     1.7230     0.1968     -1.528     -1.529    12.3818    193.954     58.841 -9.990e-29
       1160     -1.544     9.5128   1.458733    -0.0868     1.7228     0.1968     -1.530     -1.530    12.3815    193.933     58.835 -9.990e-29
       1161     -1.546     9.5123   1.459688    -0.0868     1.7227     0.1969     -1.531     -1.532    12.3904    193.920     58.834 -9.990e-29
       1162     -1.546     9.5125   1.459637    -0.0867     1.7225     0.1970     -1.531     -1.532    12.3899    193.899     58.827 -9.990e-29
       1163     -1.546     9.5123   1.459272    -0.0866     1.7224     0.1971     -1.531     -1.532    12.3866    193.900     58.826 -9.990e-29
       1164     -1.546     9.5122   1.459776    -0.0865     1.7222     0.1972     -1.531     -1.532    12.3913    193.873     58.819 -9.990e-29
       1165     -1.546     9.5122   1.460128    -0.0865     1.7221     0.1972     -1.531     -1.532    12.3945    193.863     58.818 -9.990e-29
       1166     -1.545     9.5120   1.459667    -0.0864     1.7219     0.1973     -1.531     -1.531    12.3904    193.845     58.810 -9.990e-29
       1167     -1.546     9.5120   1.458967    -0.0863     1.7218     0.1974     -1.531     -1.532    12.3839    193.845     58.808 -9.990e-29
       1168     -1.546     9.5122   1.458460    -0.0862     1.7217     0.1976     -1.531     -1.532    12.3792    193.842     58.806 -9.990e-29
       1169     -1.545     9.5117   1.458429    -0.0860     1.7215     0.1977     -1.531     -1.531    12.3791    193.820     58.798 -9.990e-29
       1170     -1.545     9.5120   1.458516    -0.0859     1.7214     0.1978     -1.531     -1.531    12.3798    193.809     58.795 -9.990e-29
       1171     -1.546     9.5115   1.458342    -0.0858     1.7213     0.1980     -1.532     -1.532    12.3783    193.805     58.793 -9.990e-29
       1172     -1.548     9.5117   1.458282    -0.0856     1.7212     0.1982     -1.534     -1.534    12.3777    193.797     58.791 -9.990e-29
       1173     -1.550     9.5114   1.458628    -0.0855     1.7212     0.1984     -1.536     -1.536    12.3810    193.802     58.793 -9.990e-29
       1174     -1.551     9.5115   1.458547    -0.0853     1.7212     0.1987     -1.536     -1.537    12.3802    193.809     58.795 -9.990e-29
       1175     -1.550     9.5115   1.457852    -0.0851     1.7213     0.1989     -1.535     -1.536    12.3738    193.840     58.802 -9.990e-29
       1176     -1.549     9.5115   1.457248    -0.0850     1.7213     0.1991     -1.535     -1.535    12.3683    193.852     58.803 -9.990e-29
       1177     -1.549     9.5115   1.457071    -0.0847     1.7212     0.1994     -1.535     -1.535    12.3666    193.841     58.800 -9.990e-29
       1178     -1.549     9.5114   1.457279    -0.0845     1.7212     0.1997     -1.535     -1.535    12.3686    193.843     58.801 -9.990e-29
       1179     -1.549     9.5112   1.457973    -0.0843     1.7211     0.2000     -1.535     -1.535    12.3750    193.823     58.797 -9.990e-29
       1180     -1.550     9.5112   1.458387    -0.0840     1.7210     0.2004     -1.536     -1.536    12.3788    193.808     58.794 -9.990e-29
       1181     -1.551     9.5110   1.457965    -0.0837     1.7209     0.2008     -1.537     -1.537    12.3750    193.801     58.790 -9.990e-29
       1182     -1.552     9.5108   1.457065    -0.0834     1.7207     0.2013     -1.537     -1.538    12.3668    193.784     58.781 -9.990e-29
       1183     -1.551     9.5105   1.456434    -0.0830     1.7206     0.2018     -1.536     -1.537    12.3611    193.779     58.777 -9.990e-29
       1184     -1.550     9.5107   1.456557    -0.0826     1.7205     0.2023     -1.536     -1.536    12.3622    193.761     58.773 -9.990e-29
       1185     -1.550     9.5105   1.456792    -0.0822     1.7204     0.2028     -1.536     -1.536    12.3644    193.743     58.767 -9.990e-29
       1186     -1.550     9.5102   1.456617    -0.0818     1.7203     0.2034     -1.536     -1.536    12.3629    193.729     58.762 -9.990e-29
       1187     -1.550     9.5099   1.456447    -0.0813     1.7202     0.2040     -1.536     -1.536    12.3614    193.714     58.757 -9.990e-29
       1188     -1.549     9.5097   1.456503    -0.0808     1.7201     0.2048     -1.535     -1.535    12.3620    193.694     58.751 -9.990e-29
       1189     -1.550     9.5094   1.456780    -0.0802     1.7200     0.2055     -1.536     -1.536    12.3647    193.670     58.744 -9.990e-29
       1190     -1.550     9.5091   1.456692    -0.0796     1.7198     0.2064     -1.536     -1.536    12.3640    193.633     58.732 -9.990e-29
       1191     -1.550     9.5087   1.456426    -0.0790     1.7197     0.2072     -1.535     -1.536    12.3617    193.613     58.725 -9.990e-29
       1192     -1.549     9.5082   1.456564    -0.0784     1.7197     0.2081     -1.534     -1.535    12.3631    193.604     58.722 -9.990e-29
       1193     -1.549     9.5081   1.457124    -0.0778     1.7195     0.2088     -1.534     -1.535    12.3683    193.557     58.709 -9.990e-29
       1194     -1.548     9.5076   1.457309    -0.0774     1.7194     0.2095     -1.534     -1.534    12.3702    193.530     58.701 -9.990e-29
       1195     -1.547     9.5069   1.456990    -0.0769     1.7193     0.2102     -1.532     -1.533    12.3675    193.510     58.693 -9.990e-29
       1196     -1.544     9.5069   1.456648    -0.0766     1.7193     0.2107     -1.530     -1.530    12.3643    193.503     58.690 -9.990e-29
       1197     -1.543     9.5063   1.456611    -0.0763     1.7192     0.2112     -1.529     -1.529    12.3642    193.478     58.682 -9.990e-29
       1198     -1.542     9.5059   1.456984    -0.0760     1.7191     0.2116     -1.527     -1.528    12.3678    193.450     58.674 -9.990e-29
       1199     -1.539     9.5054   1.457581    -0.0758     1.7190     0.2120     -1.525     -1.525    12.3734    193.422     58.667 -9.990e-29
       1200     -1.539     9.5050   1.457876    -0.0756     1.7189     0.2123     -1.525     -1.525    12.3763    193.400     58.661 -9.990e-29
       1201     -1.540     9.5045   1.457366    -0.0755     1.7188     0.2125     -1.525     -1.526    12.3718    193.390     58.655 -9.990e-29
       1202     -1.540     9.5040   1.457073    -0.0755     1.7187     0.2126     -1.526     -1.526    12.3692    193.379     58.650 -9.990e-29
       1203     -1.539     9.5033   1.457258    -0.0754     1.7186     0.2127     -1.525     -1.525    12.3712    193.366     58.646 -9.990e-29
       1204     -1.539     9.5028   1.457583    -0.0754     1.7185     0.2128     -1.525     -1.525    12.3743    193.350     58.642 -9.990e-29
       1205     -1.538     9.5027   1.457700    -0.0755     1.7183     0.2127     -1.524     -1.524    12.3754    193.320     58.633 -9.990e-29
       1206     -1.536     9.5021   1.457490    -0.0756     1.7182     0.2126     -1.522     -1.522    12.3737    193.310     58.628 -9.990e-29
       1207     -1.535     9.5012   1.457509    -0.0758     1.7180     0.2125     -1.521     -1.521    12.3742    193.281     58.618 -9.990e-29
       1208     -1.535     9.5010   1.457578    -0.0760     1.7179     0.2122     -1.521     -1.521    12.3749    193.263     58.613 -9.990e-29
       1209     -1.535     9.5005   1.457920    -0.0762     1.7178     0.2119     -1.521     -1.521    12.3782    193.242     58.607 -9.990e-29
       1210     -1.536     9.5001   1.458171    -0.0765     1.7177     0.2115     -1.522     -1.522    12.3807    193.222     58.602 -9.990e-29
       1211     -1.534     9.4999   1.458448    -0.0769     1.7176     0.2110     -1.521     -1.520    12.3833    193.200     58.595 -9.990e-29
       1212     -1.533     9.4997   1.458435    -0.0773     1.7174     0.2104     -1.519     -1.519    12.3832    193.165     58.585 -9.990e-29
       1213     -1.534     9.4991   1.458099    -0.0778     1.7173     0.2098     -1.520     -1.520    12.3804    193.152     58.579 -9.990e-29
       1214     -1.535     9.4988   1.458133    -0.0783     1.7171     0.2091     -1.521     -1.521    12.3808    193.117     58.568 -9.990e-29
       1215     -1.534     9.4984   1.458311    -0.0789     1.7170     0.2083     -1.520     -1.520    12.3826    193.095     58.562 -9.990e-29
       1216     -1.531     9.4984   1.458232    -0.0795     1.7169     0.2075     -1.517     -1.517    12.3818    193.075     58.555 -9.990e-29
       1217     -1.529     9.4981   1.458106    -0.0801     1.7168     0.2067     -1.515     -1.515    12.3808    193.058     58.549 -9.990e-29
       1218     -1.529     9.4978   1.458527    -0.0807     1.7167     0.2058     -1.515     -1.515    12.3847    193.031     58.542 -9.990e-29
       1219     -1.530     9.4975   1.458510    -0.0812     1.7166     0.2050     -1.516     -1.516    12.3847    193.008     58.535 -9.990e-29
       1220     -1.530     9.4975   1.457732    -0.0816     1.7165     0.2043     -1.516     -1.516    12.3775    192.990     58.526 -9.990e-29
       1221     -1.530     9.4971   1.457344    -0.0821     1.7164     0.2036     -1.516     -1.516    12.3741    192.970     58.519 -9.990e-29
       1222     -1.530     9.4973   1.457255    -0.0824     1.7163     0.2029     -1.516     -1.516    12.3732    192.942     58.510 -9.990e-29
