Data/CTD_09.cnv
* Sea-Bird SBE 9 Data File:
* FileName = C:\Users\ctd-user\Desktop\CTD_data\OC4920\CTD_09.hex
* Software Version Seasave V 7.26.2.13
* Temperature SN = 6313
* Conductivity SN = 4758
* Number of Bytes Per Scan = 28
* Number of Voltage Words = 3
* Number of Scans Averaged by the Deck Unit = 1
* NMEA Latitude = 57 52.85 N
* NMEA Longitude = 010 46.74 E
* NMEA UTC (Time) = May 07 2025 10:44:48
** Station: test
** Operator: Operator 1
** Ship: 7720 Skagerak
** Cruise: 7720-2025-01
** Latitude [GG MM.mm N]:
** Longitude [GG MM.mm E]:
** Pumps: PrimaryPump: 1820 # SecondaryPump:
** EventIDs: EventID: 3decf26d-821b-4112-8042-a2c98b568458 # ParentEventID:
** Additional Sampling:
** Metadata admin: MPROG: Other # PROJ: Other # ORDERER: GU # SLABO: GU # ALABO: GU # REFSK: ingen
** Metadata conditions: WADEP: 10 # WINSP: 1 # WINDIR: 02 # AIRPRES: 1000 # AIRTEMP: 1 # WEATH: 9 # CLOUD: 9 # WAVES: 9 # ICEOB: 9 # COMNT_VISIT:
** LIMS Job:
# nquan = 13                                
# nvalues = 8999                        
# units = specified
# name 0 = scan: Scan Count
# name 1 = prDM: Pressure, Digiquartz [db]
# name 2 = t090C: Temperature [ITS-90, deg C]
# name 3 = c0S/m: Conductivity [S/m]
# name 4 = flECO-AFL: Fluorescence, WET Labs ECO-AFL/FL [mg/m^3]
# name 5 = sbeox0V: Oxygen raw, SBE 43 [V]
# name 6 = turbWETntu0: Turbidity, WET Labs ECO [NTU]
# name 7 = depSM: Depth [salt water, m]
# name 8 = depSM: Depth [salt water, m], lat = 57.8808
# name 9 = sal00: Salinity, Practical [PSU]
# name 10 = sbeox0Mm/L: Oxygen, SBE 43 [umol/l], WS = 2
# name 11 = sbeox0PS: Oxygen, SBE 43 [% saturation], WS = 2
# name 12 = flag: flag
# span 0 =          1,       8999       
# span 1 =     -1.007,    124.278       
# span 2 =     7.7737,    10.2429       
# span 3 =   3.398506,   3.691187       
# span 4 =    -0.0505,     8.6925       
# span 5 =     2.1630,     2.9312       
# span 6 =     0.1672,     0.3453       
# span 7 =     -0.998,    123.091       
# span 8 =     -0.998,    123.090       
# span 9 =    30.6421,    35.3001       
# span 10 =    231.746,    347.764      
# span 11 =     79.890,    119.823      
# span 12 = 0.0000e+00, 0.0000e+00      
# interval = seconds: 0.0416667
# start_time = May 07 2025 10:44:48 [NMEA time, header]
# bad_flag = -9.990e-29
*END*
[from data line 1667]
       1668      0.817     9.8251   3.441574     1.6020     2.6588     0.2477      0.810      0.809    31.4179    302.171    104.314 -9.990e-29
       1669      0.800     9.8308   3.443919     1.6026     2.6588     0.2476      0.793      0.793    31.4367    302.083    104.309 -9.990e-29
       1670      0.783     9.8332   3.448112     1.6035     2.6589     0.2476      0.776      0.776    31.4771    301.990    104.309 -9.990e-29
       1671      0.765     9.8357   3.453068     1.6047     2.6589     0.2475      0.759      0.758    31.5251    301.871    104.306 -9.990e-29
       1672      0.745     9.8389   3.456402     1.6062     2.6589     0.2475      0.739      0.738    31.5561    301.781    104.303 -9.990e-29
       1673      0.723     9.8415   3.457497     1.6080     2.6589     0.2474      0.717      0.716    31.5649    301.739    104.300 -9.990e-29
       1674      0.701     9.8431   3.456831     1.6099     2.6589     0.2474      0.695      0.695    31.5568    301.738    104.298 -9.990e-29
       1675      0.679     9.8448   3.454703     1.6117     2.6588     0.2473      0.673      0.673    31.5337    301.750    104.291 -9.990e-29
       1676      0.658     9.8477   3.451719     1.6133     2.6588     0.2473      0.652      0.652    31.5010    301.788    104.289 -9.990e-29
       1677      0.639     9.8492   3.448636     1.6146     2.6587     0.2473      0.633      0.633    31.4685    301.820    104.281 -9.990e-29
       1678      0.622     9.8480   3.444556     1.6156     2.6587     0.2473      0.616      0.616    31.4282    301.901    104.280 -9.990e-29
       1679      0.602     9.8480   3.439618     1.6164     2.6587     0.2473      0.597      0.596    31.3782    301.993    104.278 -9.990e-29
       1680      0.580     9.8495   3.436247     1.6169     2.6587     0.2472      0.575      0.575    31.3428    302.050    104.277 -9.990e-29
       1681      0.557     9.8502   3.434838     1.6172     2.6588     0.2471      0.552      0.552    31.3280    302.089    104.282 -9.990e-29
       1682      0.535     9.8493   3.434106     1.6172     2.6588     0.2470      0.530      0.530    31.3213    302.111    104.284 -9.990e-29
       1683      0.512     9.8495   3.433531     1.6169     2.6589     0.2468      0.507      0.507    31.3154    302.139    104.290 -9.990e-29
       1684      0.488     9.8500   3.433015     1.6165     2.6590     0.2467      0.484      0.483    31.3097    302.165    104.296 -9.990e-29
       1685      0.466     9.8467   3.432531     1.6157     2.6591     0.2465      0.462      0.462    31.3077    302.211    104.303 -9.990e-29
       1686      0.446     9.8425   3.432167     1.6148     2.6591     0.2464      0.442      0.442    31.3077    302.244    104.305 -9.990e-29
       1687      0.425     9.8384   3.431786     1.6135     2.6592     0.2462      0.422      0.421    31.3074    302.293    104.312 -9.990e-29
       1688      0.404     9.8328   3.431300     1.6120     2.6592     0.2460      0.401      0.400    31.3073    302.337    104.315 -9.990e-29
       1689      0.382     9.8285   3.430697     1.6102     2.6593     0.2458      0.379      0.378    31.3050    302.393    104.322 -9.990e-29
       1690      0.359     9.8267   3.430511     1.6081     2.6593     0.2455      0.356      0.356    31.3047    302.414    104.325 -9.990e-29
       1691      0.336     9.8211   3.430622     1.6057     2.6594     0.2453      0.333      0.333    31.3107    302.464    104.334 -9.990e-29
       1692      0.313     9.8146   3.430471     1.6029     2.6594     0.2450      0.310      0.310    31.3148    302.512    104.338 -9.990e-29
       1693      0.290     9.8080   3.430320     1.5999     2.6595     0.2448      0.288      0.287    31.3190    302.578    104.349 -9.990e-29
       1694      0.267     9.8044   3.430398     1.5964     2.6595     0.2445      0.265      0.265    31.3229    302.609    104.354 -9.990e-29
       1695      0.245     9.7998   3.430419     1.5926     2.6596     0.2442      0.243      0.243    31.3272    302.664    104.365 -9.990e-29
       1696      0.221     9.7962   3.430308     1.5883     2.6596     0.2438      0.220      0.219    31.3292    302.702    104.371 -9.990e-29
       1697      0.198     9.7944   3.430568     1.5836     2.6596     0.2433      0.196      0.196    31.3334    302.722    104.377 -9.990e-29
       1698      0.174     9.7926   3.431493     1.5785     2.6597     0.2428      0.172      0.172    31.3443    302.743    104.387 -9.990e-29
       1699      0.149     9.7920   3.432615     1.5730     2.6598     0.2423      0.148      0.148    31.3562    302.753    104.397 -9.990e-29
       1700      0.125     9.7928   3.433556     1.5675     2.6599     0.2418      0.125      0.124    31.3651    302.759    104.407 -9.990e-29
       1701      0.102     9.7930   3.434343     1.5622     2.6599     0.2414      0.101      0.101    31.3729    302.756    104.412 -9.990e-29
       1702      0.078     9.7946   3.434889     1.5573     2.6600     0.2409      0.078      0.077    31.3770    302.761    104.420 -9.990e-29
       1703      0.053     9.7974   3.435447     1.5526     2.6601     0.2406      0.054      0.053    31.3803    302.757    104.427 -9.990e-29
       1704      0.029     9.7987   3.436541     1.5481     2.6602     0.2402      0.030      0.029    31.3902    302.748    104.434 -9.990e-29
       1705      0.005     9.7993   3.438078     1.5437     2.6603     0.2399      0.005      0.005    31.4053    302.730    104.439 -9.990e-29
       1706     -0.021     9.8023   3.439262     1.5396     2.6603     0.2395     -0.020     -0.021    31.4147    302.690    104.439 -9.990e-29
       1707     -0.046     9.8031   3.440121     1.5355     2.6604     0.2393     -0.045     -0.046    31.4227    302.681    104.442 -9.990e-29
       1708     -0.070     9.8000   3.440867     1.5315     2.6605     0.2390     -0.068     -0.069    31.4330    302.694    104.447 -9.990e-29
       1709     -0.092     9.7952   3.441465     1.5275     2.6605     0.2387     -0.091     -0.091    31.4433    302.704    104.446 -9.990e-29
       1710     -0.115     9.7933   3.441947     1.5235     2.6605     0.2385     -0.113     -0.114    31.4498    302.698    104.444 -9.990e-29
       1711     -0.139     9.8011   3.442307     1.5196     2.6606     0.2383     -0.137     -0.138    31.4467    302.652    104.444 -9.990e-29
       1712     -0.162     9.8099   3.442496     1.5156     2.6607     0.2380     -0.161     -0.161    31.4409    302.602    104.443 -9.990e-29
       1713     -0.184     9.8064   3.442409     1.5116     2.6609     0.2378     -0.182     -0.182    31.4431    302.636    104.448 -9.990e-29
       1714     -0.205     9.7995   3.442141     1.5074     2.6610     0.2376     -0.203     -0.203    31.4464    302.677    104.449 -9.990e-29
       1715     -0.226     9.8016   3.441603     1.5032     2.6611     0.2374     -0.224     -0.224    31.4391    302.672    104.447 -9.990e-29
       1716     -0.248     9.8005   3.440918     1.4988     2.6612     0.2371     -0.246     -0.246    31.4332    302.687    104.446 -9.990e-29
       1717     -0.270     9.8003   3.440675     1.4943     2.6614     0.2369     -0.267     -0.268    31.4309    302.700    104.448 -9.990e-29
       1718     -0.289     9.8015   3.440490     1.4897     2.6615     0.2367     -0.287     -0.286    31.4280    302.687    104.445 -9.990e-29
       1719     -0.309     9.7947   3.440041     1.4848     2.6617     0.2364     -0.306     -0.306    31.4293    302.735    104.446 -9.990e-29
       1720     -0.329     9.7936   3.440187     1.4796     2.6618     0.2362     -0.326     -0.326    31.4318    302.723    104.441 -9.990e-29
       1721     -0.349     9.7972   3.441081     1.4741     2.6619     0.2360     -0.346     -0.346    31.4377    302.670    104.435 -9.990e-29
       1722     -0.368     9.7995   3.441794     1.4683     2.6620     0.2357     -0.365     -0.365    31.4430    302.623    104.428 -9.990e-29
       1723     -0.387     9.8015   3.441402     1.4620     2.6621     0.2355     -0.383     -0.383    31.4372    302.599    104.420 -9.990e-29
       1724     -0.404     9.8016   3.440160     1.4555     2.6623     0.2352     -0.401     -0.400    31.4246    302.615    104.417 -9.990e-29
       1725     -0.420     9.8029   3.439719     1.4488     2.6624     0.2350     -0.417     -0.416    31.4190    302.591    104.408 -9.990e-29
       1726     -0.435     9.8061   3.440459     1.4425     2.6624     0.2348     -0.431     -0.431    31.4237    302.516    104.393 -9.990e-29
       1727     -0.450     9.8079   3.440691     1.4367     2.6624     0.2346     -0.446     -0.446    31.4245    302.457    104.377 -9.990e-29
       1728     -0.465     9.8083   3.439848     1.4314     2.6624     0.2345     -0.460     -0.461    31.4156    302.426    104.362 -9.990e-29
       1729     -0.479     9.8077   3.439382     1.4265     2.6623     0.2344     -0.474     -0.475    31.4114    302.380    104.342 -9.990e-29
       1730     -0.493     9.8062   3.439941     1.4219     2.6622     0.2344     -0.488     -0.488    31.4184    302.320    104.322 -9.990e-29
       1731     -0.505     9.8064   3.441103     1.4177     2.6622     0.2343     -0.500     -0.500    31.4300    302.251    104.307 -9.990e-29
       1732     -0.516     9.8065   3.441808     1.4137     2.6622     0.2343     -0.511     -0.511    31.4371    302.194    104.292 -9.990e-29
       1733     -0.525     9.8052   3.441228     1.4099     2.6621     0.2342     -0.520     -0.520    31.4323    302.159    104.274 -9.990e-29
       1734     -0.534     9.8041   3.440297     1.4064     2.6620     0.2343     -0.530     -0.529    31.4238    302.130    104.255 -9.990e-29
       1735     -0.543     9.8029   3.439811     1.4031     2.6618     0.2343     -0.538     -0.538    31.4200    302.080    104.233 -9.990e-29
       1736     -0.551     9.8023   3.439743     1.4000     2.6617     0.2344     -0.546     -0.546    31.4198    302.033    104.215 -9.990e-29
       1737     -0.558     9.8025   3.439630     1.3970     2.6617     0.2346     -0.553     -0.553    31.4185    302.000    104.203 -9.990e-29
       1738     -0.566     9.8044   3.439296     1.3943     2.6616     0.2347     -0.561     -0.561    31.4134    301.950    104.187 -9.990e-29
       1739     -0.574     9.8052   3.439080     1.3917     2.6615     0.2349     -0.569     -0.569    31.4106    301.906    104.172 -9.990e-29
       1740     -0.584     9.8046   3.439040     1.3891     2.6615     0.2351     -0.579     -0.579    31.4107    301.885    104.163 -9.990e-29
       1741     -0.595     9.8036   3.438917     1.3867     2.6614     0.2353     -0.590     -0.589    31.4103    301.856    104.151 -9.990e-29
       1742     -0.606     9.8036   3.438717     1.3843     2.6612     0.2356     -0.600     -0.600    31.4083    301.814    104.135 -9.990e-29
       1743     -0.617     9.8050   3.438504     1.3820     2.6611     0.2359     -0.611     -0.611    31.4049    301.783    104.125 -9.990e-29
       1744     -0.631     9.8050   3.438449     1.3797     2.6609     0.2363     -0.625     -0.625    31.4044    301.748    104.113 -9.990e-29
       1745     -0.646     9.8042   3.438695     1.3774     2.6608     0.2367     -0.641     -0.640    31.4076    301.729    104.106 -9.990e-29
       1746     -0.661     9.8029   3.439004     1.3751     2.6606     0.2371     -0.655     -0.655    31.4118    301.701    104.097 -9.990e-29
       1747     -0.673     9.8021   3.439144     1.3728     2.6605     0.2376     -0.667     -0.667    31.4140    301.691    104.093 -9.990e-29
       1748     -0.682     9.8015   3.439257     1.3705     2.6603     0.2382     -0.675     -0.676    31.4156    301.672    104.086 -9.990e-29
       1749     -0.686     9.8011   3.439335     1.3681     2.6600     0.2388     -0.680     -0.680    31.4168    301.644    104.076 -9.990e-29
       1750     -0.689     9.8000   3.439247     1.3656     2.6598     0.2394     -0.682     -0.683    31.4168    301.642    104.073 -9.990e-29
       1751     -0.691     9.7970   3.438807     1.3632     2.6595     0.2401     -0.684     -0.685    31.4150    301.647    104.066 -9.990e-29
       1752     -0.693     9.7939   3.438711     1.3610     2.6594     0.2407     -0.687     -0.687    31.4167    301.676    104.071 -9.990e-29
       1753     -0.695     9.7936   3.438954     1.3588     2.6593     0.2413     -0.689     -0.689    31.4195    301.686    104.075 -9.990e-29
       1754     -0.698     9.7943   3.439054     1.3568     2.6592     0.2417     -0.691     -0.692    31.4199    301.697    104.081 -9.990e-29
       1755     -0.702     9.7953   3.438998     1.3549     2.6591     0.2421     -0.696     -0.696    31.4184    301.712    104.088 -9.990e-29
       1756     -0.708     9.7960   3.438975     1.3531     2.6591     0.2424     -0.701     -0.701    31.4176    301.746    104.100 -9.990e-29
       1757     -0.714     9.7967   3.439133     1.3514     2.6591     0.2427     -0.707     -0.707    31.4186    301.779    104.114 -9.990e-29
       1758     -0.720     9.7951   3.439365     1.3497     2.6591     0.2430     -0.713     -0.713    31.4223    301.825    104.129 -9.990e-29
       1759     -0.722     9.7935   3.439602     1.3481     2.6591     0.2432     -0.716     -0.715    31.4261    301.872    104.144 -9.990e-29
       1760     -0.719     9.7956   3.439767     1.3466     2.6590     0.2434     -0.713     -0.712    31.4260    301.888    104.154 -9.990e-29
       1761     -0.710     9.7990   3.439853     1.3451     2.6590     0.2436     -0.704     -0.703    31.4239    301.913    104.169 -9.990e-29
       1762     -0.696     9.8031   3.439955     1.3436     2.6589     0.2436     -0.690     -0.690    31.4213    301.925    104.181 -9.990e-29
       1763     -0.681     9.8082   3.440246     1.3421     2.6589     0.2437     -0.675     -0.675    31.4198    301.942    104.197 -9.990e-29
       1764     -0.669     9.8106   3.440598     1.3407     2.6590     0.2437     -0.663     -0.663    31.4213    301.987    104.219 -9.990e-29
       1765     -0.667     9.8116   3.440728     1.3392     2.6590     0.2437     -0.660     -0.661    31.4217    302.032    104.237 -9.990e-29
       1766     -0.675     9.8133   3.440610     1.3377     2.6590     0.2436     -0.668     -0.669    31.4190    302.077    104.255 -9.990e-29
       1767     -0.691     9.8167   3.440392     1.3362     2.6591     0.2436     -0.685     -0.685    31.4139    302.128    104.277 -9.990e-29
       1768     -0.711     9.8300   3.440282     1.3347     2.6592     0.2435     -0.704     -0.704    31.4012    302.125    104.298 -9.990e-29
       1769     -0.728     9.8640   3.440308     1.3331     2.6592     0.2433     -0.721     -0.721    31.3719    301.992    104.310 -9.990e-29
       1770     -0.742     9.9119   3.440554     1.3315     2.6593     0.2431     -0.735     -0.735    31.3327    301.795    104.325 -9.990e-29
       1771     -0.751     9.9484   3.440851     1.3298     2.6593     0.2429     -0.744     -0.744    31.3041    301.642    104.336 -9.990e-29
       1772     -0.755     9.9710   3.440907     1.3280     2.6594     0.2426     -0.748     -0.748    31.2850    301.580    104.354 -9.990e-29
       1773     -0.759     9.9795   3.440502     1.3261     2.6595     0.2424     -0.751     -0.752    31.2736    301.601    104.373 -9.990e-29
       1774     -0.764     9.9802   3.439821     1.3241     2.6596     0.2421     -0.757     -0.757    31.2661    301.663    104.391 -9.990e-29
       1775     -0.772     9.9725   3.439150     1.3220     2.6597     0.2418     -0.764     -0.765    31.2660    301.765    104.409 -9.990e-29
       1776     -0.779     9.9342   3.438545     1.3199     2.6598     0.2414     -0.771     -0.772    31.2931    302.024    104.429 -9.990e-29
       1777     -0.784     9.8846   3.438022     1.3177     2.6599     0.2411     -0.776     -0.777    31.3308    302.338    104.449 -9.990e-29
