Data/CTD_07.cnv
* Sea-Bird SBE 9 Data File:
* FileName = C:\Users\ctd-user\Desktop\CTD_data\OC4920\CTD_07.hex
* Software Version Seasave V 7.26.2.13
* Temperature SN = 6313
* Conductivity SN = 4758
* Number of Bytes Per Scan = 28
* Number of Voltage Words = 3
* Number of Scans Averaged by the Deck Unit = 1
* NMEA Latitude = 57 54.83 N
* NMEA Longitude = 010 46.77 E
* NMEA UTC (Time) = May 07 2025 09:38:52
** Station: test
** Operator: Operator 1
** Ship: 7720 Skagerak
** Cruise: 7720-2025-01
** Latitude [GG MM.mm N]:
** Longitude [GG MM.mm E]:
** Pumps: PrimaryPump: 1820 # SecondaryPump:
** EventIDs: EventID: 3decf26d-821b-4112-8042-a2c98b568458 # ParentEventID:
** Additional Sampling:
** Metadata admin: MPROG: Other # PROJ: Other # ORDERER: GU # SLABO: GU # ALABO: GU # REFSK: ingen
** Metadata conditions: WADEP: 10 # WINSP: 1 # WINDIR: 02 # AIRPRES: 1000 # AIRTEMP: 1 # WEATH: 9 # CLOUD: 9 # WAVES: 9 # ICEOB: 9 # COMNT_VISIT:
** LIMS Job:
# nquan = 13                                
# nvalues = 9824                        
# units = specified
# name 0 = scan: Scan Count
# name 1 = prDM: Pressure, Digiquartz [db]
# name 2 = t090C: Temperature [ITS-90, deg C]
# name 3 = c0S/m: Conductivity [S/m]
# name 4 = flECO-AFL: Fluorescence, WET Labs ECO-AFL/FL [mg/m^3]
# name 5 = sbeox0V: Oxygen raw, SBE 43 [V]
# name 6 = turbWETntu0: Turbidity, WET Labs ECO [NTU]
# name 7 = depSM: Depth [salt water, m]
# name 8 = depSM: Depth [salt water, m], lat = 57.9138
# name 9 = sal00: Salinity, Practical [PSU]
# name 10 = sbeox0Mm/L: Oxygen, SBE 43 [umol/l], WS = 2
# name 11 = sbeox0PS: Oxygen, SBE 43 [% saturation], WS = 2
# name 12 = flag: flag
# span 0 =          1,       9824       
# span 1 =     -1.511,    149.329       
# span 2 =     7.7892,    10.5887       
# span 3 =   0.094447,   3.682084       
# span 4 =    -0.1040,     4.2526       
# span 5 =     2.1644,     2.8289       
# span 6 =     0.1639,     0.9086       
# span 7 =     -1.497,    147.893       
# span 8 =     -1.497,    147.893       
# span 9 =     0.6854,    35.2845       
# span 10 =    232.375,    401.265      
# span 11 =     80.143,    114.027      
# span 12 = 0.0000e+00, 0.0000e+00      
# interval = seconds: 0.0416667
# start_time = May 07 2025 09:38:52 [NMEA time, header]
# bad_flag = -9.990e-29
*END*
[from data line 7001]
       7002    101.032     7.8437   3.630195    -0.0396     2.5351     0.2497    100.071    100.072    35.2048    294.992     99.866 0.0000e+00
       7003    101.049     7.8439   3.630196    -0.0402     2.5351     0.2497    100.089    100.089    35.2046    295.021     99.877 0.0000e+00
       7004    101.067     7.8437   3.630219    -0.0408     2.5352     0.2496    100.106    100.107    35.2050    295.064     99.891 0.0000e+00
       7005    101.084     7.8438   3.630201    -0.0414     2.5353     0.2496    100.123    100.123    35.2047    295.103     99.904 0.0000e+00
       7006    101.099     7.8439   3.630196    -0.0420     2.5354     0.2496    100.138    100.138    35.2045    295.140     99.917 0.0000e+00
       7007    101.115     7.8439   3.630196    -0.0425     2.5355     0.2495    100.154    100.154    35.2045    295.174     99.928 0.0000e+00
       7008    101.132     7.8439   3.630220    -0.0429     2.5356     0.2495    100.171    100.171    35.2048    295.208     99.940 0.0000e+00
       7009    101.150     7.8440   3.630202    -0.0433     2.5357     0.2494    100.188    100.189    35.2045    295.244     99.952 0.0000e+00
       7010    101.168     7.8439   3.630219    -0.0436     2.5357     0.2494    100.206    100.207    35.2048    295.266     99.960 0.0000e+00
       7011    101.185     7.8439   3.630189    -0.0439     2.5356     0.2494    100.224    100.223    35.2044    295.276     99.963 0.0000e+00
       7012    101.202     7.8437   3.630213    -0.0441     2.5356     0.2493    100.240    100.240    35.2049    295.300     99.971 0.0000e+00
       7013    101.218     7.8439   3.630231    -0.0443     2.5356     0.2492    100.256    100.256    35.2049    295.319     99.978 0.0000e+00
       7014    101.233     7.8439   3.630201    -0.0444     2.5356     0.2490    100.271    100.271    35.2045    295.336     99.983 0.0000e+00
       7015    101.247     7.8440   3.630195    -0.0445     2.5357     0.2489    100.285    100.285    35.2044    295.363     99.993 0.0000e+00
       7016    101.260     7.8439   3.630219    -0.0446     2.5358     0.2487    100.298    100.298    35.2047    295.389    100.001 0.0000e+00
       7017    101.274     7.8437   3.630200    -0.0446     2.5359     0.2485    100.312    100.312    35.2047    295.415    100.010 0.0000e+00
       7018    101.290     7.8439   3.630195    -0.0445     2.5360     0.2483    100.327    100.327    35.2044    295.439    100.018 0.0000e+00
       7019    101.305     7.8438   3.630194    -0.0444     2.5362     0.2481    100.342    100.342    35.2045    295.478    100.031 0.0000e+00
       7020    101.319     7.8439   3.630195    -0.0443     2.5363     0.2479    100.356    100.356    35.2044    295.502    100.039 0.0000e+00
       7021    101.333     7.8439   3.630219    -0.0442     2.5364     0.2477    100.370    100.370    35.2047    295.523    100.047 0.0000e+00
       7022    101.347     7.8439   3.630231    -0.0439     2.5365     0.2475    100.384    100.384    35.2048    295.543    100.054 0.0000e+00
       7023    101.360     7.8437   3.630230    -0.0437     2.5366     0.2472    100.397    100.397    35.2050    295.562    100.060 0.0000e+00
       7024    101.375     7.8436   3.630211    -0.0434     2.5368     0.2469    100.412    100.412    35.2049    295.594    100.070 0.0000e+00
       7025    101.391     7.8437   3.630242    -0.0430     2.5369     0.2466    100.428    100.427    35.2051    295.606    100.075 0.0000e+00
       7026    101.406     7.8435   3.630187    -0.0426     2.5369     0.2462    100.443    100.442    35.2047    295.606    100.074 0.0000e+00
       7027    101.422     7.8436   3.630211    -0.0421     2.5370     0.2458    100.459    100.458    35.2048    295.615    100.077 0.0000e+00
       7028    101.437     7.8437   3.630247    -0.0416     2.5370     0.2454    100.474    100.473    35.2051    295.607    100.075 0.0000e+00
       7029    101.451     7.8437   3.630235    -0.0410     2.5370     0.2450    100.487    100.487    35.2050    295.599    100.072 0.0000e+00
       7030    101.463     7.8436   3.630229    -0.0405     2.5370     0.2446    100.500    100.499    35.2050    295.590    100.069 0.0000e+00
       7031    101.476     7.8437   3.630229    -0.0400     2.5370     0.2443    100.512    100.512    35.2049    295.583    100.067 0.0000e+00
       7032    101.489     7.8438   3.630248    -0.0396     2.5370     0.2439    100.524    100.525    35.2050    295.574    100.064 0.0000e+00
       7033    101.503     7.8437   3.630235    -0.0392     2.5371     0.2436    100.539    100.538    35.2050    295.586    100.068 0.0000e+00
       7034    101.518     7.8435   3.630228    -0.0389     2.5372     0.2434    100.554    100.553    35.2051    295.599    100.072 0.0000e+00
       7035    101.533     7.8436   3.630229    -0.0386     2.5373     0.2431    100.568    100.568    35.2050    295.611    100.076 0.0000e+00
       7036    101.548     7.8435   3.630246    -0.0384     2.5374     0.2429    100.583    100.583    35.2053    295.621    100.079 0.0000e+00
       7037    101.563     7.8437   3.630205    -0.0382     2.5374     0.2427    100.598    100.598    35.2046    295.615    100.077 0.0000e+00
       7038    101.579     7.8436   3.630175    -0.0380     2.5374     0.2425    100.614    100.614    35.2044    295.608    100.074 0.0000e+00
       7039    101.596     7.8437   3.630163    -0.0379     2.5374     0.2424    100.630    100.630    35.2041    295.597    100.071 0.0000e+00
       7040    101.612     7.8438   3.630235    -0.0378     2.5375     0.2423    100.646    100.646    35.2048    295.599    100.072 0.0000e+00
       7041    101.627     7.8437   3.630235    -0.0378     2.5376     0.2423    100.661    100.661    35.2049    295.603    100.073 0.0000e+00
       7042    101.643     7.8435   3.630198    -0.0378     2.5377     0.2422    100.677    100.677    35.2047    295.608    100.075 0.0000e+00
       7043    101.660     7.8438   3.630241    -0.0378     2.5379     0.2422    100.694    100.694    35.2048    295.624    100.081 0.0000e+00
       7044    101.677     7.8435   3.630204    -0.0379     2.5380     0.2421    100.710    100.711    35.2047    295.631    100.082 0.0000e+00
       7045    101.693     7.8439   3.630217    -0.0380     2.5380     0.2422    100.726    100.727    35.2045    295.620    100.079 0.0000e+00
       7046    101.709     7.8436   3.630228    -0.0381     2.5380     0.2422    100.743    100.742    35.2049    295.612    100.076 0.0000e+00
       7047    101.724     7.8437   3.630246    -0.0383     2.5380     0.2423    100.757    100.757    35.2050    295.602    100.073 0.0000e+00
       7048    101.740     7.8438   3.630235    -0.0385     2.5380     0.2424    100.773    100.773    35.2047    295.594    100.070 0.0000e+00
       7049    101.756     7.8437   3.630246    -0.0388     2.5380     0.2425    100.789    100.789    35.2050    295.588    100.068 0.0000e+00
       7050    101.773     7.8435   3.630204    -0.0391     2.5380     0.2426    100.806    100.806    35.2047    295.586    100.067 0.0000e+00
       7051    101.791     7.8439   3.630217    -0.0395     2.5380     0.2428    100.823    100.824    35.2044    295.577    100.065 0.0000e+00
       7052    101.809     7.8435   3.630233    -0.0399     2.5380     0.2431    100.842    100.841    35.2050    295.573    100.063 0.0000e+00
       7053    101.828     7.8437   3.630252    -0.0403     2.5379     0.2433    100.860    100.860    35.2050    295.548    100.055 0.0000e+00
       7054    101.845     7.8436   3.630204    -0.0408     2.5379     0.2436    100.877    100.877    35.2046    295.538    100.051 0.0000e+00
       7055    101.863     7.8437   3.630240    -0.0414     2.5380     0.2439    100.894    100.895    35.2048    295.537    100.051 0.0000e+00
       7056    101.881     7.8438   3.630234    -0.0420     2.5380     0.2442    100.912    100.913    35.2047    295.523    100.047 0.0000e+00
       7057    101.900     7.8437   3.630228    -0.0426     2.5382     0.2445    100.932    100.932    35.2047    295.541    100.052 0.0000e+00
       7058    101.921     7.8440   3.630229    -0.0431     2.5383     0.2448    100.952    100.952    35.2044    295.543    100.054 0.0000e+00
       7059    101.942     7.8438   3.630228    -0.0436     2.5384     0.2450    100.974    100.973    35.2046    295.552    100.056 0.0000e+00
       7060    101.963     7.8437   3.630246    -0.0440     2.5385     0.2452    100.994    100.994    35.2049    295.561    100.059 0.0000e+00
       7061    101.983     7.8439   3.630282    -0.0444     2.5385     0.2455    101.014    101.014    35.2050    295.555    100.058 0.0000e+00
       7062    102.002     7.8436   3.630263    -0.0447     2.5385     0.2456    101.033    101.033    35.2051    295.552    100.056 0.0000e+00
       7063    102.022     7.8435   3.630257    -0.0450     2.5385     0.2458    101.053    101.052    35.2051    295.548    100.055 0.0000e+00
       7064    102.042     7.8436   3.630257    -0.0452     2.5385     0.2459    101.073    101.072    35.2050    295.542    100.053 0.0000e+00
       7065    102.062     7.8435   3.630233    -0.0455     2.5385     0.2460    101.092    101.092    35.2049    295.539    100.051 0.0000e+00
       7066    102.083     7.8437   3.630257    -0.0457     2.5385     0.2461    101.112    101.113    35.2049    295.533    100.050 0.0000e+00
       7067    102.103     7.8436   3.630233    -0.0460     2.5385     0.2461    101.133    101.133    35.2047    295.530    100.048 0.0000e+00
       7068    102.125     7.8439   3.630246    -0.0462     2.5385     0.2462    101.154    101.154    35.2046    295.523    100.047 0.0000e+00
       7069    102.148     7.8437   3.630257    -0.0464     2.5385     0.2462    101.178    101.177    35.2049    295.519    100.045 0.0000e+00
       7070    102.172     7.8438   3.630234    -0.0466     2.5385     0.2462    101.201    101.201    35.2045    295.511    100.042 0.0000e+00
       7071    102.195     7.8439   3.630246    -0.0468     2.5385     0.2461    101.223    101.224    35.2045    295.500    100.039 0.0000e+00
       7072    102.217     7.8438   3.630282    -0.0469     2.5385     0.2461    101.246    101.245    35.2050    295.488    100.035 0.0000e+00
       7073    102.241     7.8439   3.630294    -0.0470     2.5385     0.2460    101.269    101.269    35.2050    295.475    100.031 0.0000e+00
       7074    102.266     7.8437   3.630263    -0.0470     2.5386     0.2458    101.294    101.294    35.2049    295.480    100.032 0.0000e+00
       7075    102.291     7.8438   3.630257    -0.0471     2.5385     0.2456    101.319    101.319    35.2047    295.454    100.023 0.0000e+00
       7076    102.315     7.8437   3.630281    -0.0471     2.5385     0.2454    101.343    101.342    35.2051    295.442    100.019 0.0000e+00
       7077    102.341     7.8439   3.630240    -0.0472     2.5384     0.2452    101.368    101.368    35.2044    295.414    100.010 0.0000e+00
       7078    102.366     7.8438   3.630275    -0.0473     2.5383     0.2449    101.393    101.393    35.2049    295.385    100.000 0.0000e+00
       7079    102.391     7.8437   3.630293    -0.0475     2.5382     0.2446    101.418    101.418    35.2052    295.354     99.989 0.0000e+00
       7080    102.416     7.8437   3.630251    -0.0477     2.5383     0.2443    101.442    101.442    35.2047    295.354     99.989 0.0000e+00
       7081    102.440     7.8438   3.630275    -0.0478     2.5384     0.2441    101.467    101.466    35.2048    295.351     99.988 0.0000e+00
       7082    102.466     7.8437   3.630263    -0.0479     2.5385     0.2438    101.492    101.492    35.2048    295.352     99.988 0.0000e+00
       7083    102.492     7.8436   3.630280    -0.0480     2.5386     0.2435    101.518    101.518    35.2051    295.355     99.989 0.0000e+00
       7084    102.518     7.8439   3.630293    -0.0481     2.5387     0.2432    101.544    101.543    35.2049    295.358     99.991 0.0000e+00
       7085    102.545     7.8439   3.630335    -0.0482     2.5387     0.2430    101.571    101.570    35.2053    295.351     99.989 0.0000e+00
       7086    102.572     7.8438   3.630281    -0.0483     2.5387     0.2427    101.597    101.597    35.2048    295.347     99.987 0.0000e+00
       7087    102.598     7.8437   3.630280    -0.0483     2.5388     0.2425    101.623    101.623    35.2049    295.359     99.991 0.0000e+00
       7088    102.624     7.8439   3.630311    -0.0483     2.5388     0.2424    101.649    101.648    35.2050    295.355     99.990 0.0000e+00
       7089    102.651     7.8438   3.630299    -0.0484     2.5388     0.2423    101.676    101.675    35.2050    295.353     99.989 0.0000e+00
       7090    102.678     7.8437   3.630310    -0.0485     2.5388     0.2422    101.702    101.702    35.2052    295.352     99.988 0.0000e+00
       7091    102.706     7.8438   3.630299    -0.0486     2.5387     0.2421    101.730    101.730    35.2050    295.335     99.983 0.0000e+00
       7092    102.736     7.8437   3.630292    -0.0487     2.5385     0.2421    101.760    101.759    35.2050    295.306     99.973 0.0000e+00
       7093    102.765     7.8437   3.630292    -0.0488     2.5384     0.2420    101.788    101.788    35.2050    295.289     99.967 0.0000e+00
       7094    102.793     7.8438   3.630322    -0.0488     2.5383     0.2419    101.816    101.816    35.2052    295.270     99.961 0.0000e+00
       7095    102.821     7.8437   3.630298    -0.0489     2.5381     0.2419    101.844    101.844    35.2050    295.238     99.950 0.0000e+00
       7096    102.851     7.8437   3.630310    -0.0489     2.5381     0.2419    101.873    101.873    35.2051    295.234     99.949 0.0000e+00
       7097    102.881     7.8434   3.630321    -0.0489     2.5380     0.2419    101.903    101.903    35.2055    295.217     99.943 0.0000e+00
       7098    102.910     7.8437   3.630322    -0.0490     2.5381     0.2420    101.932    101.932    35.2052    295.228     99.947 0.0000e+00
       7099    102.938     7.8436   3.630322    -0.0490     2.5381     0.2421    101.960    101.959    35.2053    295.228     99.946 0.0000e+00
       7100    102.964     7.8435   3.630321    -0.0490     2.5380     0.2422    101.985    101.985    35.2054    295.212     99.941 0.0000e+00
       7101    102.989     7.8439   3.630299    -0.0489     2.5380     0.2424    102.010    102.010    35.2047    295.210     99.941 0.0000e+00
       7102    103.014     7.8436   3.630309    -0.0489     2.5380     0.2426    102.035    102.035    35.2051    295.209     99.940 0.0000e+00
       7103    103.042     7.8437   3.630322    -0.0488     2.5379     0.2429    102.063    102.062    35.2051    295.191     99.934 0.0000e+00
       7104    103.070     7.8435   3.630321    -0.0488     2.5378     0.2432    102.091    102.090    35.2053    295.173     99.928 0.0000e+00
       7105    103.098     7.8436   3.630297    -0.0487     2.5378     0.2435    102.118    102.118    35.2049    295.171     99.927 0.0000e+00
       7106    103.126     7.8437   3.630292    -0.0486     2.5377     0.2439    102.146    102.146    35.2048    295.156     99.922 0.0000e+00
       7107    103.155     7.8436   3.630291    -0.0485     2.5377     0.2443    102.174    102.174    35.2049    295.161     99.924 0.0000e+00
       7108    103.182     7.8437   3.630274    -0.0484     2.5377     0.2446    102.201    102.201    35.2046    295.167     99.926 0.0000e+00
       7109    103.209     7.8435   3.630303    -0.0483     2.5378     0.2450    102.228    102.228    35.2051    295.191     99.934 0.0000e+00
       7110    103.238     7.8438   3.630322    -0.0481     2.5378     0.2453    102.256    102.256    35.2049    295.198     99.937 0.0000e+00
       7111    103.266     7.8435   3.630339    -0.0479     2.5379     0.2456    102.284    102.284    35.2054    295.224     99.945 0.0000e+00
