Data/CTD_08_avg.cnv
* Sea-Bird SBE 9 Data File:
* FileName = C:\Users\ctd-user\Desktop\CTD_data\OC4920\CTD_08.hex
* Software Version Seasave V 7.26.2.13
* Temperature SN = 6313
* Conductivity SN = 4758
* Number of Bytes Per Scan = 28
* Number of Voltage Words = 3
* Number of Scans Averaged by the Deck Unit = 1
* NMEA Latitude = 57 53.87 N
* NMEA Longitude = 010 46.83 E
* NMEA UTC (Time) = May 07 2025 10:06:26
** Station: test
** Operator: Operator 1
** Ship: 7720 Skagerak
** Cruise: 7720-2025-01
** Latitude [GG MM.mm N]:
** Longitude [GG MM.mm E]:
** Pumps: PrimaryPump: 1820 # SecondaryPump:
** EventIDs: EventID: 3decf26d-821b-4112-8042-a2c98b568458 # ParentEventID:
** Additional Sampling:
** Metadata admin: MPROG: Other # PROJ: Other # ORDERER: GU # SLABO: GU # ALABO: GU # REFSK: ingen
** Metadata conditions: WADEP: 10 # WINSP: 1 # WINDIR: 02 # AIRPRES: 1000 # AIRTEMP: 1 # WEATH: 9 # CLOUD: 9 # WAVES: 9 # ICEOB: 9 # COMNT_VISIT:
** LIMS Job:
# nquan = 13
# nvalues = 274                         
# units = specified
# name 0 = scan: Scan Count
# name 1 = prDM: Pressure, Digiquartz [db]
# name 2 = t090C: Temperature [ITS-90, deg C]
# name 3 = c0S/m: Conductivity [S/m]
# name 4 = flECO-AFL: Fluorescence, WET Labs ECO-AFL/FL [mg/m^3]
# name 5 = sbeox0V: Oxygen raw, SBE 43 [V]
# name 6 = turbWETntu0: Turbidity, WET Labs ECO [NTU]
# name 7 = depSM: Depth [salt water, m]
# name 8 = depSM: Depth [salt water, m], lat = 57.8978
# name 9 = sal00: Salinity, Practical [PSU]
# name 10 = sbeox0Mm/L: Oxygen, SBE 43 [umol/l], WS = 2
# name 11 = sbeox0PS: Oxygen, SBE 43 [% saturation], WS = 2
# name 12 = flag: flag
# span 0 =        656,       7378       
# span 1 =      0.505,    138.326       
# span 2 =     7.8792,    10.2843       
# span 3 =   3.376327,   3.685928       
# span 4 =    -0.0496,     5.2878       
# span 5 =     2.5258,     2.8304       
# span 6 =     0.1637,     0.4395       
# span 7 =      0.500,    137.000       
# span 8 =      0.500,    137.000       
# span 9 =    30.3701,    35.2556       
# span 10 =    293.365,    330.427      
# span 11 =     99.403,    113.815      
# span 12 = 0.0000e+00, 0.0000e+00      
# interval = meters: 0.5                
# start_time = May 07 2025 10:06:26 [NMEA time, header]
# bad_flag = -9.990e-29
*END*
[from data line 112]
       3256     57.036     8.1170   3.657193    -0.0138     2.5723     0.1740     56.500     56.500    35.2417    296.176    100.909 0.0000e+00
       3277     57.541     8.1204   3.657808    -0.0125     2.5718     0.1764     57.000     57.000    35.2446    296.263    100.949 0.0000e+00
       3301     58.046     8.1132   3.657777    -0.0056     2.5705     0.1753     57.500     57.500    35.2513    295.848    100.795 0.0000e+00
       3328     58.550     8.1028   3.656783    -0.0088     2.5691     0.1772     58.000     58.000    35.2508    296.216    100.897 0.0000e+00
       3353     59.055     8.0892   3.655605    -0.0139     2.5698     0.1806     58.500     58.500    35.2516    296.491    100.960 0.0000e+00
       3377     59.560     8.0734   3.653933    -0.0144     2.5694     0.1810     59.000     59.000    35.2493    296.218    100.830 0.0000e+00
       3399     60.065     8.0630   3.652572    -0.0154     2.5680     0.1800     59.500     59.500    35.2449    296.084    100.758 0.0000e+00
       3421     60.570     8.0557   3.651658    -0.0218     2.5672     0.1813     60.000     60.000    35.2422    296.289    100.809 0.0000e+00
       3444     61.074     8.0479   3.650967    -0.0303     2.5671     0.1833     60.500     60.500    35.2424    296.024    100.702 0.0000e+00
       3468     61.579     8.0371   3.650202    -0.0321     2.5643     0.1869     61.000     61.000    35.2448    295.492    100.498 0.0000e+00
       3489     62.084     8.0103   3.648103    -0.0324     2.5631     0.1876     61.500     61.500    35.2490    296.165    100.669 0.0000e+00
       3508     62.589     7.9887   3.645383    -0.0326     2.5640     0.1880     62.000     62.000    35.2412    296.744    100.812 0.0000e+00
       3528     63.094     7.9728   3.643429    -0.0336     2.5646     0.1885     62.500     62.500    35.2360    296.727    100.766 0.0000e+00
       3554     63.599     7.9935   3.643826    -0.0403     2.5640     0.1919     63.000     63.000    35.2191    296.317    100.663 0.0000e+00
       3588     64.103     7.9656   3.643588    -0.0368     2.5622     0.1911     63.500     63.500    35.2445    296.069    100.532 0.0000e+00
       3614     64.608     7.9557   3.641503    -0.0327     2.5615     0.1947     64.000     64.000    35.2317    296.623    100.690 0.0000e+00
       3632     65.113     7.9435   3.640128    -0.0326     2.5626     0.1967     64.500     64.500    35.2290    296.903    100.755 0.0000e+00
       3648     65.618     7.9334   3.639194    -0.0331     2.5626     0.1987     65.000     65.000    35.2289    296.578    100.622 0.0000e+00
       3665     66.123     7.9274   3.638199    -0.0352     2.5612     0.2023     65.500     65.500    35.2239    296.386    100.540 0.0000e+00
       3688     66.628     7.9383   3.638397    -0.0445     2.5610     0.2036     66.000     66.000    35.2148    296.490    100.594 0.0000e+00
       3721     67.132     7.9254   3.638294    -0.0486     2.5591     0.2020     66.500     66.500    35.2265    295.734    100.316 0.0000e+00
       3749     67.637     7.9160   3.637343    -0.0484     2.5561     0.1997     67.000     67.000    35.2254    295.717    100.288 0.0000e+00
       3769     68.142     7.9091   3.636313    -0.0490     2.5557     0.2037     67.500     67.500    35.2211    296.115    100.405 0.0000e+00
       3786     68.647     7.9073   3.635874    -0.0478     2.5559     0.2059     68.000     68.000    35.2179    296.308    100.464 0.0000e+00
       3802     69.152     7.9060   3.635786    -0.0466     2.5564     0.2086     68.500     68.500    35.2180    296.361    100.479 0.0000e+00
       3824     69.657     7.9079   3.635718    -0.0440     2.5561     0.2128     69.000     69.000    35.2151    296.023    100.367 0.0000e+00
       3860     70.161     7.9032   3.635883    -0.0409     2.5545     0.2140     69.500     69.500    35.2214    295.757    100.270 0.0000e+00
       3889     70.666     7.8954   3.634983    -0.0384     2.5533     0.2200     70.000     70.000    35.2193    295.689    100.229 0.0000e+00
       3909     71.171     7.8929   3.634437    -0.0346     2.5525     0.2265     70.500     70.500    35.2156    295.617    100.196 0.0000e+00
       3927     71.676     7.8924   3.634382    -0.0375     2.5517     0.2344     71.000     71.000    35.2153    295.470    100.145 0.0000e+00
       3945     72.181     7.8924   3.634380    -0.0456     2.5507     0.2436     71.500     71.500    35.2151    295.297    100.086 0.0000e+00
       3966     72.686     7.8929   3.634434    -0.0469     2.5496     0.2419     72.000     72.000    35.2149    295.205    100.056 0.0000e+00
       3991     73.191     7.8933   3.634515    -0.0389     2.5486     0.2451     72.500     72.500    35.2151    295.290    100.086 0.0000e+00
       4017     73.695     7.8938   3.634609    -0.0351     2.5489     0.2486     73.000     73.000    35.2154    295.665    100.214 0.0000e+00
       4044     74.200     7.8936   3.634670    -0.0424     2.5498     0.2491     73.500     73.500    35.2160    295.654    100.211 0.0000e+00
       4069     74.705     7.8934   3.634658    -0.0386     2.5498     0.2487     74.000     74.000    35.2158    295.806    100.261 0.0000e+00
       4093     75.210     7.8933   3.634680    -0.0411     2.5506     0.2501     74.500     74.500    35.2159    295.681    100.219 0.0000e+00
       4116     75.715     7.8933   3.634696    -0.0381     2.5495     0.2504     75.000     75.000    35.2158    295.515    100.162 0.0000e+00
       4137     76.220     7.8934   3.634732    -0.0334     2.5499     0.2518     75.500     75.500    35.2158    295.937    100.306 0.0000e+00
       4158     76.724     7.8932   3.634761    -0.0326     2.5510     0.2535     76.000     76.000    35.2160    296.227    100.404 0.0000e+00
       4179     77.229     7.8932   3.634779    -0.0328     2.5518     0.2540     76.500     76.500    35.2161    296.124    100.369 0.0000e+00
       4203     77.734     7.8924   3.634763    -0.0355     2.5518     0.2505     77.000     77.000    35.2164    295.917    100.297 0.0000e+00
       4229     78.239     7.8923   3.634737    -0.0447     2.5508     0.2408     77.500     77.500    35.2160    295.640    100.203 0.0000e+00
       4256     78.744     7.8921   3.634757    -0.0484     2.5497     0.2379     78.000     78.000    35.2162    295.495    100.153 0.0000e+00
       4283     79.249     7.8921   3.634763    -0.0490     2.5487     0.2384     78.500     78.500    35.2160    295.517    100.160 0.0000e+00
       4305     79.754     7.8919   3.634780    -0.0454     2.5487     0.2388     79.000     79.000    35.2161    295.615    100.194 0.0000e+00
       4324     80.259     7.8916   3.634778    -0.0371     2.5483     0.2386     79.500     79.500    35.2161    295.750    100.239 0.0000e+00
       4343     80.763     7.8913   3.634776    -0.0334     2.5493     0.2378     80.001     80.000    35.2162    296.118    100.362 0.0000e+00
       4366     81.268     7.8913   3.634781    -0.0326     2.5504     0.2339     80.500     80.500    35.2160    296.148    100.373 0.0000e+00
       4394     81.773     7.8914   3.634810    -0.0326     2.5501     0.2264     81.000     81.000    35.2160    295.681    100.215 0.0000e+00
       4422     82.278     7.8916   3.634874    -0.0338     2.5483     0.2227     81.500     81.500    35.2162    295.432    100.131 0.0000e+00
       4446     82.783     7.8920   3.634940    -0.0413     2.5482     0.2262     82.000     82.000    35.2162    295.733    100.234 0.0000e+00
       4467     83.288     7.8925   3.635023    -0.0470     2.5482     0.2289     82.500     82.500    35.2164    295.646    100.206 0.0000e+00
       4488     83.793     7.8930   3.635100    -0.0446     2.5478     0.2299     83.000     83.000    35.2164    295.771    100.249 0.0000e+00
       4510     84.298     7.8936   3.635198    -0.0382     2.5487     0.2301     83.500     83.500    35.2166    296.241    100.410 0.0000e+00
       4534     84.802     7.8943   3.635296    -0.0413     2.5506     0.2301     84.000     84.000    35.2168    296.408    100.468 0.0000e+00
       4560     85.307     7.8949   3.635394    -0.0353     2.5507     0.2279     84.500     84.500    35.2170    296.088    100.361 0.0000e+00
       4585     85.812     7.8955   3.635474    -0.0360     2.5505     0.2245     85.000     85.000    35.2170    296.165    100.389 0.0000e+00
       4608     86.317     7.8966   3.635589    -0.0436     2.5509     0.2270     85.500     85.500    35.2169    296.324    100.445 0.0000e+00
       4629     86.822     7.8987   3.635780    -0.0396     2.5512     0.2259     86.000     86.000    35.2166    296.321    100.449 0.0000e+00
       4652     87.327     7.9028   3.636171    -0.0433     2.5512     0.2274     86.500     86.500    35.2164    296.005    100.351 0.0000e+00
       4677     87.832     7.9104   3.636723    -0.0488     2.5495     0.2258     87.000     87.000    35.2144    295.667    100.252 0.0000e+00
       4703     88.337     7.9166   3.637815    -0.0487     2.5493     0.2260     87.500     87.500    35.2197    295.923    100.356 0.0000e+00
       4725     88.841     7.9184   3.638172    -0.0490     2.5493     0.2252     88.000     88.000    35.2215    295.739    100.299 0.0000e+00
       4746     89.346     7.9170   3.638339    -0.0496     2.5483     0.2226     88.500     88.500    35.2244    295.408    100.185 0.0000e+00
       4771     89.851     7.9140   3.638138    -0.0496     2.5468     0.2248     89.000     89.000    35.2250    295.148    100.091 0.0000e+00
       4797     90.356     7.8969   3.637006    -0.0486     2.5445     0.2329     89.500     89.500    35.2299    294.686     99.899 0.0000e+00
       4820     90.861     7.8899   3.635584    -0.0439     2.5420     0.2449     90.000     90.000    35.2213    294.510     99.818 0.0000e+00
       4839     91.366     7.8893   3.635337    -0.0380     2.5408     0.2594     90.500     90.500    35.2190    294.700     99.879 0.0000e+00
       4859     91.871     7.8883   3.635195    -0.0432     2.5403     0.2676     91.000     91.000    35.2183    294.706     99.879 0.0000e+00
       4886     92.376     7.8890   3.635188    -0.0466     2.5392     0.2706     91.500     91.500    35.2172    294.637     99.856 0.0000e+00
       4921     92.881     7.8877   3.635253    -0.0441     2.5394     0.2698     92.000     92.000    35.2190    295.077    100.003 0.0000e+00
       4946     93.386     7.8872   3.635079    -0.0377     2.5404     0.2678     92.500     92.500    35.2174    295.100    100.009 0.0000e+00
       4964     93.890     7.8876   3.635112    -0.0413     2.5401     0.2753     93.000     93.000    35.2170    294.712     99.878 0.0000e+00
       4981     94.395     7.8881   3.635202    -0.0378     2.5389     0.2789     93.500     93.500    35.2173    294.340     99.754 0.0000e+00
       5000     94.900     7.8881   3.635247    -0.0337     2.5374     0.2815     94.000     94.000    35.2175    294.108     99.675 0.0000e+00
       5024     95.405     7.8888   3.635313    -0.0332     2.5357     0.2813     94.500     94.500    35.2173    293.967     99.629 0.0000e+00
       5053     95.910     7.8891   3.635388    -0.0379     2.5341     0.2740     95.001     95.000    35.2175    293.845     99.588 0.0000e+00
       5079     96.415     7.8903   3.635523    -0.0399     2.5327     0.2765     95.500     95.500    35.2175    293.749     99.558 0.0000e+00
       5101     96.920     7.8903   3.635614    -0.0340     2.5324     0.2844     96.000     96.000    35.2182    294.101     99.678 0.0000e+00
       5123     97.425     7.8894   3.635597    -0.0331     2.5335     0.2940     96.500     96.500    35.2187    294.426     99.786 0.0000e+00
       5146     97.930     7.8890   3.635486    -0.0359     2.5339     0.2980     97.000     97.000    35.2177    294.196     99.707 0.0000e+00
       5172     98.435     7.8879   3.635517    -0.0430     2.5333     0.3021     97.500     97.500    35.2189    294.108     99.675 0.0000e+00
       5195     98.940     7.8865   3.635313    -0.0388     2.5333     0.3034     98.000     98.000    35.2179    294.233     99.714 0.0000e+00
       5217     99.444     7.8853   3.635269    -0.0452     2.5335     0.3029     98.500     98.500    35.2184    294.373     99.759 0.0000e+00
       5239     99.949     7.8801   3.634939    -0.0475     2.5340     0.3151     99.000     99.000    35.2198    294.587     99.821 0.0000e+00
       5264    100.454     7.8797   3.634615    -0.0395     2.5345     0.3398     99.500     99.500    35.2164    294.284     99.715 0.0000e+00
       5289    100.959     7.8793   3.634589    -0.0348     2.5323     0.3540    100.000    100.000    35.2164    293.456     99.434 0.0000e+00
       5312    101.464     7.8792   3.634596    -0.0406     2.5299     0.3621    100.500    100.500    35.2162    293.365     99.403 0.0000e+00
       5335    101.969     7.8794   3.634637    -0.0408     2.5287     0.3671    101.000    101.000    35.2162    293.408     99.418 0.0000e+00
       5358    102.474     7.8805   3.634739    -0.0339     2.5279     0.3701    101.500    101.500    35.2160    293.465     99.439 0.0000e+00
       5379    102.979     7.8811   3.634877    -0.0327     2.5280     0.3768    102.000    102.000    35.2165    293.788     99.550 0.0000e+00
       5401    103.484     7.8825   3.635002    -0.0324     2.5286     0.3748    102.500    102.500    35.2163    293.909     99.594 0.0000e+00
       5427    103.989     7.8860   3.635370    -0.0324     2.5291     0.3796    103.000    103.000    35.2165    293.899     99.599 0.0000e+00
       5453    104.494     7.8884   3.635803    -0.0324     2.5296     0.3820    103.500    103.500    35.2184    294.115     99.679 0.0000e+00
       5477    104.999     7.8934   3.636263    -0.0324     2.5310     0.3835    104.000    104.000    35.2182    294.621     99.861 0.0000e+00
       5499    105.504     7.8976   3.637155    -0.0324     2.5331     0.3896    104.500    104.500    35.2233    294.782     99.929 0.0000e+00
       5522    106.008     7.8998   3.637611    -0.0324     2.5339     0.3894    105.000    105.000    35.2258    294.585     99.868 0.0000e+00
       5545    106.513     7.9010   3.637926    -0.0324     2.5341     0.3885    105.500    105.500    35.2276    294.354     99.794 0.0000e+00
       5566    107.018     7.9017   3.638078    -0.0324     2.5330     0.3919    106.000    106.000    35.2283    293.937     99.654 0.0000e+00
       5588    107.523     7.9024   3.638205    -0.0325     2.5318     0.3974    106.500    106.500    35.2288    294.150     99.729 0.0000e+00
       5612    108.028     7.9026   3.638282    -0.0330     2.5330     0.3975    107.000    107.000    35.2291    294.816     99.955 0.0000e+00
       5640    108.533     7.9026   3.638314    -0.0379     2.5350     0.3904    107.500    107.500    35.2292    294.914     99.988 0.0000e+00
       5665    109.038     7.9028   3.638360    -0.0400     2.5347     0.3948    108.000    108.000    35.2293    294.541     99.862 0.0000e+00
       5686    109.543     7.9034   3.638441    -0.0341     2.5345     0.4006    108.500    108.500    35.2293    294.552     99.868 0.0000e+00
       5705    110.048     7.9040   3.638565    -0.0327     2.5342     0.3978    109.000    109.000    35.2298    294.525     99.860 0.0000e+00
       5727    110.553     7.9042   3.638633    -0.0325     2.5341     0.3949    109.500    109.500    35.2301    294.651     99.904 0.0000e+00
       5756    111.058     7.9045   3.638673    -0.0324     2.5347     0.3865    110.000    110.000    35.2300    294.874     99.980 0.0000e+00
       5784    111.563     7.9048   3.638732    -0.0327     2.5352     0.3777    110.500    110.500    35.2301    294.766     99.944 0.0000e+00
       5805    112.068     7.9053   3.638823    -0.0341     2.5346     0.3861    111.000    111.000    35.2303    294.726     99.931 0.0000e+00
