Data/CTD_08.cnv
* Sea-Bird SBE 9 Data File:
* FileName = C:\Users\ctd-user\Desktop\CTD_data\OC4920\CTD_08.hex
* Software Version Seasave V 7.26.2.13
* Temperature SN = 6313
* Conductivity SN = 4758
* Number of Bytes Per Scan = 28
* Number of Voltage Words = 3
* Number of Scans Averaged by the Deck Unit = 1
* NMEA Latitude = 57 53.87 N
* NMEA Longitude = 010 46.83 E
* NMEA UTC (Time) = May 07 2025 10:06:26
** Station: test
** Operator: Operator 1
** Ship: 7720 Skagerak
** Cruise: 7720-2025-01
** Latitude [GG MM.mm N]:
** Longitude [GG MM.mm E]:
** Pumps: PrimaryPump: 1820 # SecondaryPump:
** EventIDs: EventID: 3decf26d-821b-4112-8042-a2c98b568458 # ParentEventID:
** Additional Sampling:
** Metadata admin: MPROG: Other # PROJ: Other # ORDERER: GU # SLABO: GU # ALABO: GU # REFSK: ingen
** Metadata conditions: WADEP: 10 # WINSP: 1 # WINDIR: 02 # AIRPRES: 1000 # AIRTEMP: 1 # WEATH: 9 # CLOUD: 9 # WAVES: 9 # ICEOB: 9 # COMNT_VISIT:
** LIMS Job:
# nquan = 13                                
# nvalues = 7186                        
# units = specified
# name 0 = scan: Scan Count
# name 1 = prDM: Pressure, Digiquartz [db]
# name 2 = t090C: Temperature [ITS-90, deg C]
# name 3 = c0S/m: Conductivity [S/m]
# name 4 = flECO-AFL: Fluorescence, WET Labs ECO-AFL/FL [mg/m^3]
# name 5 = sbeox0V: Oxygen raw, SBE 43 [V]
# name 6 = turbWETntu0: Turbidity, WET Labs ECO [NTU]
# name 7 = depSM: Depth [salt water, m]
# name 8 = depSM: Depth [salt water, m], lat = 57.8978
# name 9 = sal00: Salinity, Practical [PSU]
# name 10 = sbeox0Mm/L: Oxygen, SBE 43 [umol/l], WS = 2
# name 11 = sbeox0PS: Oxygen, SBE 43 [% saturation], WS = 2
# name 12 = flag: flag
# span 0 =          1,       7186       
# span 1 =     -1.153,    138.085       
# span 2 =     7.8790,    10.4366       
# span 3 =   3.375925,   3.686232       
# span 4 =    -0.0497,     5.4174       
# span 5 =     2.5241,     2.8335       
# span 6 =     0.1633,     0.4456       
# span 7 =     -1.142,    136.761       
# span 8 =     -1.142,    136.761       
# span 9 =    30.2689,    35.3157       
# span 10 =    293.279,    330.988      
# span 11 =     99.373,    113.910      
# span 12 = 0.0000e+00, 0.0000e+00      
# interval = seconds: 0.0416667
# start_time = May 07 2025 10:06:26 [NMEA time, header]
# bad_flag = -9.990e-29
*END*
[from data line 6334]
       6335    123.519     7.9075   3.639692    -0.0398     2.5319     0.4108    122.339    122.339    35.2318    294.818     99.968 0.0000e+00
       6336    123.543     7.9076   3.639651    -0.0401     2.5319     0.4111    122.363    122.363    35.2312    294.815     99.968 0.0000e+00
       6337    123.566     7.9075   3.639686    -0.0403     2.5319     0.4114    122.386    122.385    35.2317    294.811     99.966 0.0000e+00
       6338    123.589     7.9076   3.639705    -0.0405     2.5319     0.4118    122.409    122.408    35.2318    294.806     99.965 0.0000e+00
       6339    123.613     7.9076   3.639705    -0.0406     2.5318     0.4121    122.432    122.432    35.2318    294.785     99.958 0.0000e+00
       6340    123.638     7.9075   3.639692    -0.0407     2.5318     0.4124    122.457    122.457    35.2317    294.777     99.955 0.0000e+00
       6341    123.663     7.9075   3.639674    -0.0408     2.5318     0.4127    122.482    122.481    35.2315    294.767     99.951 0.0000e+00
       6342    123.687     7.9076   3.639693    -0.0408     2.5318     0.4130    122.505    122.505    35.2316    294.755     99.947 0.0000e+00
       6343    123.711     7.9076   3.639705    -0.0407     2.5318     0.4134    122.529    122.529    35.2317    294.742     99.943 0.0000e+00
       6344    123.738     7.9076   3.639651    -0.0405     2.5319     0.4137    122.555    122.556    35.2311    294.743     99.943 0.0000e+00
       6345    123.764     7.9080   3.639676    -0.0403     2.5320     0.4141    122.581    122.581    35.2310    294.741     99.943 0.0000e+00
       6346    123.788     7.9081   3.639677    -0.0400     2.5321     0.4145    122.605    122.605    35.2309    294.742     99.944 0.0000e+00
       6347    123.813     7.9078   3.639675    -0.0397     2.5322     0.4149    122.630    122.630    35.2312    294.744     99.944 0.0000e+00
       6348    123.839     7.9081   3.639695    -0.0393     2.5322     0.4153    122.656    122.656    35.2311    294.729     99.939 0.0000e+00
       6349    123.865     7.9078   3.639705    -0.0387     2.5322     0.4157    122.682    122.681    35.2315    294.718     99.935 0.0000e+00
       6350    123.890     7.9080   3.639694    -0.0381     2.5322     0.4162    122.707    122.706    35.2311    294.705     99.931 0.0000e+00
       6351    123.915     7.9080   3.639652    -0.0375     2.5322     0.4165    122.731    122.731    35.2307    294.692     99.926 0.0000e+00
       6352    123.940     7.9078   3.639663    -0.0367     2.5322     0.4169    122.755    122.756    35.2310    294.680     99.922 0.0000e+00
       6353    123.965     7.9079   3.639694    -0.0358     2.5322     0.4173    122.780    122.780    35.2312    294.666     99.918 0.0000e+00
       6354    123.989     7.9076   3.639705    -0.0348     2.5321     0.4178    122.804    122.804    35.2316    294.640     99.908 0.0000e+00
       6355    124.014     7.9076   3.639729    -0.0338     2.5321     0.4183    122.828    122.829    35.2318    294.625     99.904 0.0000e+00
       6356    124.039     7.9075   3.639722    -0.0327     2.5320     0.4188    122.854    122.854    35.2319    294.598     99.894 0.0000e+00
       6357    124.064     7.9076   3.639705    -0.0315     2.5320     0.4193    122.878    122.878    35.2316    294.585     99.890 0.0000e+00
       6358    124.089     7.9073   3.639752    -0.0303     2.5319     0.4199    122.903    122.903    35.2324    294.558     99.881 0.0000e+00
       6359    124.114     7.9071   3.639715    -0.0292     2.5319     0.4204    122.928    122.928    35.2322    294.549     99.877 0.0000e+00
       6360    124.140     7.9070   3.639750    -0.0282     2.5318     0.4208    122.953    122.954    35.2326    294.524     99.868 0.0000e+00
       6361    124.167     7.9073   3.639752    -0.0273     2.5317     0.4212    122.980    122.980    35.2323    294.498     99.860 0.0000e+00
       6362    124.193     7.9071   3.639715    -0.0265     2.5316     0.4216    123.006    123.006    35.2321    294.477     99.852 0.0000e+00
       6363    124.218     7.9073   3.639752    -0.0258     2.5315     0.4219    123.031    123.031    35.2323    294.452     99.844 0.0000e+00
       6364    124.242     7.9073   3.639770    -0.0252     2.5314     0.4222    123.055    123.055    35.2325    294.425     99.835 0.0000e+00
       6365    124.266     7.9073   3.639716    -0.0246     2.5313     0.4224    123.079    123.078    35.2319    294.400     99.826 0.0000e+00
       6366    124.289     7.9073   3.639716    -0.0241     2.5313     0.4226    123.102    123.101    35.2319    294.387     99.822 0.0000e+00
       6367    124.312     7.9073   3.639734    -0.0237     2.5312     0.4228    123.124    123.124    35.2321    294.359     99.813 0.0000e+00
       6368    124.336     7.9071   3.639685    -0.0234     2.5312     0.4229    123.148    123.148    35.2317    294.349     99.809 0.0000e+00
       6369    124.360     7.9075   3.639644    -0.0231     2.5312     0.4229    123.172    123.172    35.2309    294.339     99.806 0.0000e+00
       6370    124.385     7.9073   3.639710    -0.0229     2.5312     0.4230    123.196    123.196    35.2318    294.331     99.803 0.0000e+00
       6371    124.408     7.9073   3.639710    -0.0227     2.5312     0.4230    123.219    123.219    35.2318    294.326     99.801 0.0000e+00
       6372    124.432     7.9075   3.639740    -0.0226     2.5312     0.4229    123.243    123.243    35.2319    294.324     99.801 0.0000e+00
       6373    124.457     7.9076   3.639663    -0.0226     2.5312     0.4228    123.267    123.268    35.2309    294.325     99.801 0.0000e+00
       6374    124.482     7.9071   3.639685    -0.0226     2.5311     0.4227    123.292    123.292    35.2316    294.314     99.797 0.0000e+00
       6375    124.506     7.9075   3.639680    -0.0226     2.5310     0.4225    123.316    123.316    35.2312    294.299     99.792 0.0000e+00
       6376    124.530     7.9075   3.639674    -0.0228     2.5309     0.4222    123.340    123.340    35.2311    294.287     99.788 0.0000e+00
       6377    124.555     7.9079   3.639688    -0.0230     2.5308     0.4219    123.365    123.365    35.2308    294.273     99.784 0.0000e+00
       6378    124.579     7.9080   3.639700    -0.0232     2.5306     0.4215    123.388    123.388    35.2309    294.245     99.775 0.0000e+00
       6379    124.603     7.9081   3.639707    -0.0236     2.5305     0.4211    123.412    123.412    35.2308    294.233     99.771 0.0000e+00
       6380    124.626     7.9080   3.639706    -0.0239     2.5305     0.4207    123.435    123.435    35.2309    294.238     99.772 0.0000e+00
       6381    124.649     7.9080   3.639706    -0.0244     2.5304     0.4202    123.458    123.458    35.2309    294.226     99.768 0.0000e+00
       6382    124.673     7.9080   3.639706    -0.0249     2.5304     0.4196    123.481    123.481    35.2309    294.229     99.769 0.0000e+00
       6383    124.695     7.9078   3.639717    -0.0255     2.5305     0.4190    123.503    123.503    35.2312    294.245     99.775 0.0000e+00
       6384    124.717     7.9076   3.639735    -0.0260     2.5305     0.4184    123.524    123.525    35.2316    294.247     99.775 0.0000e+00
       6385    124.738     7.9076   3.639711    -0.0265     2.5305     0.4178    123.545    123.546    35.2313    294.248     99.775 0.0000e+00
       6386    124.758     7.9076   3.639705    -0.0270     2.5305     0.4172    123.565    123.566    35.2312    294.246     99.775 0.0000e+00
       6387    124.778     7.9078   3.639729    -0.0274     2.5304     0.4167    123.585    123.585    35.2313    294.227     99.769 0.0000e+00
       6388    124.799     7.9076   3.639747    -0.0278     2.5303     0.4162    123.606    123.606    35.2317    294.209     99.762 0.0000e+00
       6389    124.821     7.9076   3.639765    -0.0282     2.5302     0.4158    123.628    123.628    35.2318    294.188     99.755 0.0000e+00
       6390    124.844     7.9076   3.639771    -0.0285     2.5301     0.4153    123.650    123.651    35.2319    294.168     99.749 0.0000e+00
       6391    124.865     7.9078   3.639771    -0.0289     2.5300     0.4149    123.672    123.672    35.2317    294.147     99.742 0.0000e+00
       6392    124.887     7.9078   3.639771    -0.0291     2.5300     0.4145    123.693    123.693    35.2317    294.143     99.740 0.0000e+00
       6393    124.908     7.9076   3.639753    -0.0294     2.5300     0.4140    123.713    123.714    35.2317    294.143     99.740 0.0000e+00
       6394    124.929     7.9076   3.639765    -0.0296     2.5299     0.4137    123.734    123.735    35.2318    294.130     99.736 0.0000e+00
       6395    124.949     7.9076   3.639747    -0.0299     2.5299     0.4133    123.755    123.755    35.2316    294.134     99.737 0.0000e+00
       6396    124.970     7.9075   3.639758    -0.0301     2.5299     0.4129    123.775    123.775    35.2318    294.139     99.739 0.0000e+00
       6397    124.991     7.9076   3.639747    -0.0302     2.5299     0.4126    123.796    123.796    35.2316    294.146     99.741 0.0000e+00
       6398    125.013     7.9076   3.639741    -0.0304     2.5298     0.4122    123.818    123.818    35.2315    294.139     99.738 0.0000e+00
       6399    125.033     7.9076   3.639723    -0.0306     2.5298     0.4118    123.838    123.838    35.2313    294.146     99.741 0.0000e+00
       6400    125.053     7.9076   3.639759    -0.0307     2.5297     0.4114    123.858    123.858    35.2317    294.136     99.738 0.0000e+00
       6401    125.073     7.9076   3.639747    -0.0309     2.5296     0.4111    123.877    123.877    35.2315    294.126     99.734 0.0000e+00
       6402    125.092     7.9076   3.639759    -0.0310     2.5295     0.4107    123.896    123.896    35.2316    294.113     99.730 0.0000e+00
       6403    125.112     7.9078   3.639771    -0.0311     2.5295     0.4103    123.916    123.916    35.2316    294.110     99.729 0.0000e+00
       6404    125.131     7.9076   3.639783    -0.0312     2.5295     0.4100    123.935    123.935    35.2319    294.108     99.728 0.0000e+00
       6405    125.149     7.9078   3.639795    -0.0313     2.5294     0.4096    123.953    123.953    35.2318    294.089     99.722 0.0000e+00
       6406    125.166     7.9078   3.639753    -0.0314     2.5293     0.4092    123.970    123.970    35.2313    294.070     99.716 0.0000e+00
       6407    125.185     7.9076   3.639741    -0.0315     2.5292     0.4088    123.989    123.988    35.2314    294.054     99.710 0.0000e+00
       6408    125.204     7.9078   3.639759    -0.0315     2.5291     0.4083    124.007    124.007    35.2314    294.039     99.705 0.0000e+00
       6409    125.223     7.9076   3.639735    -0.0316     2.5290     0.4079    124.026    124.026    35.2313    294.028     99.701 0.0000e+00
       6410    125.241     7.9075   3.639758    -0.0317     2.5289     0.4074    124.044    124.044    35.2317    294.017     99.697 0.0000e+00
       6411    125.259     7.9076   3.639771    -0.0317     2.5288     0.4070    124.062    124.062    35.2317    294.008     99.694 0.0000e+00
       6412    125.277     7.9075   3.639770    -0.0318     2.5287     0.4066    124.079    124.079    35.2318    293.998     99.691 0.0000e+00
       6413    125.295     7.9075   3.639746    -0.0318     2.5286     0.4063    124.098    124.097    35.2315    293.985     99.686 0.0000e+00
       6414    125.314     7.9076   3.639758    -0.0319     2.5286     0.4060    124.116    124.116    35.2315    293.984     99.686 0.0000e+00
       6415    125.333     7.9076   3.639734    -0.0319     2.5285     0.4056    124.136    124.135    35.2313    293.968     99.680 0.0000e+00
       6416    125.354     7.9078   3.639759    -0.0320     2.5286     0.4053    124.156    124.156    35.2313    293.979     99.684 0.0000e+00
       6417    125.373     7.9075   3.639770    -0.0320     2.5286     0.4050    124.175    124.175    35.2317    293.980     99.684 0.0000e+00
       6418    125.390     7.9076   3.639746    -0.0320     2.5287     0.4047    124.192    124.191    35.2314    293.997     99.690 0.0000e+00
       6419    125.409     7.9078   3.639759    -0.0321     2.5287     0.4044    124.210    124.210    35.2313    294.001     99.692 0.0000e+00
       6420    125.427     7.9076   3.639752    -0.0321     2.5287     0.4041    124.228    124.228    35.2314    294.011     99.695 0.0000e+00
       6421    125.446     7.9075   3.639740    -0.0321     2.5287     0.4039    124.247    124.247    35.2314    294.021     99.698 0.0000e+00
       6422    125.464     7.9076   3.639758    -0.0321     2.5286     0.4036    124.265    124.265    35.2314    294.019     99.698 0.0000e+00
       6423    125.483     7.9078   3.639747    -0.0322     2.5286     0.4034    124.284    124.283    35.2311    294.031     99.702 0.0000e+00
       6424    125.503     7.9076   3.639782    -0.0322     2.5285     0.4032    124.303    124.303    35.2317    294.029     99.701 0.0000e+00
       6425    125.523     7.9075   3.639764    -0.0322     2.5284     0.4029    124.323    124.323    35.2316    294.026     99.700 0.0000e+00
       6426    125.543     7.9078   3.639765    -0.0322     2.5283     0.4027    124.343    124.343    35.2313    294.017     99.697 0.0000e+00
       6427    125.561     7.9076   3.639770    -0.0322     2.5282     0.4025    124.361    124.361    35.2315    294.009     99.694 0.0000e+00
       6428    125.581     7.9076   3.639770    -0.0322     2.5281     0.4022    124.380    124.380    35.2315    294.001     99.692 0.0000e+00
       6429    125.600     7.9076   3.639788    -0.0323     2.5280     0.4020    124.400    124.399    35.2317    293.994     99.689 0.0000e+00
       6430    125.619     7.9075   3.639752    -0.0323     2.5279     0.4018    124.418    124.418    35.2314    293.989     99.687 0.0000e+00
       6431    125.638     7.9076   3.639776    -0.0323     2.5279     0.4015    124.437    124.437    35.2316    293.997     99.690 0.0000e+00
       6432    125.658     7.9075   3.639770    -0.0323     2.5279     0.4013    124.457    124.457    35.2316    294.006     99.693 0.0000e+00
       6433    125.678     7.9076   3.639788    -0.0323     2.5279     0.4010    124.477    124.477    35.2317    294.016     99.697 0.0000e+00
       6434    125.699     7.9076   3.639776    -0.0323     2.5279     0.4008    124.497    124.497    35.2315    294.025     99.700 0.0000e+00
       6435    125.719     7.9076   3.639770    -0.0323     2.5279     0.4006    124.517    124.517    35.2315    294.034     99.703 0.0000e+00
       6436    125.738     7.9080   3.639754    -0.0323     2.5278     0.4004    124.536    124.536    35.2309    294.026     99.701 0.0000e+00
       6437    125.758     7.9076   3.639764    -0.0323     2.5276     0.4003    124.556    124.556    35.2314    294.006     99.693 0.0000e+00
       6438    125.777     7.9080   3.639772    -0.0324     2.5275     0.4002    124.575    124.575    35.2310    293.997     99.691 0.0000e+00
       6439    125.798     7.9079   3.639790    -0.0324     2.5274     0.4001    124.595    124.595    35.2313    293.991     99.689 0.0000e+00
       6440    125.819     7.9080   3.639778    -0.0324     2.5274     0.4000    124.616    124.616    35.2311    294.000     99.692 0.0000e+00
       6441    125.841     7.9076   3.639782    -0.0324     2.5274     0.3999    124.638    124.638    35.2315    294.016     99.697 0.0000e+00
       6442    125.863     7.9081   3.639754    -0.0324     2.5275     0.3999    124.660    124.660    35.2307    294.044     99.707 0.0000e+00
       6443    125.886     7.9078   3.639783    -0.0324     2.5276     0.3999    124.683    124.682    35.2313    294.079     99.718 0.0000e+00
       6444    125.908     7.9078   3.639777    -0.0324     2.5277     0.3999    124.705    124.704    35.2312    294.115     99.731 0.0000e+00
