Data/CTD_09_avg.cnv
* Sea-Bird SBE 9 Data File:
* FileName = C:\Users\ctd-user\Desktop\CTD_data\OC4920\CTD_09.hex
* Software Version Seasave V 7.26.2.13
* Temperature SN = 6313
* Conductivity SN = 4758
* Number of Bytes Per Scan = 28
* Number of Voltage Words = 3
* Number of Scans Averaged by the Deck Unit = 1
* NMEA Latitude = 57 52.85 N
* NMEA Longitude = 010 46.74 E
* NMEA UTC (Time) = May 07 2025 10:44:48
** Station: test
** Operator: Operator 1
** Ship: 7720 Skagerak
** Cruise: 7720-2025-01
** Latitude [GG MM.mm N]:
** Longitude [GG MM.mm E]:
** Pumps: PrimaryPump: 1820 # SecondaryPump:
** EventIDs: EventID: 3decf26d-821b-4112-8042-a2c98b568458 # ParentEventID:
** Additional Sampling:
** Metadata admin: MPROG: Other # PROJ: Other # ORDERER: GU # SLABO: GU # ALABO: GU # REFSK: ingen
** Metadata conditions: WADEP: 10 # WINSP: 1 # WINDIR: 02 # AIRPRES: 1000 # AIRTEMP: 1 # WEATH: 9 # CLOUD: 9 # WAVES: 9 # ICEOB: 9 # COMNT_VISIT:
** LIMS Job:
# nquan = 13
# nvalues = 239                         
# units = specified
# name 0 = scan: Scan Count
# name 1 = prDM: Pressure, Digiquartz [db]
# name 2 = t090C: Temperature [ITS-90, deg C]
# name 3 = c0S/m: Conductivity [S/m]
# name 4 = flECO-AFL: Fluorescence, WET Labs ECO-AFL/FL [mg/m^3]
# name 5 = sbeox0V: Oxygen raw, SBE 43 [V]
# name 6 = turbWETntu0: Turbidity, WET Labs ECO [NTU]
# name 7 = depSM: Depth [salt water, m]
# name 8 = depSM: Depth [salt water, m], lat = 57.8808
# name 9 = sal00: Salinity, Practical [PSU]
# name 10 = sbeox0Mm/L: Oxygen, SBE 43 [umol/l], WS = 2
# name 11 = sbeox0PS: Oxygen, SBE 43 [% saturation], WS = 2
# name 12 = flag: flag
# span 0 =          8,       8951       
# span 1 =      4.037,    124.187       
# span 2 =     7.7743,     9.7811       
# span 3 =   3.412967,   3.690767       
# span 4 =    -0.0504,     8.4765       
# span 5 =     2.2292,     2.9289       
# span 6 =     0.1677,     0.3401       
# span 7 =      4.000,    123.000       
# span 8 =      4.000,    123.000       
# span 9 =    31.1650,    35.2857       
# span 10 =    247.583,    347.382      
# span 11 =     84.924,    119.713      
# span 12 = 0.0000e+00, 0.0000e+00      
# interval = meters: 0.5                
# start_time = May 07 2025 10:44:48 [NMEA time, header]
# bad_flag = -9.990e-29
*END*
          8      4.037     9.7811   3.412967     2.2189     2.4443     0.2657      4.000      4.000    31.1650    272.972     93.990 0.0000e+00
         26      4.542     9.6153   3.413153     2.2071     2.4144     0.2579      4.500      4.500    31.3107    263.399     90.449 0.0000e+00
         47      5.047     9.5298   3.415335     2.3294     2.3766     0.2536      5.000      5.000    31.4073    253.816     87.048 0.0000e+00
         75      5.551     9.4914   3.417248     2.7434     2.3291     0.2608      5.500      5.500    31.4603    247.749     84.924 0.0000e+00
        983      6.056     9.4406   3.550656     2.6502     2.2292     0.2415      6.000      6.000    32.8723    247.583     85.552 0.0000e+00
       3320      6.561     9.5373   3.499185     2.1391     2.6647     0.2601      6.500      6.500    32.2570    304.733    105.100 0.0000e+00
       3316      7.066     9.4743   3.530616     2.3335     2.6695     0.2640      7.000      7.000    32.6361    307.350    106.115 0.0000e+00
       3338      7.570     9.4427   3.544302     2.5559     2.6866     0.2699      7.500      7.500    32.8054    311.480    107.583 0.0000e+00
       3364      8.075     9.4070   3.550030     3.2834     2.7152     0.2749      8.000      8.000    32.8969    318.671    110.045 0.0000e+00
       3390      8.580     9.3358   3.557831     3.3726     2.7601     0.2693      8.500      8.500    33.0428    329.312    113.648 0.0000e+00
       3412      9.084     9.2607   3.569092     3.3043     2.8128     0.2690      9.000      9.000    33.2286    338.992    116.935 0.0000e+00
       3433      9.589     9.1240   3.585472     3.6146     2.8638     0.2714      9.500      9.500    33.5265    345.324    118.989 0.0000e+00
       3455     10.094     8.9501   3.628536     4.2158     2.9054     0.2721     10.000     10.000    34.1409    347.382    119.713 0.0000e+00
       3477     10.598     8.8914   3.644309     5.0252     2.9289     0.2723     10.500     10.500    34.3627    341.925    117.849 0.0000e+00
       3501     11.103     8.7975   3.654653     6.2436     2.9094     0.2777     11.000     11.000    34.5625    330.231    113.729 0.0000e+00
       3525     11.608     8.7036   3.655672     7.8823     2.8692     0.2893     11.500     11.500    34.6649    323.340    111.197 0.0000e+00
       3549     12.112     8.6788   3.653510     8.4765     2.8320     0.2817     12.000     12.000    34.6661    319.602    109.852 0.0000e+00
       3572     12.617     8.6501   3.655693     6.7834     2.8032     0.2618     12.500     12.500    34.7171    317.426    109.071 0.0000e+00
       3594     13.122     8.6399   3.654774     5.2482     2.7806     0.2510     13.000     13.000    34.7172    315.127    108.256 0.0000e+00
       3615     13.627     8.6036   3.655414     4.1665     2.7585     0.2425     13.500     13.500    34.7594    311.994    107.123 0.0000e+00
       3638     14.131     8.5391   3.653079     3.3110     2.7345     0.2348     14.000     14.000    34.7981    308.940    105.949 0.0000e+00
       3661     14.636     8.4705   3.648537     2.5626     2.7107     0.2266     14.500     14.500    34.8174    306.596    104.997 0.0000e+00
       3684     15.141     8.4155   3.644581     1.9820     2.6899     0.2186     15.000     15.000    34.8295    305.445    104.483 0.0000e+00
       3708     15.645     8.3921   3.640714     1.5505     2.6753     0.2092     15.500     15.500    34.8112    305.233    104.344 0.0000e+00
       3732     16.150     8.3894   3.641476     1.2053     2.6661     0.1994     16.000     16.000    34.8218    304.994    104.263 0.0000e+00
       3755     16.655     8.3915   3.644306     1.0734     2.6589     0.1967     16.500     16.500    34.8496    304.141    103.995 0.0000e+00
       3777     17.160     8.3850   3.646595     1.1003     2.6526     0.1965     17.000     17.000    34.8802    303.412    103.751 0.0000e+00
       3798     17.664     8.3549   3.647247     1.1370     2.6474     0.1967     17.500     17.500    34.9167    303.595    103.769 0.0000e+00
       3821     18.169     8.3281   3.645636     1.1379     2.6466     0.1959     18.000     18.000    34.9259    305.161    104.248 0.0000e+00
       3846     18.674     8.3328   3.647314     1.0530     2.6505     0.1954     18.500     18.500    34.9389    306.384    104.686 0.0000e+00
       3870     19.178     8.3598   3.650766     0.9347     2.6554     0.1912     19.000     19.000    34.9486    306.607    104.832 0.0000e+00
       3894     19.683     8.3797   3.656674     0.8915     2.6567     0.1883     19.500     19.500    34.9916    305.537    104.542 0.0000e+00
       3916     20.188     8.3458   3.658679     0.9161     2.6547     0.1880     20.000     20.000    35.0465    304.887    104.277 0.0000e+00
       3938     20.693     8.3225   3.655989     0.8919     2.6523     0.1880     20.500     20.500    35.0408    304.666    104.144 0.0000e+00
       3960     21.197     8.3103   3.654480     0.7777     2.6493     0.1863     21.000     21.000    35.0365    304.070    103.909 0.0000e+00
       3984     21.702     8.2932   3.653455     0.7008     2.6453     0.1812     21.500     21.500    35.0424    304.012    103.853 0.0000e+00
       4007     22.207     8.2820   3.652495     0.6526     2.6446     0.1802     22.000     22.000    35.0431    305.062    104.186 0.0000e+00
       4028     22.711     8.3059   3.655481     0.6291     2.6476     0.1802     22.500     22.500    35.0508    306.039    104.581 0.0000e+00
       4052     23.216     8.3261   3.661068     0.6053     2.6521     0.1798     23.000     23.000    35.0901    306.499    104.812 0.0000e+00
       4078     23.721     8.3338   3.664005     0.5597     2.6556     0.1797     23.500     23.500    35.1135    306.068    104.699 0.0000e+00
       4101     24.226     8.3473   3.665936     0.4993     2.6548     0.1794     24.000     24.000    35.1204    305.237    104.451 0.0000e+00
       4121     24.730     8.3544   3.667933     0.4518     2.6536     0.1761     24.500     24.500    35.1344    305.111    104.434 0.0000e+00
       4144     25.235     8.3577   3.668663     0.4090     2.6533     0.1728     25.000     25.000    35.1385    305.400    104.543 0.0000e+00
       4170     25.740     8.3557   3.669180     0.3760     2.6543     0.1746     25.500     25.500    35.1459    305.302    104.510 0.0000e+00
       4193     26.245     8.3532   3.668952     0.3597     2.6516     0.1738     26.000     26.000    35.1457    303.742    103.970 0.0000e+00
       4213     26.749     8.3897   3.670602     0.3395     2.6462     0.1677     26.500     26.500    35.1265    302.446    103.598 0.0000e+00
       4233     27.254     8.4100   3.676380     0.3320     2.6411     0.1695     27.000     27.000    35.1676    301.622    103.390 0.0000e+00
       4256     27.759     8.4278   3.678647     0.3510     2.6362     0.1704     27.500     27.500    35.1737    301.009    103.225 0.0000e+00
       4281     28.264     8.4498   3.682051     0.3461     2.6306     0.1707     28.000     28.000    35.1877    300.179    103.000 0.0000e+00
       4307     28.768     8.4593   3.683912     0.3403     2.6262     0.1710     28.500     28.500    35.1977    299.727    102.873 0.0000e+00
       4331     29.273     8.4705   3.684936     0.3524     2.6228     0.1710     29.000     29.000    35.1973    299.180    102.711 0.0000e+00
       4353     29.778     8.4864   3.686991     0.3668     2.6187     0.1712     29.500     29.500    35.2030    298.243    102.429 0.0000e+00
       4373     30.282     8.4991   3.688969     0.3664     2.6144     0.1713     30.000     30.000    35.2110    297.389    102.170 0.0000e+00
       4393     30.787     8.4862   3.690767     0.3535     2.6099     0.1714     30.500     30.500    35.2429    296.939    102.008 0.0000e+00
       4416     31.292     8.4503   3.687622     0.3331     2.6062     0.1723     31.000     31.000    35.2450    297.007    101.951 0.0000e+00
       4442     31.797     8.4410   3.685689     0.3067     2.6017     0.1758     31.500     31.500    35.2336    295.927    101.551 0.0000e+00
       4469     32.302     8.4371   3.685536     0.3053     2.5942     0.1720     32.000     32.000    35.2356    294.860    101.177 0.0000e+00
       4490     32.806     8.4577   3.686096     0.3149     2.5900     0.1714     32.500     32.500    35.2207    294.637    101.138 0.0000e+00
       4509     33.311     8.4659   3.689301     0.3081     2.5870     0.1716     33.000     33.000    35.2463    294.188    101.019 0.0000e+00
       4529     33.816     8.4666   3.689692     0.3064     2.5838     0.1715     33.500     33.500    35.2495    293.875    100.915 0.0000e+00
       4551     34.321     8.4694   3.690368     0.2806     2.5813     0.1709     34.000     34.000    35.2537    293.827    100.907 0.0000e+00
       4579     34.825     8.4693   3.690754     0.2119     2.5793     0.1710     34.500     34.500    35.2577    293.827    100.910 0.0000e+00
       4606     35.330     8.4651   3.690761     0.1571     2.5784     0.1707     35.000     35.000    35.2616    293.661    100.846 0.0000e+00
       4628     35.835     8.4536   3.690195     0.1236     2.5762     0.1709     35.500     35.500    35.2669    293.165    100.654 0.0000e+00
       4647     36.340     8.4478   3.689461     0.1095     2.5741     0.1712     36.000     36.000    35.2647    292.835    100.526 0.0000e+00
       4667     36.844     8.4377   3.688783     0.0891     2.5715     0.1711     36.500     36.500    35.2673    292.432    100.367 0.0000e+00
       4690     37.349     8.4207   3.687385     0.0655     2.5681     0.1711     37.000     37.000    35.2692    292.143    100.231 0.0000e+00
       4715     37.854     8.3957   3.685374     0.0549     2.5654     0.1721     37.500     37.500    35.2726    292.105    100.164 0.0000e+00
       4739     38.359     8.3346   3.680884     0.0464     2.5631     0.1768     38.000     38.000    35.2857    292.440    100.151 0.0000e+00
       4761     38.863     8.2590   3.673498     0.0403     2.5618     0.1757     38.500     38.500    35.2826    292.370     99.956 0.0000e+00
       4782     39.368     8.1724   3.664712     0.0334     2.5572     0.1755     39.000     39.000    35.2753    291.975     99.623 0.0000e+00
       4803     39.873     8.1195   3.657365     0.0302     2.5541     0.1785     39.500     39.500    35.2495    292.958     99.823 0.0000e+00
       4828     40.378     8.0025   3.648406     0.0377     2.5556     0.1820     40.000     40.000    35.2708    294.889    100.232 0.0000e+00
       4853     40.882     7.8881   3.633395     0.0344     2.5583     0.1895     40.500     40.500    35.2242    296.150    100.371 0.0000e+00
       4875     41.387     7.8584   3.628014     0.0214     2.5596     0.1969     41.000     41.000    35.1958    296.414    100.375 0.0000e+00
       4897     41.892     7.8325   3.624642     0.0106     2.5605     0.2020     41.500     41.500    35.1853    296.652    100.390 0.0000e+00
       4920     42.397     7.8156   3.622441     0.0118     2.5611     0.2043     42.000     42.000    35.1784    296.786    100.393 0.0000e+00
       4944     42.902     7.8009   3.620641    -0.0008     2.5613     0.2044     42.500     42.500    35.1735    296.751    100.345 0.0000e+00
       4966     43.406     7.7941   3.619949    -0.0022     2.5606     0.2046     43.000     43.000    35.1726    296.486    100.239 0.0000e+00
       4987     43.911     7.7827   3.618809     0.0030     2.5594     0.2045     43.500     43.500    35.1716    296.085    100.077 0.0000e+00
       5009     44.416     7.7784   3.617951     0.0039     2.5565     0.2069     44.000     44.000    35.1663    295.529     99.876 0.0000e+00
       5031     44.921     7.7763   3.617744     0.0035     2.5542     0.2122     44.500     44.500    35.1660    295.296     99.792 0.0000e+00
       5054     45.425     7.7748   3.617646    -0.0004     2.5511     0.2132     45.000     45.000    35.1661    294.890     99.652 0.0000e+00
       5080     45.930     7.7743   3.617564    -0.0111     2.5492     0.2155     45.500     45.500    35.1655    295.184     99.750 0.0000e+00
       5105     46.435     7.7783   3.617847    -0.0138     2.5492     0.2201     46.000     46.000    35.1643    295.452     99.849 0.0000e+00
       5127     46.940     7.7779   3.618326    -0.0138     2.5493     0.2211     46.500     46.500    35.1697    295.471     99.857 0.0000e+00
       5146     47.445     7.7779   3.618173    -0.0126     2.5496     0.2215     47.000     47.000    35.1677    295.575     99.891 0.0000e+00
       5168     47.949     7.7788   3.618425    -0.0062     2.5497     0.2212     47.500     47.500    35.1693    295.496     99.868 0.0000e+00
       5193     48.454     7.7779   3.618358    -0.0070     2.5495     0.2215     48.000     48.000    35.1693    295.493     99.865 0.0000e+00
       5217     48.959     7.7793   3.618568    -0.0119     2.5495     0.2253     48.500     48.500    35.1699    295.430     99.847 0.0000e+00
       5238     49.464     7.7798   3.618687    -0.0082     2.5488     0.2285     49.000     49.000    35.1704    295.036     99.715 0.0000e+00
       5259     49.969     7.7821   3.618883    -0.0036     2.5473     0.2278     49.500     49.500    35.1699    294.940     99.687 0.0000e+00
       5283     50.473     7.7875   3.619473    -0.0116     2.5470     0.2231     50.000     50.000    35.1706    295.200     99.788 0.0000e+00
       5309     50.978     7.7901   3.619950    -0.0177     2.5478     0.2233     50.500     50.500    35.1729    295.531     99.907 0.0000e+00
       5332     51.483     7.7953   3.620395    -0.0251     2.5487     0.2274     51.000     51.000    35.1722    295.420     99.881 0.0000e+00
       5353     51.988     7.8008   3.621104    -0.0172     2.5480     0.2286     51.500     51.500    35.1741    294.755     99.670 0.0000e+00
       5373     52.493     7.8024   3.621572    -0.0066     2.5458     0.2288     52.000     52.000    35.1773    294.304     99.523 0.0000e+00
       5396     52.997     7.8038   3.622032    -0.0065     2.5441     0.2269     52.500     52.500    35.1806    294.489     99.591 0.0000e+00
       5422     53.502     7.8006   3.621840    -0.0118     2.5441     0.2314     53.000     53.000    35.1815    294.598     99.621 0.0000e+00
       5445     54.007     7.7998   3.621690    -0.0069     2.5428     0.2420     53.500     53.500    35.1804    294.034     99.428 0.0000e+00
       5466     54.512     7.7999   3.621713    -0.0040     2.5410     0.2481     54.000     54.000    35.1803    293.908     99.385 0.0000e+00
       5488     55.017     7.8000   3.621743    -0.0115     2.5401     0.2493     54.500     54.500    35.1803    294.086     99.446 0.0000e+00
       5511     55.521     7.8015   3.621792    -0.0137     2.5398     0.2519     55.000     55.000    35.1791    294.065     99.441 0.0000e+00
       5534     56.026     7.8033   3.622017    -0.0141     2.5396     0.2504     55.500     55.500    35.1794    294.377     99.551 0.0000e+00
       5556     56.531     7.8240   3.623347    -0.0141     2.5409     0.2493     56.000     56.000    35.1727    294.492     99.632 0.0000e+00
       5580     57.036     7.8317   3.625217    -0.0141     2.5413     0.2471     56.500     56.500    35.1849    294.312     99.596 0.0000e+00
       5606     57.541     7.8362   3.625783    -0.0141     2.5414     0.2420     57.000     57.000    35.1862    294.209     99.572 0.0000e+00
       5628     58.045     7.8458   3.626682    -0.0142     2.5412     0.2385     57.500     57.500    35.1859    294.159     99.577 0.0000e+00
       5648     58.550     7.8570   3.627706    -0.0144     2.5414     0.2376     58.000     58.000    35.1855    294.206     99.618 0.0000e+00
       5669     59.055     7.8621   3.628967    -0.0145     2.5415     0.2359     58.500     58.500    35.1937    293.984     99.559 0.0000e+00
       5692     59.560     7.8640   3.629406    -0.0142     2.5404     0.2289     59.000     59.000    35.1962    293.630     99.445 0.0000e+00
