Data/CTD_10_avg.cnv
* Sea-Bird SBE 9 Data File:
* FileName = C:\Users\ctd-user\Desktop\CTD_data\OC4920\CTD_10.hex
* Software Version Seasave V 7.26.2.13
* Temperature SN = 6313
* Conductivity SN = 4758
* Number of Bytes Per Scan = 28
* Number of Voltage Words = 3
* Number of Scans Averaged by the Deck Unit = 1
* NMEA Latitude = 57 51.81 N
* NMEA Longitude = 010 46.60 E
* NMEA UTC (Time) = May 07 2025 11:11:29
** Station: test
** Operator: Operator 1
** Ship: 7720 Skagerak
** Cruise: 7720-2025-01
** Latitude [GG MM.mm N]:
** Longitude [GG MM.mm E]:
** Pumps: PrimaryPump: 1820 # SecondaryPump:
** EventIDs: EventID: 3decf26d-821b-4112-8042-a2c98b568458 # ParentEventID:
** Additional Sampling:
** Metadata admin: MPROG: Other # PROJ: Other # ORDERER: GU # SLABO: GU # ALABO: GU # REFSK: ingen
** Metadata conditions: WADEP: 10 # WINSP: 1 # WINDIR: 02 # AIRPRES: 1000 # AIRTEMP: 1 # WEATH: 9 # CLOUD: 9 # WAVES: 9 # ICEOB: 9 # COMNT_VISIT:
** LIMS Job:
# nquan = 13
# nvalues = 218                         
# units = specified
# name 0 = scan: Scan Count
# name 1 = prDM: Pressure, Digiquartz [db]
# name 2 = t090C: Temperature [ITS-90, deg C]
# name 3 = c0S/m: Conductivity [S/m]
# name 4 = flECO-AFL: Fluorescence, WET Labs ECO-AFL/FL [mg/m^3]
# name 5 = sbeox0V: Oxygen raw, SBE 43 [V]
# name 6 = turbWETntu0: Turbidity, WET Labs ECO [NTU]
# name 7 = depSM: Depth [salt water, m]
# name 8 = depSM: Depth [salt water, m], lat = 57.8635
# name 9 = sal00: Salinity, Practical [PSU]
# name 10 = sbeox0Mm/L: Oxygen, SBE 43 [umol/l], WS = 2
# name 11 = sbeox0PS: Oxygen, SBE 43 [% saturation], WS = 2
# name 12 = flag: flag
# span 0 =         67,       7059       
# span 1 =      0.505,    110.048       
# span 2 =     7.7081,    10.3079       
# span 3 =   3.403102,   3.675885       
# span 4 =    -0.0299,     8.1534       
# span 5 =     2.2796,     2.8943       
# span 6 =     0.1750,     0.3991       
# span 7 =      0.500,    109.000       
# span 8 =      0.500,    109.000       
# span 9 =    30.6823,    35.2189       
# span 10 =    250.991,    339.621      
# span 11 =     87.044,    117.122      
# span 12 = 0.0000e+00, 0.0000e+00      
# interval = meters: 0.5                
# start_time = May 07 2025 11:11:29 [NMEA time, header]
# bad_flag = -9.990e-29
*END*
[from data line 112]
       4386     57.036     7.7965   3.620236     0.0415     2.5524     0.1963     56.500     56.500    35.1665    295.916    100.048 0.0000e+00
       4408     57.541     7.7932   3.620195     0.0458     2.5515     0.1963     57.000     57.000    35.1692    295.824    100.011 0.0000e+00
       4429     58.045     7.7918   3.619896     0.0401     2.5512     0.1995     57.500     57.500    35.1671    295.943    100.047 0.0000e+00
       4451     58.550     7.7912   3.619861     0.0318     2.5510     0.2030     58.000     58.000    35.1671    296.081    100.092 0.0000e+00
       4474     59.055     7.8167   3.620572     0.0330     2.5516     0.2040     58.500     58.500    35.1488    296.116    100.149 0.0000e+00
       4495     59.560     7.8328   3.624657     0.0241     2.5517     0.2063     59.000     59.000    35.1764    295.745    100.078 0.0000e+00
       4517     60.065     7.8339   3.624428     0.0191     2.5512     0.2114     59.500     59.500    35.1726    295.597    100.028 0.0000e+00
       4543     60.569     7.8521   3.626650     0.0085     2.5502     0.2117     60.000     60.000    35.1780    295.100     99.905 0.0000e+00
       4572     61.074     7.8525   3.627540     0.0045     2.5476     0.2061     60.500     60.500    35.1870    294.708     99.778 0.0000e+00
       4596     61.579     7.8475   3.627436     0.0042     2.5470     0.2050     61.000     61.000    35.1906    294.891     99.832 0.0000e+00
       4614     62.084     7.8472   3.627150     0.0042     2.5460     0.2060     61.500     61.500    35.1876    294.557     99.716 0.0000e+00
       4630     62.589     7.8410   3.627150     0.0041     2.5448     0.2088     62.000     62.000    35.1936    294.264     99.607 0.0000e+00
       4649     63.094     7.8345   3.626203     0.0037     2.5429     0.2145     62.500     62.500    35.1897    293.864     99.454 0.0000e+00
       4676     63.598     7.8376   3.626020     0.0033     2.5392     0.2183     63.001     63.000    35.1843    293.478     99.327 0.0000e+00
       4708     64.103     7.8357   3.626228    -0.0035     2.5384     0.2176     63.500     63.500    35.1883    294.322     99.611 0.0000e+00
       4731     64.608     7.8348   3.626275    -0.0123     2.5395     0.2204     64.000     64.000    35.1894    294.180     99.562 0.0000e+00
       4751     65.113     7.8345   3.626185    -0.0137     2.5385     0.2207     64.500     64.500    35.1885    293.966     99.488 0.0000e+00
       4770     65.618     7.8311   3.626082    -0.0140     2.5386     0.2220     65.000     65.000    35.1906    294.101     99.527 0.0000e+00
       4792     66.123     7.8263   3.625549    -0.0139     2.5381     0.2261     65.500     65.500    35.1893    294.031     99.492 0.0000e+00
       4816     66.627     7.8271   3.625472    -0.0126     2.5377     0.2250     66.000     66.000    35.1875    294.021     99.489 0.0000e+00
       4840     67.132     7.8285   3.625537    -0.0056     2.5378     0.2219     66.500     66.500    35.1865    294.417     99.626 0.0000e+00
       4862     67.637     7.8279   3.625820    -0.0062     2.5394     0.2212     67.000     67.000    35.1899    294.705     99.724 0.0000e+00
       4885     68.142     7.8130   3.625045    -0.0126     2.5399     0.2220     67.500     67.500    35.1963    294.691     99.690 0.0000e+00
       4907     68.647     7.8060   3.623494    -0.0139     2.5403     0.2246     68.000     68.000    35.1864    294.717     99.677 0.0000e+00
       4930     69.152     7.8039   3.623350    -0.0141     2.5398     0.2288     68.500     68.500    35.1868    294.437     99.578 0.0000e+00
       4955     69.656     7.7938   3.622667    -0.0141     2.5388     0.2288     69.000     69.000    35.1893    294.401     99.544 0.0000e+00
       4979     70.161     7.7901   3.621632    -0.0141     2.5382     0.2253     69.500     69.500    35.1815    294.349     99.513 0.0000e+00
       5003     70.666     7.7976   3.622052    -0.0141     2.5370     0.2275     70.000     70.000    35.1783    294.239     99.491 0.0000e+00
       5025     71.171     7.7871   3.622105    -0.0141     2.5372     0.2255     70.500     70.500    35.1892    294.523     99.570 0.0000e+00
       5046     71.676     7.7818   3.620973    -0.0141     2.5372     0.2310     71.001     71.000    35.1821    294.404     99.514 0.0000e+00
       5066     72.181     7.7803   3.620751    -0.0141     2.5362     0.2329     71.500     71.500    35.1809    293.956     99.358 0.0000e+00
       5089     72.685     7.7760   3.620397    -0.0141     2.5343     0.2303     72.000     72.000    35.1812    294.034     99.375 0.0000e+00
       5116     73.190     7.7747   3.620366    -0.0141     2.5354     0.2297     72.500     72.500    35.1819    294.972     99.690 0.0000e+00
       5144     73.695     7.7739   3.619961    -0.0141     2.5381     0.2305     73.000     73.000    35.1782    295.098     99.728 0.0000e+00
       5168     74.200     7.7714   3.620025    -0.0141     2.5374     0.2306     73.500     73.500    35.1811    294.509     99.525 0.0000e+00
       5189     74.705     7.7559   3.618938    -0.0143     2.5369     0.2308     74.000     74.000    35.1847    294.768     99.580 0.0000e+00
       5210     75.210     7.7566   3.618081    -0.0145     2.5369     0.2313     74.500     74.500    35.1745    294.698     99.552 0.0000e+00
       5232     75.715     7.7550   3.618047    -0.0139     2.5361     0.2354     75.000     75.000    35.1755    294.675     99.541 0.0000e+00
       5255     76.219     7.7661   3.618490    -0.0119     2.5364     0.2381     75.500     75.500    35.1688    294.869     99.627 0.0000e+00
       5280     76.724     7.7697   3.619578    -0.0043     2.5368     0.2437     76.000     76.000    35.1767    295.018     99.690 0.0000e+00
       5305     77.229     7.7739   3.620072    -0.0094     2.5381     0.2408     76.500     76.500    35.1775    295.273     99.787 0.0000e+00
       5329     77.734     7.7738   3.620313    -0.0117     2.5390     0.2373     77.000     77.000    35.1800    295.345     99.813 0.0000e+00
       5352     78.239     7.7733   3.620299    -0.0049     2.5396     0.2325     77.500     77.500    35.1801    295.317     99.802 0.0000e+00
       5375     78.744     7.7731   3.620316    -0.0066     2.5398     0.2299     78.000     78.000    35.1802    295.534     99.875 0.0000e+00
       5397     79.249     7.7727   3.620307    -0.0128     2.5412     0.2290     78.500     78.500    35.1803    295.907    100.000 0.0000e+00
       5420     79.753     7.7716   3.620272    -0.0139     2.5425     0.2262     79.000     79.000    35.1808    295.873     99.986 0.0000e+00
       5445     80.258     7.7708   3.620183    -0.0140     2.5422     0.2217     79.500     79.500    35.1803    295.487     99.854 0.0000e+00
       5470     80.763     7.7670   3.620027    -0.0137     2.5410     0.2216     80.000     80.000    35.1823    295.161     99.737 0.0000e+00
       5493     81.268     7.7618   3.619588    -0.0099     2.5397     0.2224     80.500     80.500    35.1826    295.063     99.692 0.0000e+00
       5516     81.773     7.7547   3.618793    -0.0031     2.5385     0.2282     81.000     81.000    35.1808    294.988     99.650 0.0000e+00
       5538     82.278     7.7505   3.618268    -0.0076     2.5371     0.2441     81.500     81.500    35.1792    294.364     99.428 0.0000e+00
       5562     82.783     7.7462   3.617708    -0.0027     2.5331     0.2538     82.001     82.000    35.1772    293.521     99.133 0.0000e+00
       5585     83.288     7.7498   3.618039    -0.0092     2.5295     0.2647     82.500     82.500    35.1769    293.182     99.026 0.0000e+00
       5609     83.792     7.7512   3.618259    -0.0133     2.5267     0.2860     83.000     83.000    35.1776    293.156     99.020 0.0000e+00
       5633     84.297     7.7551   3.618641    -0.0140     2.5255     0.3008     83.500     83.500    35.1776    293.340     99.091 0.0000e+00
       5657     84.802     7.7586   3.619088    -0.0141     2.5252     0.3091     84.000     84.000    35.1786    293.455     99.139 0.0000e+00
       5681     85.307     7.7615   3.619478    -0.0141     2.5248     0.3118     84.500     84.500    35.1797    292.963     98.980 0.0000e+00
       5703     85.812     7.7687   3.619931    -0.0140     2.5221     0.3096     85.000     85.000    35.1770    292.224     98.745 0.0000e+00
       5725     86.317     7.7743   3.621012    -0.0134     2.5201     0.3109     85.500     85.500    35.1829    292.326     98.795 0.0000e+00
       5749     86.822     7.7752   3.621260    -0.0093     2.5197     0.3192     86.000     86.000    35.1843    292.582     98.885 0.0000e+00
       5776     87.327     7.7730   3.621166    -0.0101     2.5193     0.3210     86.500     86.500    35.1853    292.573     98.877 0.0000e+00
       5800     87.831     7.7683   3.620913    -0.0233     2.5198     0.3212     87.000     87.000    35.1871    292.986     99.007 0.0000e+00
       5820     88.336     7.7627   3.620304    -0.0202     2.5205     0.3227     87.500     87.500    35.1859    292.998     98.998 0.0000e+00
       5841     88.841     7.7576   3.619775    -0.0252     2.5203     0.3276     88.000     88.000    35.1850    292.784     98.914 0.0000e+00
       5865     89.346     7.7534   3.619312    -0.0195     2.5199     0.3339     88.500     88.500    35.1841    293.010     98.980 0.0000e+00
       5892     89.851     7.7519   3.619014    -0.0146     2.5208     0.3338     89.000     89.000    35.1821    293.279     99.067 0.0000e+00
       5917     90.356     7.7506   3.618934    -0.0142     2.5211     0.3399     89.500     89.500    35.1822    293.090     99.000 0.0000e+00
       5940     90.861     7.7491   3.618753    -0.0141     2.5205     0.3410     90.000     90.000    35.1816    292.961     98.953 0.0000e+00
       5961     91.366     7.7477   3.618603    -0.0141     2.5201     0.3450     90.500     90.500    35.1811    292.832     98.906 0.0000e+00
       5983     91.871     7.7464   3.618523    -0.0141     2.5190     0.3560     91.000     91.000    35.1814    292.407     98.759 0.0000e+00
       6005     92.376     7.7456   3.618439    -0.0142     2.5167     0.3645     91.499     91.500    35.1810    291.921     98.593 0.0000e+00
       6030     92.880     7.7448   3.618418    -0.0148     2.5142     0.3600     92.000     92.000    35.1813    291.775     98.542 0.0000e+00
       6058     93.385     7.7425   3.618317    -0.0207     2.5131     0.3530     92.500     92.500    35.1823    292.217     98.687 0.0000e+00
       6083     93.890     7.7409   3.618096    -0.0238     2.5141     0.3518     93.000     93.000    35.1812    292.876     98.905 0.0000e+00
       6104     94.395     7.7398   3.618008    -0.0159     2.5163     0.3579     93.500     93.500    35.1812    293.400     99.080 0.0000e+00
       6124     94.900     7.7385   3.617931    -0.0119     2.5181     0.3658     94.000     94.000    35.1814    293.348     99.060 0.0000e+00
       6145     95.405     7.7367   3.617744    -0.0042     2.5184     0.3646     94.500     94.500    35.1809    292.994     98.936 0.0000e+00
       6171     95.910     7.7367   3.617695    -0.0091     2.5175     0.3617     95.000     95.000    35.1801    292.692     98.833 0.0000e+00
       6197     96.415     7.7357   3.617675    -0.0139     2.5168     0.3573     95.500     95.500    35.1807    292.898     98.901 0.0000e+00
       6221     96.920     7.7352   3.617616    -0.0162     2.5174     0.3586     96.000     96.000    35.1803    293.156     98.987 0.0000e+00
       6243     97.424     7.7330   3.617496    -0.0246     2.5178     0.3577     96.500     96.500    35.1810    293.016     98.935 0.0000e+00
       6265     97.929     7.7316   3.617292    -0.0299     2.5169     0.3578     97.000     97.000    35.1799    292.611     98.794 0.0000e+00
       6289     98.434     7.7286   3.617133    -0.0242     2.5156     0.3550     97.500     97.500    35.1810    292.525     98.759 0.0000e+00
       6314     98.939     7.7265   3.616797    -0.0167     2.5146     0.3506     98.000     98.000    35.1793    292.549     98.762 0.0000e+00
       6338     99.444     7.7241   3.616671    -0.0210     2.5143     0.3534     98.500     98.500    35.1800    292.433     98.718 0.0000e+00
       6360     99.949     7.7241   3.616413    -0.0294     2.5128     0.3567     99.000     99.000    35.1770    291.929     98.545 0.0000e+00
       6382    100.454     7.7239   3.616631    -0.0283     2.5105     0.3601     99.500     99.500    35.1793    291.512     98.406 0.0000e+00
       6405    100.959     7.7215   3.616306    -0.0212     2.5088     0.3565    100.000    100.000    35.1780    291.787     98.492 0.0000e+00
       6429    101.464     7.7208   3.616272    -0.0253     2.5089     0.3562    100.500    100.500    35.1780    291.937     98.541 0.0000e+00
       6455    101.969     7.7188   3.616167    -0.0183     2.5077     0.3594    101.000    101.000    35.1786    291.440     98.370 0.0000e+00
       6482    102.474     7.7168   3.615952    -0.0145     2.5062     0.3581    101.500    101.500    35.1782    291.669     98.442 0.0000e+00
       6505    102.979     7.7115   3.615593    -0.0142     2.5073     0.3635    102.001    102.000    35.1794    292.400     98.678 0.0000e+00
       6524    103.484     7.7102   3.615187    -0.0141     2.5087     0.3738    102.500    102.500    35.1760    292.665     98.762 0.0000e+00
       6543    103.988     7.7099   3.615146    -0.0141     2.5100     0.3828    103.000    103.000    35.1757    292.641     98.753 0.0000e+00
       6565    104.493     7.7093   3.615118    -0.0141     2.5102     0.3865    103.500    103.500    35.1757    292.335     98.649 0.0000e+00
       6594    104.998     7.7103   3.615193    -0.0140     2.5093     0.3852    104.000    104.000    35.1753    292.064     98.559 0.0000e+00
       6621    105.503     7.7102   3.615245    -0.0132     2.5083     0.3829    104.500    104.500    35.1756    291.973     98.529 0.0000e+00
       6644    106.008     7.7109   3.615275    -0.0086     2.5079     0.3887    105.000    105.000    35.1750    292.079     98.566 0.0000e+00
       6664    106.513     7.7107   3.615359    -0.0036     2.5079     0.3980    105.500    105.500    35.1759    292.185     98.601 0.0000e+00
       6685    107.018     7.7119   3.615374    -0.0103     2.5080     0.3959    106.000    106.000    35.1746    292.056     98.560 0.0000e+00
       6708    107.523     7.7113   3.615558    -0.0114     2.5072     0.3920    106.500    106.500    35.1769    291.780     98.467 0.0000e+00
       6731    108.028     7.7084   3.615291    -0.0046     2.5061     0.3979    107.000    107.000    35.1767    291.729     98.443 0.0000e+00
       6757    108.533     7.7086   3.615186    -0.0106     2.5059     0.3991    107.500    107.500    35.1751    292.046     98.549 0.0000e+00
       6783    109.038     7.7084   3.615214    -0.0232     2.5066     0.3817    108.000    108.000    35.1754    292.294     98.633 0.0000e+00
       6868    109.543     7.7091   3.615272    -0.0147     2.5084     0.3692    108.500    108.500    35.1751    292.434     98.681 0.0000e+00
       7059    110.048     7.7081   3.615192    -0.0157     2.5101     0.3612    109.000    109.000    35.1750    292.702     98.770 0.0000e+00
