Data/CTD_10.cnv
* Sea-Bird SBE 9 Data File:
* FileName = C:\Users\ctd-user\Desktop\CTD_data\OC4920\CTD_10.hex
* Software Version Seasave V 7.26.2.13
* Temperature SN = 6313
* Conductivity SN = 4758
* Number of Bytes Per Scan = 28
* Number of Voltage Words = 3
* Number of Scans Averaged by the Deck Unit = 1
* NMEA Latitude = 57 51.81 N
* NMEA Longitude = 010 46.60 E
* NMEA UTC (Time) = May 07 2025 11:11:29
** Station: test
** Operator: Operator 1
** Ship: 7720 Skagerak
** Cruise: 7720-2025-01
** Latitude [GG MM.mm N]:
** Longitude [GG MM.mm E]:
** Pumps: PrimaryPump: 1820 # SecondaryPump:
** EventIDs: EventID: 3decf26d-821b-4112-8042-a2c98b568458 # ParentEventID:
** Additional Sampling:
** Metadata admin: MPROG: Other # PROJ: Other # ORDERER: GU # SLABO: GU # ALABO: GU # REFSK: ingen
** Metadata conditions: WADEP: 10 # WINSP: 1 # WINDIR: 02 # AIRPRES: 1000 # AIRTEMP: 1 # WEATH: 9 # CLOUD: 9 # WAVES: 9 # ICEOB: 9 # COMNT_VISIT:
** LIMS Job:
# nquan = 13                                
# nvalues = 7125                        
# units = specified
# name 0 = scan: Scan Count
# name 1 = prDM: Pressure, Digiquartz [db]
# name 2 = t090C: Temperature [ITS-90, deg C]
# name 3 = c0S/m: Conductivity [S/m]
# name 4 = flECO-AFL: Fluorescence, WET Labs ECO-AFL/FL [mg/m^3]
# name 5 = sbeox0V: Oxygen raw, SBE 43 [V]
# name 6 = turbWETntu0: Turbidity, WET Labs ECO [NTU]
# name 7 = depSM: Depth [salt water, m]
# name 8 = depSM: Depth [salt water, m], lat = 57.8635
# name 9 = sal00: Salinity, Practical [PSU]
# name 10 = sbeox0Mm/L: Oxygen, SBE 43 [umol/l], WS = 2
# name 11 = sbeox0PS: Oxygen, SBE 43 [% saturation], WS = 2
# name 12 = flag: flag
# span 0 =          1,       7125       
# span 1 =     -1.032,    110.100       
# span 2 =     7.7068,    10.4038       
# span 3 =   3.401606,   3.676512       
# span 4 =    -0.0304,     8.4467       
# span 5 =     2.0594,     2.8960       
# span 6 =     0.1743,     0.4013       
# span 7 =     -1.022,    109.052       
# span 8 =     -1.022,    109.052       
# span 9 =    30.5509,    35.2401       
# span 10 =    216.555,    339.893      
# span 11 =     75.234,    117.213      
# span 12 = 0.0000e+00, 0.0000e+00      
# interval = seconds: 0.0416667
# start_time = May 07 2025 11:11:29 [NMEA time, header]
# bad_flag = -9.990e-29
*END*
[from data line 2223]
       2224      9.264     8.8904   3.657483     6.6986     2.8927     0.2666      9.178      9.178    34.5025    332.320    114.639 0.0000e+00
       2225      9.285     8.8930   3.659064     6.7407     2.8920     0.2669      9.199      9.199    34.5166    331.873    114.502 0.0000e+00
       2226      9.307     8.8962   3.660611     6.7860     2.8913     0.2673      9.220      9.221    34.5297    331.432    114.368 0.0000e+00
       2227      9.329     8.8989   3.661929     6.8348     2.8905     0.2677      9.242      9.242    34.5409    330.994    114.232 0.0000e+00
       2228      9.350     8.9010   3.663053     6.8873     2.8896     0.2682      9.263      9.263    34.5507    330.560    114.094 0.0000e+00
       2229      9.371     8.9023   3.664161     6.9441     2.8888     0.2687      9.284      9.284    34.5610    330.155    113.965 0.0000e+00
       2230      9.391     8.9037   3.665199     7.0054     2.8880     0.2693      9.304      9.304    34.5706    329.762    113.840 0.0000e+00
       2231      9.413     8.9042   3.666269     7.0718     2.8871     0.2699      9.325      9.326    34.5813    329.373    113.715 0.0000e+00
       2232      9.436     8.9041   3.667300     7.1436     2.8861     0.2705      9.348      9.348    34.5922    328.989    113.590 0.0000e+00
       2233      9.459     8.9018   3.668133     7.2214     2.8850     0.2712      9.371      9.371    34.6032    328.617    113.464 0.0000e+00
       2234      9.481     8.8976   3.668711     7.3057     2.8839     0.2719      9.392      9.393    34.6134    328.274    113.343 0.0000e+00
       2235      9.501     8.8906   3.669263     7.3970     2.8828     0.2728      9.413      9.413    34.6260    327.955    113.224 0.0000e+00
       2236      9.522     8.8832   3.669871     7.4961     2.8817     0.2737      9.434      9.434    34.6396    327.644    113.108 0.0000e+00
       2237      9.544     8.8747   3.670513     7.6026     2.8807     0.2746      9.455      9.455    34.6546    327.362    113.001 0.0000e+00
       2238      9.566     8.8659   3.671177     7.7117     2.8796     0.2756      9.477      9.477    34.6702    327.078    112.892 0.0000e+00
       2239      9.589     8.8587   3.671914     7.8159     2.8784     0.2766      9.499      9.500    34.6850    326.780    112.782 0.0000e+00
       2240      9.610     8.8536   3.672466     7.9105     2.8772     0.2774      9.521      9.521    34.6958    326.485    112.676 0.0000e+00
       2241      9.631     8.8456   3.673009     7.9952     2.8760     0.2781      9.541      9.542    34.7093    326.217    112.573 0.0000e+00
       2242      9.652     8.8362   3.673467     8.0711     2.8746     0.2788      9.563      9.562    34.7233    325.937    112.463 0.0000e+00
       2243      9.673     8.8240   3.673910     8.1388     2.8733     0.2794      9.583      9.583    34.7400    325.696    112.362 0.0000e+00
       2244      9.694     8.8105   3.674138     8.1989     2.8719     0.2799      9.604      9.604    34.7556    325.461    112.258 0.0000e+00
       2245      9.715     8.7993   3.674327     8.2518     2.8706     0.2804      9.625      9.625    34.7686    325.239    112.163 0.0000e+00
       2246      9.736     8.7917   3.674409     8.2977     2.8693     0.2809      9.646      9.646    34.7769    325.010    112.071 0.0000e+00
       2247      9.757     8.7806   3.674341     8.3370     2.8680     0.2813      9.667      9.666    34.7871    324.812    111.983 0.0000e+00
       2248      9.778     8.7694   3.674074     8.3700     2.8668     0.2817      9.687      9.687    34.7953    324.642    111.903 0.0000e+00
       2249      9.800     8.7589   3.673384     8.3968     2.8655     0.2820      9.709      9.709    34.7983    324.470    111.820 0.0000e+00
       2250      9.823     8.7505   3.673116     8.4178     2.8642     0.2822      9.731      9.732    34.8037    324.285    111.739 0.0000e+00
       2251      9.845     8.7459   3.672784     8.4330     2.8630     0.2823      9.754      9.754    34.8047    324.102    111.665 0.0000e+00
       2252      9.867     8.7431   3.672405     8.4426     2.8617     0.2824      9.775      9.775    34.8035    323.903    111.589 0.0000e+00
       2253      9.889     8.7402   3.671895     8.4467     2.8604     0.2825      9.798      9.797    34.8009    323.715    111.515 0.0000e+00
       2254      9.912     8.7365   3.671170     8.4452     2.8591     0.2826      9.820      9.820    34.7969    323.542    111.443 0.0000e+00
       2255      9.933     8.7309   3.670206     8.4381     2.8579     0.2826      9.841      9.841    34.7922    323.408    111.380 0.0000e+00
       2256      9.954     8.7263   3.669113     8.4255     2.8567     0.2826      9.862      9.862    34.7852    323.277    111.318 0.0000e+00
       2257      9.976     8.7230   3.668133     8.4071     2.8554     0.2825      9.884      9.883    34.7781    323.126    111.253 0.0000e+00
       2258     10.000     8.7193   3.667236     8.3829     2.8542     0.2824      9.907      9.907    34.7723    322.992    111.194 0.0000e+00
       2259     10.022     8.7164   3.666329     8.3528     2.8528     0.2823      9.929      9.929    34.7655    322.827    111.125 0.0000e+00
       2260     10.044     8.7143   3.665426     8.3164     2.8513     0.2821      9.951      9.951    34.7581    322.648    111.053 0.0000e+00
       2261     10.067     8.7127   3.664519     8.2735     2.8499     0.2818      9.973      9.974    34.7500    322.485    110.987 0.0000e+00
       2262     10.089     8.7099   3.663901     8.2238     2.8486     0.2816      9.996      9.995    34.7463    322.341    110.928 0.0000e+00
       2263     10.111     8.7078   3.663484     8.1683     2.8473     0.2812     10.017     10.017    34.7439    322.194    110.870 0.0000e+00
       2264     10.132     8.7064   3.663236     8.1104     2.8460     0.2809     10.038     10.038    34.7427    322.041    110.813 0.0000e+00
       2265     10.153     8.7059   3.662956     8.0533     2.8447     0.2805     10.059     10.059    34.7402    321.887    110.757 0.0000e+00
       2266     10.175     8.7048   3.662566     7.9980     2.8433     0.2801     10.080     10.081    34.7371    321.725    110.697 0.0000e+00
       2267     10.196     8.7044   3.662227     7.9442     2.8420     0.2796     10.102     10.101    34.7339    321.572    110.641 0.0000e+00
       2268     10.219     8.7037   3.661910     7.8913     2.8407     0.2792     10.124     10.124    34.7313    321.421    110.585 0.0000e+00
       2269     10.242     8.7031   3.661666     7.8388     2.8395     0.2788     10.147     10.147    34.7293    321.283    110.535 0.0000e+00
       2270     10.264     8.7022   3.661432     7.7865     2.8383     0.2784     10.169     10.169    34.7277    321.147    110.485 0.0000e+00
       2271     10.287     8.7026   3.661197     7.7339     2.8370     0.2780     10.191     10.192    34.7248    320.990    110.430 0.0000e+00
       2272     10.310     8.7026   3.661027     7.6806     2.8358     0.2776     10.215     10.214    34.7230    320.851    110.380 0.0000e+00
       2273     10.333     8.7019   3.660944     7.6264     2.8345     0.2772     10.237     10.237    34.7228    320.702    110.327 0.0000e+00
       2274     10.355     8.7013   3.660866     7.5708     2.8333     0.2768     10.259     10.259    34.7225    320.568    110.280 0.0000e+00
       2275     10.377     8.7009   3.660748     7.5134     2.8320     0.2764     10.281     10.281    34.7217    320.422    110.228 0.0000e+00
       2276     10.401     8.7005   3.660684     7.4538     2.8308     0.2760     10.304     10.304    34.7214    320.290    110.181 0.0000e+00
       2277     10.425     8.7003   3.660596     7.3917     2.8297     0.2756     10.328     10.328    34.7206    320.173    110.140 0.0000e+00
       2278     10.448     8.7002   3.660629     7.3265     2.8285     0.2751     10.351     10.351    34.7211    320.040    110.094 0.0000e+00
       2279     10.469     8.6999   3.660602     7.2580     2.8274     0.2745     10.372     10.372    34.7211    319.924    110.054 0.0000e+00
       2280     10.491     8.7002   3.660576     7.1856     2.8262     0.2740     10.394     10.394    34.7205    319.793    110.009 0.0000e+00
       2281     10.513     8.7006   3.660562     7.1087     2.8249     0.2734     10.416     10.415    34.7199    319.648    109.960 0.0000e+00
       2282     10.536     8.7007   3.660553     7.0268     2.8237     0.2728     10.438     10.438    34.7197    319.519    109.915 0.0000e+00
       2283     10.558     8.7009   3.660587     6.9395     2.8224     0.2721     10.460     10.460    34.7199    319.376    109.867 0.0000e+00
       2284     10.580     8.7010   3.660656     6.8460     2.8212     0.2713     10.482     10.482    34.7205    319.245    109.822 0.0000e+00
       2285     10.603     8.7009   3.660682     6.7458     2.8201     0.2704     10.505     10.505    34.7209    319.126    109.781 0.0000e+00
       2286     10.627     8.7008   3.660672     6.6381     2.8189     0.2695     10.528     10.528    34.7209    318.993    109.735 0.0000e+00
       2287     10.650     8.7009   3.660741     6.5222     2.8178     0.2684     10.551     10.551    34.7215    318.873    109.695 0.0000e+00
       2288     10.673     8.7008   3.660743     6.3983     2.8166     0.2673     10.574     10.574    34.7216    318.741    109.649 0.0000e+00
       2289     10.695     8.7008   3.660746     6.2706     2.8154     0.2661     10.596     10.596    34.7216    318.607    109.603 0.0000e+00
       2290     10.718     8.7008   3.660754     6.1468     2.8142     0.2650     10.619     10.619    34.7217    318.473    109.557 0.0000e+00
       2291     10.741     8.7005   3.660744     6.0318     2.8130     0.2640     10.642     10.641    34.7219    318.339    109.510 0.0000e+00
       2292     10.764     8.7008   3.660765     5.9256     2.8119     0.2630     10.665     10.664    34.7218    318.212    109.467 0.0000e+00
       2293     10.787     8.7012   3.660805     5.8273     2.8108     0.2620     10.687     10.687    34.7218    318.084    109.424 0.0000e+00
       2294     10.810     8.7021   3.660829     5.7357     2.8097     0.2610     10.710     10.710    34.7211    317.954    109.381 0.0000e+00
       2295     10.832     8.7026   3.660857     5.6504     2.8085     0.2601     10.733     10.731    34.7209    317.811    109.333 0.0000e+00
       2296     10.854     8.7029   3.660907     5.5707     2.8075     0.2592     10.754     10.753    34.7212    317.694    109.294 0.0000e+00
       2297     10.876     8.7031   3.660964     5.4961     2.8064     0.2583     10.776     10.775    34.7216    317.563    109.249 0.0000e+00
       2298     10.899     8.7034   3.661039     5.4261     2.8054     0.2575     10.798     10.798    34.7220    317.444    109.209 0.0000e+00
       2299     10.922     8.7047   3.661118     5.3601     2.8043     0.2567     10.821     10.821    34.7216    317.307    109.165 0.0000e+00
       2300     10.943     8.7058   3.661148     5.2978     2.8032     0.2559     10.842     10.841    34.7208    317.172    109.121 0.0000e+00
       2301     10.965     8.7063   3.661212     5.2387     2.8021     0.2551     10.863     10.863    34.7210    317.041    109.077 0.0000e+00
       2302     10.987     8.7073   3.661235     5.1823     2.8011     0.2544     10.886     10.885    34.7202    316.923    109.039 0.0000e+00
       2303     11.010     8.7083   3.661319     5.1283     2.8000     0.2536     10.909     10.908    34.7201    316.792    108.996 0.0000e+00
       2304     11.034     8.7094   3.661403     5.0764     2.7989     0.2529     10.931     10.932    34.7199    316.663    108.954 0.0000e+00
       2305     11.056     8.7101   3.661479     5.0260     2.7978     0.2522     10.953     10.953    34.7200    316.538    108.913 0.0000e+00
       2306     11.078     8.7109   3.661549     4.9770     2.7967     0.2514     10.976     10.975    34.7200    316.413    108.871 0.0000e+00
       2307     11.101     8.7117   3.661614     4.9290     2.7956     0.2507     10.998     10.998    34.7199    316.288    108.830 0.0000e+00
       2308     11.124     8.7123   3.661719     4.8815     2.7945     0.2499     11.021     11.021    34.7204    316.164    108.789 0.0000e+00
       2309     11.148     8.7127   3.661830     4.8344     2.7934     0.2490     11.045     11.045    34.7211    316.044    108.750 0.0000e+00
       2310     11.172     8.7133   3.661911     4.7872     2.7924     0.2481     11.068     11.068    34.7214    315.940    108.716 0.0000e+00
       2311     11.194     8.7141   3.661988     4.7396     2.7914     0.2471     11.091     11.090    34.7214    315.838    108.683 0.0000e+00
       2312     11.216     8.7144   3.662086     4.6914     2.7904     0.2460     11.112     11.112    34.7221    315.741    108.650 0.0000e+00
       2313     11.238     8.7143   3.662177     4.6421     2.7893     0.2449     11.134     11.134    34.7232    315.632    108.613 0.0000e+00
       2314     11.262     8.7141   3.662363     4.5922     2.7883     0.2437     11.158     11.157    34.7253    315.536    108.581 0.0000e+00
       2315     11.286     8.7141   3.662543     4.5433     2.7872     0.2426     11.182     11.181    34.7272    315.426    108.545 0.0000e+00
       2316     11.309     8.7130   3.662787     4.4972     2.7861     0.2416     11.204     11.204    34.7309    315.317    108.507 0.0000e+00
       2317     11.330     8.7120   3.662928     4.4543     2.7851     0.2407     11.225     11.225    34.7333    315.226    108.475 0.0000e+00
       2318     11.353     8.7110   3.663075     4.4145     2.7840     0.2398     11.248     11.248    34.7359    315.122    108.439 0.0000e+00
       2319     11.376     8.7093   3.663225     4.3773     2.7829     0.2389     11.271     11.270    34.7391    315.022    108.403 0.0000e+00
       2320     11.400     8.7079   3.663347     4.3424     2.7818     0.2381     11.295     11.294    34.7418    314.920    108.366 0.0000e+00
       2321     11.424     8.7062   3.663450     4.3096     2.7807     0.2374     11.318     11.318    34.7445    314.824    108.331 0.0000e+00
       2322     11.447     8.7039   3.663496     4.2788     2.7797     0.2367     11.341     11.341    34.7472    314.748    108.301 0.0000e+00
       2323     11.470     8.7022   3.663509     4.2496     2.7788     0.2361     11.364     11.364    34.7490    314.685    108.277 0.0000e+00
       2324     11.493     8.7001   3.663598     4.2219     2.7778     0.2355     11.387     11.386    34.7520    314.610    108.248 0.0000e+00
       2325     11.517     8.6970   3.663606     4.1956     2.7769     0.2350     11.410     11.410    34.7551    314.555    108.224 0.0000e+00
       2326     11.541     8.6934   3.663612     4.1704     2.7759     0.2345     11.434     11.434    34.7587    314.490    108.195 0.0000e+00
       2327     11.565     8.6911   3.663610     4.1460     2.7750     0.2341     11.458     11.458    34.7610    314.435    108.172 0.0000e+00
       2328     11.589     8.6892   3.663616     4.1225     2.7741     0.2336     11.481     11.481    34.7629    314.378    108.149 0.0000e+00
       2329     11.611     8.6859   3.663641     4.0995     2.7733     0.2331     11.504     11.503    34.7664    314.340    108.131 0.0000e+00
       2330     11.634     8.6810   3.663642     4.0769     2.7724     0.2326     11.526     11.526    34.7712    314.297    108.108 0.0000e+00
       2331     11.656     8.6760   3.663601     4.0546     2.7715     0.2321     11.548     11.548    34.7757    314.256    108.085 0.0000e+00
       2332     11.678     8.6725   3.663541     4.0323     2.7707     0.2317     11.571     11.570    34.7785    314.220    108.066 0.0000e+00
       2333     11.701     8.6700   3.663473     4.0100     2.7700     0.2313     11.593     11.592    34.7802    314.193    108.052 0.0000e+00
