Data/CTD_12.cnv
* Sea-Bird SBE 9 Data File:
* FileName = C:\Users\ctd-user\Desktop\CTD_data\OC4920\CTD_12.hex
* Software Version Seasave V 7.26.2.13
* Temperature SN = 6313
* Conductivity SN = 4758
* Number of Bytes Per Scan = 28
* Number of Voltage Words = 3
* Number of Scans Averaged by the Deck Unit = 1
* NMEA Latitude = 57 49.83 N
* NMEA Longitude = 010 46.49 E
* NMEA UTC (Time) = May 07 2025 11:52:13
** Station: test
** Operator: Operator 1
** Ship: 7720 Skagerak
** Cruise: 7720-2025-01
** Latitude [GG MM.mm N]:
** Longitude [GG MM.mm E]:
** Pumps: PrimaryPump: 1820 # SecondaryPump:
** EventIDs: EventID: 3decf26d-821b-4112-8042-a2c98b568458 # ParentEventID:
** Additional Sampling:
** Metadata admin: MPROG: Other # PROJ: Other # ORDERER: GU # SLABO: GU # ALABO: GU # REFSK: ingen
** Metadata conditions: WADEP: 10 # WINSP: 1 # WINDIR: 02 # AIRPRES: 1000 # AIRTEMP: 1 # WEATH: 9 # CLOUD: 9 # WAVES: 9 # ICEOB: 9 # COMNT_VISIT:
** LIMS Job:
# nquan = 13                                
# nvalues = 6790                        
# units = specified
# name 0 = scan: Scan Count
# name 1 = prDM: Pressure, Digiquartz [db]
# name 2 = t090C: Temperature [ITS-90, deg C]
# name 3 = c0S/m: Conductivity [S/m]
# name 4 = flECO-AFL: Fluorescence, WET Labs ECO-AFL/FL [mg/m^3]
# name 5 = sbeox0V: Oxygen raw, SBE 43 [V]
# name 6 = turbWETntu0: Turbidity, WET Labs ECO [NTU]
# name 7 = depSM: Depth [salt water, m]
# name 8 = depSM: Depth [salt water, m], lat = 57.8305
# name 9 = sal00: Salinity, Practical [PSU]
# name 10 = sbeox0Mm/L: Oxygen, SBE 43 [umol/l], WS = 2
# name 11 = sbeox0PS: Oxygen, SBE 43 [% saturation], WS = 2
# name 12 = flag: flag
# span 0 =          1,       6790       
# span 1 =     -1.517,     88.004       
# span 2 =     7.6422,    11.2281       
# span 3 =   0.066963,   3.666707       
# span 4 =    -0.1231,     5.0197       
# span 5 =     2.1901,     2.7541       
# span 6 =     0.1326,     0.5140       
# span 7 =     -1.503,     87.171       
# span 8 =     -1.503,     87.171       
# span 9 =     0.4843,    35.1549       
# span 10 =    237.271,    328.113      
# span 11 =     81.085,    109.955      
# span 12 = 0.0000e+00, 0.0000e+00      
# interval = seconds: 0.0416667
# start_time = May 07 2025 11:52:13 [NMEA time, header]
# bad_flag = -9.990e-29
*END*
[from data line 2223]
       2224     -0.977    10.6682   3.409603     0.7174     2.7219     0.2259     -0.969     -0.968    30.3810    307.626    107.452 -9.990e-29
       2225     -0.981    10.6722   3.409130     0.7169     2.7221     0.2261     -0.972     -0.972    30.3730    307.611    107.451 -9.990e-29
       2226     -0.984    10.6799   3.408906     0.7164     2.7223     0.2264     -0.975     -0.975    30.3644    307.570    107.448 -9.990e-29
       2227     -0.986    10.7001   3.408937     0.7159     2.7226     0.2266     -0.978     -0.977    30.3479    307.468    107.448 -9.990e-29
       2228     -0.988    10.7175   3.409057     0.7154     2.7229     0.2269     -0.979     -0.979    30.3346    307.378    107.448 -9.990e-29
       2229     -0.990    10.7283   3.409337     0.7149     2.7231     0.2271     -0.981     -0.981    30.3284    307.309    107.445 -9.990e-29
       2230     -0.992    10.7364   3.409666     0.7144     2.7233     0.2273     -0.983     -0.983    30.3250    307.253    107.442 -9.990e-29
       2231     -0.992    10.7402   3.409792     0.7139     2.7234     0.2274     -0.983     -0.983    30.3231    307.210    107.435 -9.990e-29
       2232     -0.990    10.7393   3.410075     0.7133     2.7235     0.2275     -0.981     -0.981    30.3266    307.190    107.428 -9.990e-29
       2233     -0.986    10.7409   3.410991     0.7127     2.7236     0.2277     -0.977     -0.977    30.3343    307.140    107.419 -9.990e-29
       2234     -0.978    10.7444   3.412002     0.7120     2.7238     0.2278     -0.969     -0.969    30.3414    307.092    107.415 0.0000e+00
       2235     -0.966    10.7491   3.412620     0.7113     2.7239     0.2279     -0.957     -0.957    30.3436    307.031    107.406 0.0000e+00
       2236     -0.953    10.7536   3.412820     0.7106     2.7241     0.2280     -0.944     -0.944    30.3418    306.991    107.402 0.0000e+00
       2237     -0.943    10.7575   3.412433     0.7097     2.7242     0.2282     -0.934     -0.934    30.3347    306.950    107.391 0.0000e+00
       2238     -0.937    10.7602   3.411553     0.7089     2.7244     0.2283     -0.929     -0.928    30.3238    306.935    107.385 -9.990e-29
       2239     -0.937    10.7608   3.410566     0.7079     2.7245     0.2284     -0.928     -0.928    30.3136    306.916    107.373 -9.990e-29
       2240     -0.937    10.7612   3.409625     0.7069     2.7247     0.2285     -0.928     -0.928    30.3040    306.907    107.364 -9.990e-29
       2241     -0.934    10.7603   3.408760     0.7058     2.7248     0.2286     -0.926     -0.925    30.2962    306.887    107.350 -9.990e-29
       2242     -0.927    10.7590   3.408121     0.7047     2.7249     0.2287     -0.918     -0.918    30.2910    306.863    107.335 0.0000e+00
       2243     -0.915    10.7559   3.407826     0.7034     2.7250     0.2287     -0.906     -0.907    30.2906    306.841    107.320 0.0000e+00
       2244     -0.898    10.7536   3.407831     0.7020     2.7250     0.2287     -0.889     -0.890    30.2926    306.790    107.298 0.0000e+00
       2245     -0.879    10.7524   3.407909     0.7007     2.7251     0.2287     -0.870     -0.871    30.2943    306.741    107.279 0.0000e+00
       2246     -0.861    10.7531   3.407854     0.6993     2.7250     0.2288     -0.852     -0.853    30.2932    306.655    107.250 0.0000e+00
       2247     -0.845    10.7582   3.407672     0.6978     2.7250     0.2288     -0.837     -0.837    30.2872    306.556    107.223 0.0000e+00
       2248     -0.830    10.7618   3.407518     0.6962     2.7248     0.2288     -0.822     -0.822    30.2827    306.434    107.186 0.0000e+00
       2249     -0.814    10.7608   3.407277     0.6947     2.7247     0.2287     -0.807     -0.806    30.2811    306.347    107.152 0.0000e+00
       2250     -0.796    10.7568   3.407118     0.6932     2.7246     0.2286     -0.789     -0.789    30.2829    306.271    107.117 0.0000e+00
       2251     -0.773    10.7537   3.406939     0.6918     2.7245     0.2286     -0.766     -0.766    30.2837    306.190    107.082 0.0000e+00
       2252     -0.745    10.7526   3.406838     0.6905     2.7245     0.2285     -0.738     -0.738    30.2836    306.109    107.051 0.0000e+00
       2253     -0.715    10.7540   3.406793     0.6893     2.7246     0.2284     -0.709     -0.708    30.2820    306.027    107.025 0.0000e+00
       2254     -0.685    10.7546   3.406675     0.6882     2.7246     0.2284     -0.679     -0.679    30.2803    305.935    106.993 0.0000e+00
       2255     -0.655    10.7550   3.406532     0.6872     2.7246     0.2283     -0.649     -0.649    30.2785    305.844    106.960 0.0000e+00
       2256     -0.627    10.7518   3.406383     0.6862     2.7245     0.2282     -0.621     -0.621    30.2797    305.756    106.923 0.0000e+00
       2257     -0.600    10.7372   3.406277     0.6854     2.7243     0.2282     -0.595     -0.594    30.2907    305.714    106.882 0.0000e+00
       2258     -0.576    10.7204   3.406258     0.6847     2.7242     0.2281     -0.571     -0.571    30.3044    305.694    106.846 0.0000e+00
       2259     -0.552    10.7097   3.406389     0.6840     2.7241     0.2280     -0.547     -0.547    30.3146    305.639    106.809 0.0000e+00
       2260     -0.527    10.7005   3.406789     0.6834     2.7239     0.2280     -0.523     -0.522    30.3262    305.559    106.767 0.0000e+00
       2261     -0.503    10.6879   3.407181     0.6828     2.7237     0.2279     -0.499     -0.498    30.3405    305.499    106.727 0.0000e+00
       2262     -0.479    10.6807   3.407577     0.6822     2.7234     0.2278     -0.475     -0.475    30.3504    305.398    106.682 0.0000e+00
       2263     -0.457    10.6795   3.408362     0.6815     2.7231     0.2278     -0.453     -0.453    30.3591    305.260    106.637 0.0000e+00
       2264     -0.436    10.6805   3.409255     0.6809     2.7228     0.2277     -0.432     -0.432    30.3671    305.110    106.592 0.0000e+00
       2265     -0.416    10.6835   3.409573     0.6803     2.7225     0.2276     -0.412     -0.412    30.3677    304.966    106.549 0.0000e+00
       2266     -0.396    10.6848   3.409599     0.6796     2.7222     0.2275     -0.393     -0.392    30.3669    304.840    106.507 0.0000e+00
       2267     -0.378    10.6848   3.409679     0.6790     2.7219     0.2273     -0.375     -0.375    30.3677    304.724    106.467 0.0000e+00
       2268     -0.361    10.6824   3.409784     0.6783     2.7215     0.2272     -0.357     -0.358    30.3707    304.609    106.424 0.0000e+00
       2269     -0.341    10.6779   3.410395     0.6776     2.7211     0.2270     -0.338     -0.338    30.3805    304.499    106.382 0.0000e+00
       2270     -0.322    10.6715   3.411860     0.6770     2.7207     0.2269     -0.319     -0.319    30.4002    304.387    106.341 0.0000e+00
       2271     -0.302    10.6677   3.413436     0.6764     2.7202     0.2267     -0.299     -0.299    30.4190    304.248    106.297 0.0000e+00
       2272     -0.282    10.6710   3.414449     0.6758     2.7197     0.2265     -0.280     -0.279    30.4262    304.087    106.253 0.0000e+00
       2273     -0.261    10.6815   3.415355     0.6752     2.7191     0.2263     -0.258     -0.259    30.4264    303.880    106.205 0.0000e+00
       2274     -0.240    10.6855   3.416162     0.6747     2.7186     0.2261     -0.237     -0.238    30.4311    303.725    106.163 0.0000e+00
       2275     -0.220    10.6839   3.416591     0.6745     2.7181     0.2259     -0.218     -0.218    30.4366    303.611    106.123 0.0000e+00
       2276     -0.200    10.6846   3.416603     0.6744     2.7175     0.2257     -0.197     -0.198    30.4362    303.483    106.080 0.0000e+00
       2277     -0.178    10.6920   3.416648     0.6747     2.7170     0.2255     -0.176     -0.176    30.4304    303.340    106.043 0.0000e+00
       2278     -0.156    10.6990   3.416655     0.6751     2.7164     0.2254     -0.154     -0.155    30.4247    303.194    106.004 0.0000e+00
       2279     -0.135    10.7041   3.416660     0.6757     2.7158     0.2253     -0.133     -0.134    30.4205    303.064    105.967 0.0000e+00
       2280     -0.112    10.7085   3.416786     0.6766     2.7153     0.2252     -0.111     -0.111    30.4180    302.954    105.938 0.0000e+00
       2281     -0.090    10.7136   3.417066     0.6776     2.7148     0.2251     -0.089     -0.089    30.4165    302.842    105.909 0.0000e+00
       2282     -0.068    10.7180   3.417617     0.6789     2.7142     0.2250     -0.068     -0.067    30.4183    302.719    105.877 0.0000e+00
       2283     -0.046    10.7250   3.418084     0.6805     2.7137     0.2250     -0.046     -0.046    30.4171    302.605    105.853 0.0000e+00
       2284     -0.024    10.7369   3.418127     0.6822     2.7133     0.2249     -0.024     -0.024    30.4076    302.495    105.835 0.0000e+00
       2285     -0.002    10.7495   3.417560     0.6843     2.7128     0.2249     -0.002     -0.002    30.3915    302.384    105.814 0.0000e+00
       2286      0.021    10.7549   3.416850     0.6866     2.7123     0.2249      0.021      0.021    30.3801    302.319    105.796 0.0000e+00
       2287      0.046    10.7526   3.416658     0.6893     2.7118     0.2250      0.045      0.046    30.3801    302.287    105.780 0.0000e+00
       2288      0.071    10.7531   3.416767     0.6924     2.7113     0.2250      0.070      0.070    30.3807    302.240    105.764 0.0000e+00
       2289      0.097    10.7557   3.416554     0.6959     2.7109     0.2252      0.095      0.096    30.3764    302.204    105.755 0.0000e+00
       2290      0.123    10.7568   3.415885     0.6997     2.7105     0.2253      0.121      0.122    30.3689    302.188    105.747 0.0000e+00
       2291      0.149    10.7559   3.415104     0.7039     2.7101     0.2255      0.147      0.148    30.3620    302.190    105.741 0.0000e+00
       2292      0.173    10.7518   3.414591     0.7085     2.7096     0.2256      0.171      0.171    30.3603    302.193    105.731 0.0000e+00
       2293      0.196    10.7474   3.414887     0.7137     2.7092     0.2258      0.194      0.194    30.3669    302.199    105.728 0.0000e+00
       2294      0.219    10.7449   3.415884     0.7194     2.7088     0.2260      0.217      0.217    30.3787    302.184    105.725 0.0000e+00
       2295      0.242    10.7456   3.417114     0.7256     2.7084     0.2262      0.240      0.240    30.3903    302.150    105.723 0.0000e+00
       2296      0.266    10.7453   3.417531     0.7325     2.7080     0.2265      0.263      0.264    30.3946    302.138    105.721 0.0000e+00
       2297      0.289    10.7385   3.416424     0.7400     2.7077     0.2268      0.286      0.286    30.3894    302.205    105.725 0.0000e+00
       2298      0.312    10.7133   3.415290     0.7482     2.7073     0.2272      0.309      0.309    30.3991    302.353    105.725 0.0000e+00
       2299      0.336    10.6661   3.414890     0.7570     2.7070     0.2276      0.334      0.333    30.4344    302.617    105.734 0.0000e+00
       2300      0.361    10.6231   3.414763     0.7658     2.7067     0.2280      0.358      0.358    30.4690    302.857    105.742 0.0000e+00
       2301      0.387    10.5884   3.414784     0.7744     2.7064     0.2284      0.383      0.383    30.4982    303.049    105.749 0.0000e+00
       2302      0.412    10.5610   3.415528     0.7825     2.7061     0.2289      0.408      0.408    30.5285    303.190    105.756 0.0000e+00
       2303      0.436    10.5380   3.417086     0.7904     2.7058     0.2293      0.433      0.432    30.5632    303.291    105.762 0.0000e+00
       2304      0.461    10.5223   3.418843     0.7980     2.7054     0.2297      0.457      0.457    30.5937    303.335    105.762 0.0000e+00
       2305      0.486    10.5160   3.420222     0.8054     2.7050     0.2302      0.481      0.482    30.6127    303.337    105.761 0.0000e+00
       2306      0.511    10.5142   3.420988     0.8126     2.7047     0.2307      0.507      0.506    30.6218    303.342    105.764 0.0000e+00
       2307      0.537    10.5144   3.421166     0.8197     2.7045     0.2311      0.532      0.532    30.6234    303.361    105.773 0.0000e+00
       2308      0.564    10.5170   3.420759     0.8267     2.7043     0.2316      0.558      0.559    30.6172    303.380    105.781 0.0000e+00
       2309      0.590    10.5217   3.420540     0.8337     2.7041     0.2320      0.585      0.585    30.6110    303.386    105.790 0.0000e+00
       2310      0.617    10.5265   3.421034     0.8408     2.7039     0.2324      0.611      0.611    30.6119    303.376    105.798 0.0000e+00
       2311      0.643    10.5293   3.421999     0.8480     2.7036     0.2328      0.637      0.637    30.6191    303.353    105.801 0.0000e+00
       2312      0.669    10.5175   3.422902     0.8553     2.7034     0.2333      0.663      0.663    30.6380    303.420    105.810 0.0000e+00
       2313      0.697    10.4615   3.423524     0.8628     2.7031     0.2337      0.690      0.691    30.6913    303.708    105.818 0.0000e+00
       2314      0.725    10.3872   3.423856     0.8707     2.7029     0.2341      0.718      0.718    30.7573    304.111    105.832 0.0000e+00
       2315      0.751    10.3569   3.424295     0.8790     2.7027     0.2346      0.744      0.744    30.7873    304.275    105.839 0.0000e+00
       2316      0.777    10.2968   3.424578     0.8876     2.7025     0.2352      0.770      0.770    30.8411    304.599    105.850 0.0000e+00
       2317      0.804    10.2419   3.424606     0.8966     2.7023     0.2357      0.796      0.797    30.8880    304.895    105.858 0.0000e+00
       2318      0.831    10.2689   3.424570     0.9061     2.7021     0.2363      0.823      0.823    30.8647    304.755    105.856 0.0000e+00
       2319      0.858    10.3045   3.424415     0.9162     2.7019     0.2369      0.850      0.850    30.8329    304.570    105.852 0.0000e+00
       2320      0.886    10.2866   3.423993     0.9268     2.7017     0.2375      0.878      0.878    30.8439    304.672    105.854 0.0000e+00
       2321      0.914    10.2293   3.423335     0.9382     2.7016     0.2382      0.905      0.906    30.8860    305.002    105.864 0.0000e+00
       2322      0.941    10.1737   3.422715     0.9503     2.7014     0.2390      0.933      0.932    30.9272    305.308    105.870 0.0000e+00
       2323      0.970    10.1580   3.422287     0.9632     2.7013     0.2399      0.961      0.961    30.9362    305.409    105.875 0.0000e+00
       2324      0.999    10.1890   3.422593     0.9769     2.7012     0.2408      0.989      0.990    30.9129    305.244    105.874 0.0000e+00
       2325      1.027    10.2337   3.424195     0.9910     2.7010     0.2417      1.018      1.017    30.8908    304.964    105.865 0.0000e+00
       2326      1.056    10.2617   3.426515     1.0048     2.7009     0.2426      1.046      1.046    30.8902    304.771    105.862 0.0000e+00
       2327      1.086    10.2190   3.428354     1.0183     2.7007     0.2435      1.076      1.076    30.9449    304.949    105.862 0.0000e+00
       2328      1.115    10.1521   3.429800     1.0314     2.7006     0.2444      1.105      1.105    31.0166    305.275    105.869 0.0000e+00
       2329      1.144    10.1370   3.431593     1.0443     2.7005     0.2452      1.133      1.133    31.0475    305.315    105.869 0.0000e+00
       2330      1.172    10.1293   3.431737     1.0570     2.7005     0.2459      1.161      1.161    31.0555    305.357    105.872 0.0000e+00
       2331      1.199    10.0961   3.430221     1.0697     2.7005     0.2466      1.188      1.188    31.0688    305.567    105.876 0.0000e+00
       2332      1.225    10.0607   3.429527     1.0824     2.7005     0.2473      1.214      1.214    31.0922    305.773    105.882 0.0000e+00
       2333      1.251    10.0511   3.430589     1.0952     2.7005     0.2481      1.240      1.239    31.1111    305.805    105.883 0.0000e+00
