Data/CTD_12.cnv
* Sea-Bird SBE 9 Data File:
* FileName = C:\Users\ctd-user\Desktop\CTD_data\OC4920\CTD_12.hex
* Software Version Seasave V 7.26.2.13
* Temperature SN = 6313
* Conductivity SN = 4758
* Number of Bytes Per Scan = 28
* Number of Voltage Words = 3
* Number of Scans Averaged by the Deck Unit = 1
* NMEA Latitude = 57 49.83 N
* NMEA Longitude = 010 46.49 E
* NMEA UTC (Time) = May 07 2025 11:52:13
** Station: test
** Operator: Operator 1
** Ship: 7720 Skagerak
** Cruise: 7720-2025-01
** Latitude [GG MM.mm N]:
** Longitude [GG MM.mm E]:
** Pumps: PrimaryPump: 1820 # SecondaryPump:
** EventIDs: EventID: 3decf26d-821b-4112-8042-a2c98b568458 # ParentEventID:
** Additional Sampling:
** Metadata admin: MPROG: Other # PROJ: Other # ORDERER: GU # SLABO: GU # ALABO: GU # REFSK: ingen
** Metadata conditions: WADEP: 10 # WINSP: 1 # WINDIR: 02 # AIRPRES: 1000 # AIRTEMP: 1 # WEATH: 9 # CLOUD: 9 # WAVES: 9 # ICEOB: 9 # COMNT_VISIT:
** LIMS Job:
# nquan = 13                                
# nvalues = 6790                        
# units = specified
# name 0 = scan: Scan Count
# name 1 = prDM: Pressure, Digiquartz [db]
# name 2 = t090C: Temperature [ITS-90, deg C]
# name 3 = c0S/m: Conductivity [S/m]
# name 4 = flECO-AFL: Fluorescence, WET Labs ECO-AFL/FL [mg/m^3]
# name 5 = sbeox0V: Oxygen raw, SBE 43 [V]
# name 6 = turbWETntu0: Turbidity, WET Labs ECO [NTU]
# name 7 = depSM: Depth [salt water, m]
# name 8 = depSM: Depth [salt water, m], lat = 57.8305
# name 9 = sal00: Salinity, Practical [PSU]
# name 10 = sbeox0Mm/L: Oxygen, SBE 43 [umol/l], WS = 2
# name 11 = sbeox0PS: Oxygen, SBE 43 [% saturation], WS = 2
# name 12 = flag: flag
# span 0 =          1,       6790       
# span 1 =     -1.517,     88.004       
# span 2 =     7.6422,    11.2281       
# span 3 =   0.066963,   3.666707       
# span 4 =    -0.1231,     5.0197       
# span 5 =     2.1901,     2.7541       
# span 6 =     0.1326,     0.5140       
# span 7 =     -1.503,     87.171       
# span 8 =     -1.503,     87.171       
# span 9 =     0.4843,    35.1549       
# span 10 =    237.271,    328.113      
# span 11 =     81.085,    109.955      
# span 12 = 0.0000e+00, 0.0000e+00      
# interval = seconds: 0.0416667
# start_time = May 07 2025 11:52:13 [NMEA time, header]
# bad_flag = -9.990e-29
*END*
[from data line 112]
        113     -1.456     8.5037   0.067617    -0.0971     2.2258     0.1327     -1.442     -1.443     0.4893    318.232     87.320 -9.990e-29
        114     -1.471     8.5000   0.069079    -0.0968     2.2279     0.1327     -1.458     -1.457     0.5004    318.984     87.524 -9.990e-29
        115     -1.492     8.4953   0.070502    -0.0965     2.2301     0.1326     -1.478     -1.478     0.5112    319.724     87.724 -9.990e-29
        116     -1.505     8.4896   0.071029    -0.0962     2.2324     0.1326     -1.492     -1.491     0.5152    320.466     87.917 -9.990e-29
        117     -1.506     8.4838   0.070264    -0.0958     2.2347     0.1327     -1.492     -1.492     0.5095    321.190     88.101 -9.990e-29
        118     -1.496     8.4782   0.068920    -0.0954     2.2370     0.1327     -1.482     -1.482     0.4995    321.883     88.273 -9.990e-29
        119     -1.484     8.4726   0.067971    -0.0951     2.2393     0.1327     -1.470     -1.470     0.4924    322.531     88.435 -9.990e-29
        120     -1.479     8.4674   0.067944    -0.0949     2.2416     0.1328     -1.465     -1.465     0.4922    323.121     88.585 -9.990e-29
        121     -1.485     8.4624   0.068646    -0.0946     2.2439     0.1328     -1.471     -1.471     0.4976    323.659     88.725 -9.990e-29
        122     -1.498     8.4568   0.069640    -0.0944     2.2462     0.1330     -1.484     -1.484     0.5052    324.157     88.854 -9.990e-29
        123     -1.509     8.4518   0.070150    -0.0942     2.2486     0.1331     -1.495     -1.495     0.5091    324.637     88.977 -9.990e-29
        124     -1.512     8.4472   0.069698    -0.0940     2.2509     0.1333     -1.498     -1.498     0.5058    325.077     89.086 -9.990e-29
        125     -1.505     8.4409   0.068732    -0.0939     2.2533     0.1335     -1.491     -1.491     0.4986    325.525     89.191 -9.990e-29
        126     -1.495     8.4352   0.067876    -0.0938     2.2556     0.1337     -1.482     -1.481     0.4922    325.914     89.281 -9.990e-29
        127     -1.490     8.4290   0.067579    -0.0938     2.2578     0.1340     -1.477     -1.476     0.4900    326.253     89.359 -9.990e-29
        128     -1.493     8.4251   0.067970    -0.0938     2.2599     0.1342     -1.480     -1.479     0.4930    326.513     89.424 -9.990e-29
        129     -1.503     8.4229   0.068663    -0.0938     2.2620     0.1345     -1.489     -1.489     0.4983    326.724     89.480 -9.990e-29
        130     -1.513     8.4213   0.069071    -0.0939     2.2641     0.1347     -1.499     -1.499     0.5014    326.911     89.529 -9.990e-29
        131     -1.517     8.4195   0.068965    -0.0940     2.2661     0.1350     -1.503     -1.503     0.5006    327.066     89.568 -9.990e-29
        132     -1.514     8.4158   0.068362    -0.0941     2.2681     0.1353     -1.500     -1.500     0.4961    327.227     89.601 -9.990e-29
        133     -1.504     8.4101   0.067700    -0.0941     2.2701     0.1356     -1.491     -1.490     0.4912    327.388     89.630 -9.990e-29
        134     -1.496     8.4029   0.067455    -0.0940     2.2720     0.1360     -1.483     -1.482     0.4894    327.526     89.651 -9.990e-29
        135     -1.495     8.3944   0.067705    -0.0938     2.2738     0.1365     -1.482     -1.481     0.4914    327.638     89.664 -9.990e-29
        136     -1.499     8.3867   0.068248    -0.0935     2.2757     0.1370     -1.486     -1.485     0.4956    327.748     89.680 -9.990e-29
        137     -1.505     8.3795   0.068777    -0.0932     2.2775     0.1376     -1.491     -1.491     0.4997    327.825     89.688 -9.990e-29
        138     -1.506     8.3735   0.068856    -0.0928     2.2792     0.1382     -1.493     -1.492     0.5004    327.877     89.690 -9.990e-29
        139     -1.503     8.3683   0.068473    -0.0922     2.2808     0.1389     -1.489     -1.489     0.4976    327.908     89.685 -9.990e-29
        140     -1.495     8.3606   0.068013    -0.0916     2.2824     0.1397     -1.482     -1.481     0.4942    327.960     89.681 -9.990e-29
        141     -1.488     8.3524   0.067735    -0.0909     2.2839     0.1406     -1.475     -1.474     0.4922    327.997     89.672 -9.990e-29
        142     -1.484     8.3426   0.067833    -0.0901     2.2854     0.1415     -1.470     -1.470     0.4931    328.044     89.664 -9.990e-29
        143     -1.484     8.3325   0.068248    -0.0891     2.2869     0.1425     -1.471     -1.470     0.4964    328.089     89.656 -9.990e-29
        144     -1.486     8.3232   0.068657    -0.0881     2.2883     0.1436     -1.473     -1.472     0.4996    328.113     89.644 -9.990e-29
        145     -1.488     8.3181   0.068776    -0.0869     2.2896     0.1449     -1.474     -1.474     0.5006    328.089     89.627 -9.990e-29
        146     -1.487     8.3200   0.068559    -0.0856     2.2909     0.1462     -1.474     -1.473     0.4989    328.014     89.610 -9.990e-29
        147     -1.485     8.4229   0.068540    -0.0842     2.2921     0.1475     -1.471     -1.471     0.4974    327.019     89.560 -9.990e-29
        148     -1.481     8.8188   0.069722    -0.0826     2.2933     0.1490     -1.467     -1.467     0.5008    323.446     89.434 -9.990e-29
        149     -1.479     9.3256   0.071590    -0.0809     2.2945     0.1506     -1.465     -1.465     0.5076    319.012     89.289 -9.990e-29
        150     -1.481     9.7329   0.073312    -0.0790     2.2955     0.1524     -1.468     -1.467     0.5146    315.507     89.170 -9.990e-29
        151     -1.487    10.0573   0.074800    -0.0768     2.2966     0.1544     -1.473     -1.473     0.5209    312.787     89.084 -9.990e-29
        152     -1.491    10.3268   0.075857    -0.0745     2.2976     0.1565     -1.478     -1.477     0.5248    310.553     89.011 -9.990e-29
        153     -1.490    10.5249   0.076345    -0.0720     2.2985     0.1588     -1.477     -1.476     0.5255    308.918     88.954 -9.990e-29
        154     -1.485    10.6836   0.076562    -0.0693     2.2995     0.1613     -1.472     -1.471     0.5248    307.639     88.913 -9.990e-29
        155     -1.478    10.8176   0.076816    -0.0662     2.3004     0.1641     -1.464     -1.464     0.5247    306.557     88.876 -9.990e-29
        156     -1.470    10.9086   0.077203    -0.0630     2.3013     0.1670     -1.457     -1.456     0.5262    305.820     88.851 -9.990e-29
        157     -1.466    10.9661   0.091895    -0.0596     2.3021     0.1699     -1.452     -1.452     0.6300    305.140     88.830 -9.990e-29
        158     -1.461    11.0035   0.175270    -0.0560     2.3030     0.1728     -1.447     -1.447     1.2380    303.673     88.820 -9.990e-29
        159     -1.453    11.0265   0.211233    -0.0524     2.3039     0.1755     -1.440     -1.440     1.5060    302.983     88.816 -9.990e-29
        160     -1.441    11.0375   0.254545    -0.0487     2.3048     0.1781     -1.428     -1.428     1.8332    302.280     88.816 -9.990e-29
        161     -1.424    11.0403   0.329306    -0.0447     2.3056     0.1807     -1.411     -1.411     2.4077    301.165     88.816 -9.990e-29
        162     -1.403    11.0426   0.386212    -0.0404     2.3065     0.1833     -1.390     -1.390     2.8516    300.333     88.824 -9.990e-29
        163     -1.376    11.0434   0.356141    -0.0359     2.3075     0.1858     -1.363     -1.363     2.6162    300.829     88.840 -9.990e-29
        164     -1.345    11.0437   0.336336    -0.0311     2.3084     0.1883     -1.333     -1.333     2.4621    301.168     88.854 -9.990e-29
        165     -1.316    11.0549   0.329687    -0.0260     2.3093     0.1907     -1.304     -1.304     2.4097    301.240     88.869 -9.990e-29
        166     -1.289    11.0693   0.374593    -0.0206     2.3102     0.1932     -1.277     -1.277     2.7585    300.532     88.885 -9.990e-29
        167     -1.261    11.0814   0.434402    -0.0148     2.3110     0.1958     -1.249     -1.249     3.2283    299.605     88.899 -9.990e-29
        168     -1.233    11.0949   0.500906    -0.0087     2.3119     0.1984     -1.221     -1.222     3.7562    298.584     88.920 -9.990e-29
        169     -1.204    11.1078   0.786976    -0.0020     2.3127     0.2011     -1.193     -1.193     6.0898    294.180     88.937 -9.990e-29
        170     -1.175    11.1160   1.536472     0.0051     2.3136     0.2039     -1.164     -1.164    12.5352    282.447     88.961 -9.990e-29
        171     -1.146    11.1273   1.848330     0.0129     2.3144     0.2068     -1.135     -1.135    15.3197    277.499     88.979 -9.990e-29
        172     -1.117    11.1389   2.071478     0.0213     2.3152     0.2098     -1.106     -1.107    17.3418    273.956     88.998 -9.990e-29
        173     -1.088    11.1488   2.770879     0.0305     2.3160     0.2129     -1.077     -1.078    23.8467    262.896     89.018 -9.990e-29
        174     -1.060    11.1540   3.052554     0.0404     2.3167     0.2162     -1.050     -1.050    26.5281    258.485     89.035 -9.990e-29
        175     -1.033    11.1535   3.154074     0.0511     2.3174     0.2197     -1.023     -1.023    27.5047    256.944     89.054 -9.990e-29
        176     -1.004    11.1522   3.181742     0.0627     2.3180     0.2234     -0.995     -0.995    27.7725    256.558     89.068 -9.990e-29
        177     -0.977    11.1491   3.180323     0.0753     2.3187     0.2274     -0.968     -0.968    27.7611    256.653     89.089 -9.990e-29
        178     -0.951    11.1455   3.232885     0.0888     2.3194     0.2316     -0.943     -0.942    28.2717    255.907     89.111 -9.990e-29
        179     -0.928    11.1428   3.326272     0.1035     2.3201     0.2362     -0.919     -0.919    29.1793    254.523     89.136 -9.990e-29
        180     -0.905    11.1397   3.368743     0.1195     2.3207     0.2411     -0.897     -0.897    29.5948    253.934     89.159 -9.990e-29
        181     -0.884    11.1361   3.392030     0.1368     2.3214     0.2463     -0.876     -0.876    29.8245    253.673     89.190 -9.990e-29
        182     -0.861    11.1348   3.399841     0.1547     2.3220     0.2517     -0.853     -0.853    29.9017    253.640     89.219 -9.990e-29
        183     -0.837    11.1367   3.400350     0.1720     2.3227     0.2567     -0.829     -0.829    29.9051    253.733     89.258 -9.990e-29
        184     -0.811    11.1395   3.400297     0.1879     2.3234     0.2613     -0.804     -0.803    29.9023    253.845     89.301 -9.990e-29
        185     -0.786    11.1443   3.400124     0.2026     2.3242     0.2653     -0.779     -0.779    29.8967    253.978     89.354 -9.990e-29
        186     -0.762    11.1476   3.400271     0.2160     2.3250     0.2689     -0.756     -0.755    29.8955    254.129     89.412 -9.990e-29
        187     -0.740    11.1478   3.400884     0.2283     2.3258     0.2721     -0.734     -0.733    29.9013    254.304     89.478 -9.990e-29
        188     -0.718    11.1452   3.401365     0.2397     2.3266     0.2749     -0.712     -0.711    29.9081    254.516     89.551 -9.990e-29
        189     -0.697    11.1433   3.402150     0.2501     2.3274     0.2774     -0.691     -0.691    29.9172    254.741     89.632 -9.990e-29
        190     -0.676    11.1413   3.402471     0.2597     2.3282     0.2795     -0.670     -0.670    29.9220    254.996     89.720 -9.990e-29
        191     -0.654    11.1390   3.402866     0.2685     2.3289     0.2812     -0.649     -0.648    29.9277    255.260     89.812 -9.990e-29
        192     -0.631    11.1363   3.403376     0.2767     2.3296     0.2826     -0.625     -0.625    29.9349    255.545     89.911 -9.990e-29
        193     -0.607    11.1305   3.402868     0.2841     2.3301     0.2837     -0.601     -0.601    29.9346    255.855     90.009 -9.990e-29
        194     -0.584    11.1203   3.402577     0.2910     2.3307     0.2845     -0.579     -0.579    29.9401    256.217     90.120 -9.990e-29
        195     -0.562    11.1120   3.402560     0.2973     2.3311     0.2849     -0.557     -0.557    29.9466    256.563     90.229 -9.990e-29
        196     -0.541    11.1049   3.403032     0.3031     2.3317     0.2850     -0.536     -0.536    29.9570    256.945     90.356 -9.990e-29
        197     -0.520    11.1025   3.402777     0.3085     2.3322     0.2848     -0.515     -0.515    29.9565    257.325     90.484 -9.990e-29
        198     -0.500    11.1049   3.402430     0.3134     2.3328     0.2843     -0.496     -0.495    29.9511    257.721     90.625 -9.990e-29
        199     -0.482    11.1107   3.402730     0.3179     2.3334     0.2835     -0.478     -0.478    29.9493    258.109     90.772 -9.990e-29
        200     -0.464    11.1148   3.403629     0.3220     2.3341     0.2824     -0.460     -0.460    29.9547    258.528     90.930 -9.990e-29
        201     -0.445    11.1221   3.404260     0.3258     2.3348     0.2810     -0.441     -0.441    29.9550    258.953     91.094 -9.990e-29
        202     -0.425    11.1316   3.404376     0.3293     2.3357     0.2792     -0.421     -0.421    29.9483    259.418     91.273 -9.990e-29
        203     -0.404    11.1413   3.404360     0.3326     2.3368     0.2771     -0.401     -0.400    29.9403    259.926     91.466 -9.990e-29
        204     -0.384    11.1493   3.404250     0.3356     2.3380     0.2747     -0.381     -0.380    29.9327    260.468     91.668 -9.990e-29
        205     -0.366    11.1557   3.404215     0.3384     2.3394     0.2719     -0.363     -0.363    29.9272    261.055     91.884 -9.990e-29
        206     -0.350    11.1619   3.404197     0.3410     2.3409     0.2687     -0.347     -0.347    29.9219    261.667     92.108 -9.990e-29
        207     -0.332    11.1670   3.404117     0.3434     2.3425     0.2651     -0.329     -0.329    29.9170    262.305     92.340 -9.990e-29
        208     -0.313    11.1706   3.403972     0.3457     2.3443     0.2616     -0.310     -0.310    29.9127    262.987     92.585 -9.990e-29
        209     -0.293    11.1736   3.403884     0.3477     2.3462     0.2582     -0.290     -0.290    29.9094    263.689     92.836 -9.990e-29
        210     -0.273    11.1773   3.403794     0.3496     2.3482     0.2552     -0.270     -0.270    29.9055    264.405     93.093 -9.990e-29
        211     -0.253    11.1826   3.403673     0.3513     2.3504     0.2524     -0.251     -0.251    29.9000    265.142     93.360 -9.990e-29
        212     -0.234    11.1888   3.403604     0.3529     2.3528     0.2499     -0.232     -0.232    29.8943    265.902     93.637 -9.990e-29
        213     -0.213    11.1953   3.403482     0.3544     2.3553     0.2475     -0.211     -0.211    29.8878    266.672     93.917 -9.990e-29
        214     -0.191    11.2007   3.403304     0.3558     2.3580     0.2453     -0.189     -0.189    29.8817    267.471     94.206 -9.990e-29
        215     -0.167    11.2038   3.403153     0.3570     2.3608     0.2434     -0.165     -0.165    29.8777    268.290     94.498 -9.990e-29
        216     -0.142    11.2061   3.402999     0.3583     2.3636     0.2415     -0.141     -0.141    29.8743    269.101     94.787 -9.990e-29
        217     -0.118    11.2080   3.402849     0.3594     2.3665     0.2399     -0.117     -0.117    29.8713    269.918     95.077 -9.990e-29
        218     -0.094    11.2098   3.402758     0.3606     2.3695     0.2384     -0.093     -0.093    29.8690    270.732     95.366 -9.990e-29
        219     -0.072    11.2113   3.402630     0.3617     2.3727     0.2370     -0.072     -0.071    29.8665    271.559     95.659 -9.990e-29
        220     -0.050    11.2122   3.402541     0.3627     2.3760     0.2357     -0.050     -0.050    29.8649    272.380     95.949 -9.990e-29
        221     -0.028    11.2136   3.402512     0.3638     2.3794     0.2345     -0.028     -0.028    29.8635    273.189     96.236 -9.990e-29
        222     -0.007    11.2159   3.402481     0.3649     2.3830     0.2334     -0.007     -0.007    29.8613    273.993     96.522 -9.990e-29
