Data/CTD_08.cnv
* Sea-Bird SBE 9 Data File:
* FileName = C:\Users\ctd-user\Desktop\CTD_data\OC4920\CTD_08.hex
* Software Version Seasave V 7.26.2.13
* Temperature SN = 6313
* Conductivity SN = 4758
* Number of Bytes Per Scan = 28
* Number of Voltage Words = 3
* Number of Scans Averaged by the Deck Unit = 1
* NMEA Latitude = 57 53.87 N
* NMEA Longitude = 010 46.83 E
* NMEA UTC (Time) = May 07 2025 10:06:26
** Station: test
** Operator: Operator 1
** Ship: 7720 Skagerak
** Cruise: 7720-2025-01
** Latitude [GG MM.mm N]:
** Longitude [GG MM.mm E]:
** Pumps: PrimaryPump: 1820 # SecondaryPump:
** EventIDs: EventID: 3decf26d-821b-4112-8042-a2c98b568458 # ParentEventID:
** Additional Sampling:
** Metadata admin: MPROG: Other # PROJ: Other # ORDERER: GU # SLABO: GU # ALABO: GU # REFSK: ingen
** Metadata conditions: WADEP: 10 # WINSP: 1 # WINDIR: 02 # AIRPRES: 1000 # AIRTEMP: 1 # WEATH: 9 # CLOUD: 9 # WAVES: 9 # ICEOB: 9 # COMNT_VISIT:
** LIMS Job:
# nquan = 13                                
# nvalues = 7186                        
# units = specified
# name 0 = scan: Scan Count
# name 1 = prDM: Pressure, Digiquartz [db]
# name 2 = t090C: Temperature [ITS-90, deg C]
# name 3 = c0S/m: Conductivity [S/m]
# name 4 = flECO-AFL: Fluorescence, WET Labs ECO-AFL/FL [mg/m^3]
# name 5 = sbeox0V: Oxygen raw, SBE 43 [V]
# name 6 = turbWETntu0: Turbidity, WET Labs ECO [NTU]
# name 7 = depSM: Depth [salt water, m]
# name 8 = depSM: Depth [salt water, m], lat = 57.8978
# name 9 = sal00: Salinity, Practical [PSU]
# name 10 = sbeox0Mm/L: Oxygen, SBE 43 [umol/l], WS = 2
# name 11 = sbeox0PS: Oxygen, SBE 43 [% saturation], WS = 2
# name 12 = flag: flag
# span 0 =          1,       7186       
# span 1 =     -1.153,    138.085       
# span 2 =     7.8790,    10.4366       
# span 3 =   3.375925,   3.686232       
# span 4 =    -0.0497,     5.4174       
# span 5 =     2.5241,     2.8335       
# span 6 =     0.1633,     0.4456       
# span 7 =     -1.142,    136.761       
# span 8 =     -1.142,    136.761       
# span 9 =    30.2689,    35.3157       
# span 10 =    293.279,    330.988      
# span 11 =     99.373,    113.910      
# span 12 = 0.0000e+00, 0.0000e+00      
# interval = seconds: 0.0416667
# start_time = May 07 2025 10:06:26 [NMEA time, header]
# bad_flag = -9.990e-29
*END*
[from data line 2112]
       2113     32.428     8.3987   3.677981     0.1168     2.6224     0.1658     32.125     32.125    35.1934    299.334    102.597 0.0000e+00
       2114     32.446     8.3993   3.678072     0.1174     2.6222     0.1658     32.144     32.143    35.1938    299.307    102.589 0.0000e+00
       2115     32.467     8.3997   3.678072     0.1179     2.6220     0.1658     32.164     32.164    35.1934    299.284    102.582 0.0000e+00
       2116     32.488     8.4002   3.678157     0.1185     2.6217     0.1659     32.185     32.185    35.1938    299.243    102.570 0.0000e+00
       2117     32.510     8.4004   3.678217     0.1191     2.6214     0.1659     32.207     32.206    35.1942    299.204    102.557 0.0000e+00
       2118     32.533     8.4007   3.678199     0.1197     2.6211     0.1660     32.229     32.229    35.1937    299.165    102.544 0.0000e+00
       2119     32.554     8.4009   3.678240     0.1204     2.6209     0.1662     32.250     32.250    35.1939    299.140    102.536 0.0000e+00
       2120     32.576     8.4018   3.678279     0.1210     2.6206     0.1663     32.272     32.272    35.1934    299.097    102.523 0.0000e+00
       2121     32.597     8.4036   3.678320     0.1217     2.6205     0.1665     32.293     32.293    35.1921    299.078    102.519 0.0000e+00
       2122     32.619     8.4072   3.678464     0.1224     2.6203     0.1667     32.315     32.314    35.1900    299.032    102.511 0.0000e+00
       2123     32.640     8.4104   3.678637     0.1231     2.6201     0.1670     32.336     32.335    35.1886    298.988    102.502 0.0000e+00
       2124     32.660     8.4127   3.678830     0.1239     2.6199     0.1673     32.355     32.355    35.1884    298.951    102.494 0.0000e+00
       2125     32.681     8.4143   3.678937     0.1248     2.6197     0.1675     32.376     32.376    35.1879    298.922    102.488 0.0000e+00
       2126     32.702     8.4153   3.678927     0.1256     2.6195     0.1678     32.397     32.397    35.1868    298.898    102.481 0.0000e+00
       2127     32.722     8.4163   3.678996     0.1264     2.6193     0.1680     32.416     32.416    35.1865    298.875    102.475 0.0000e+00
       2128     32.741     8.4167   3.679062     0.1271     2.6191     0.1683     32.435     32.435    35.1868    298.856    102.470 0.0000e+00
       2129     32.761     8.4174   3.679087     0.1278     2.6188     0.1685     32.455     32.455    35.1863    298.821    102.459 0.0000e+00
       2130     32.782     8.4181   3.679094     0.1284     2.6186     0.1687     32.476     32.476    35.1857    298.801    102.454 0.0000e+00
       2131     32.804     8.4193   3.679139     0.1291     2.6183     0.1689     32.498     32.498    35.1850    298.764    102.443 0.0000e+00
       2132     32.826     8.4210   3.679300     0.1297     2.6181     0.1691     32.520     32.519    35.1850    298.734    102.436 0.0000e+00
       2133     32.847     8.4216   3.679697     0.1303     2.6179     0.1693     32.541     32.540    35.1886    298.704    102.430 0.0000e+00
       2134     32.869     8.4221   3.680136     0.1308     2.6177     0.1694     32.562     32.562    35.1928    298.676    102.424 0.0000e+00
       2135     32.893     8.4230   3.680486     0.1314     2.6175     0.1695     32.586     32.586    35.1956    298.649    102.419 0.0000e+00
       2136     32.917     8.4243   3.680705     0.1320     2.6174     0.1696     32.610     32.610    35.1966    298.636    102.418 0.0000e+00
       2137     32.943     8.4262   3.680867     0.1325     2.6172     0.1697     32.635     32.635    35.1964    298.609    102.413 0.0000e+00
       2138     32.969     8.4277   3.681003     0.1331     2.6170     0.1699     32.661     32.661    35.1964    298.583    102.408 0.0000e+00
       2139     32.994     8.4281   3.681051     0.1336     2.6168     0.1700     32.686     32.686    35.1965    298.566    102.403 0.0000e+00
       2140     33.018     8.4292   3.681167     0.1342     2.6165     0.1701     32.710     32.710    35.1966    298.533    102.394 0.0000e+00
       2141     33.042     8.4296   3.681275     0.1348     2.6163     0.1702     32.734     32.733    35.1973    298.518    102.391 0.0000e+00
       2142     33.065     8.4297   3.681430     0.1354     2.6161     0.1702     32.756     32.756    35.1989    298.506    102.387 0.0000e+00
       2143     33.088     8.4301   3.681587     0.1360     2.6159     0.1703     32.780     32.779    35.2001    298.491    102.384 0.0000e+00
       2144     33.112     8.4308   3.681678     0.1366     2.6156     0.1703     32.803     32.803    35.2004    298.462    102.376 0.0000e+00
       2145     33.135     8.4318   3.681788     0.1373     2.6154     0.1704     32.826     32.826    35.2005    298.444    102.372 0.0000e+00
       2146     33.159     8.4321   3.681878     0.1380     2.6152     0.1705     32.850     32.849    35.2012    298.433    102.370 0.0000e+00
       2147     33.184     8.4321   3.681937     0.1388     2.6150     0.1705     32.874     32.874    35.2018    298.425    102.367 0.0000e+00
       2148     33.208     8.4324   3.682152     0.1396     2.6149     0.1706     32.898     32.898    35.2038    298.427    102.370 0.0000e+00
       2149     33.232     8.4326   3.682415     0.1404     2.6148     0.1707     32.922     32.922    35.2064    298.430    102.373 0.0000e+00
       2150     33.255     8.4329   3.682523     0.1413     2.6147     0.1707     32.945     32.944    35.2072    298.436    102.376 0.0000e+00
       2151     33.280     8.4332   3.682619     0.1422     2.6147     0.1708     32.969     32.969    35.2079    298.458    102.385 0.0000e+00
       2152     33.305     8.4337   3.682685     0.1431     2.6146     0.1708     32.994     32.994    35.2081    298.465    102.389 0.0000e+00
       2153     33.331     8.4340   3.682721     0.1440     2.6144     0.1708     33.020     33.020    35.2082    298.462    102.388 0.0000e+00
       2154     33.358     8.4347   3.682740     0.1447     2.6142     0.1709     33.047     33.046    35.2077    298.455    102.387 0.0000e+00
       2155     33.384     8.4347   3.682732     0.1455     2.6141     0.1709     33.072     33.072    35.2076    298.467    102.391 0.0000e+00
       2156     33.410     8.4351   3.682828     0.1462     2.6139     0.1710     33.098     33.098    35.2082    298.461    102.391 0.0000e+00
       2157     33.437     8.4358   3.682943     0.1469     2.6137     0.1711     33.125     33.125    35.2087    298.454    102.390 0.0000e+00
       2158     33.464     8.4358   3.682990     0.1476     2.6136     0.1711     33.152     33.151    35.2092    298.467    102.395 0.0000e+00
       2159     33.492     8.4360   3.682995     0.1482     2.6134     0.1712     33.179     33.179    35.2090    298.466    102.395 0.0000e+00
       2160     33.519     8.4361   3.683024     0.1488     2.6132     0.1712     33.206     33.206    35.2092    298.466    102.395 0.0000e+00
       2161     33.544     8.4366   3.683072     0.1494     2.6130     0.1713     33.231     33.231    35.2092    298.466    102.396 0.0000e+00
       2162     33.568     8.4366   3.683089     0.1500     2.6128     0.1713     33.255     33.255    35.2094    298.469    102.397 0.0000e+00
       2163     33.593     8.4373   3.683168     0.1506     2.6127     0.1714     33.280     33.279    35.2095    298.481    102.403 0.0000e+00
       2164     33.619     8.4378   3.683235     0.1512     2.6127     0.1714     33.305     33.305    35.2097    298.508    102.414 0.0000e+00
       2165     33.644     8.4386   3.683303     0.1518     2.6127     0.1715     33.330     33.330    35.2096    298.531    102.424 0.0000e+00
       2166     33.669     8.4384   3.683373     0.1524     2.6127     0.1716     33.354     33.355    35.2105    298.558    102.433 0.0000e+00
       2167     33.694     8.4387   3.683384     0.1530     2.6126     0.1716     33.380     33.379    35.2104    298.568    102.437 0.0000e+00
       2168     33.720     8.4384   3.683436     0.1536     2.6125     0.1716     33.405     33.405    35.2112    298.580    102.441 0.0000e+00
       2169     33.746     8.4386   3.683519     0.1542     2.6124     0.1716     33.431     33.431    35.2119    298.584    102.443 0.0000e+00
       2170     33.772     8.4387   3.683542     0.1549     2.6123     0.1715     33.457     33.457    35.2120    298.587    102.445 0.0000e+00
       2171     33.799     8.4387   3.683522     0.1556     2.6122     0.1715     33.484     33.483    35.2118    298.589    102.445 0.0000e+00
       2172     33.827     8.4389   3.683558     0.1563     2.6122     0.1714     33.511     33.511    35.2119    298.602    102.450 0.0000e+00
       2173     33.854     8.4394   3.683624     0.1571     2.6121     0.1714     33.538     33.538    35.2121    298.597    102.450 0.0000e+00
       2174     33.880     8.4390   3.683711     0.1579     2.6120     0.1714     33.563     33.564    35.2134    298.595    102.449 0.0000e+00
       2175     33.905     8.4390   3.683782     0.1588     2.6120     0.1714     33.588     33.588    35.2142    298.604    102.453 0.0000e+00
       2176     33.929     8.4392   3.683823     0.1596     2.6119     0.1713     33.612     33.612    35.2144    298.600    102.452 0.0000e+00
       2177     33.954     8.4395   3.683907     0.1605     2.6119     0.1713     33.637     33.637    35.2150    298.607    102.455 0.0000e+00
       2178     33.980     8.4389   3.683897     0.1613     2.6118     0.1713     33.662     33.663    35.2155    298.605    102.454 0.0000e+00
       2179     34.005     8.4386   3.683913     0.1620     2.6118     0.1713     33.687     33.687    35.2159    298.613    102.456 0.0000e+00
       2180     34.029     8.4383   3.683940     0.1627     2.6118     0.1712     33.711     33.711    35.2165    298.621    102.458 0.0000e+00
       2181     34.053     8.4381   3.683950     0.1632     2.6118     0.1712     33.736     33.735    35.2168    298.624    102.459 0.0000e+00
       2182     34.079     8.4374   3.683946     0.1637     2.6118     0.1712     33.761     33.761    35.2174    298.628    102.459 0.0000e+00
       2183     34.105     8.4373   3.683992     0.1641     2.6118     0.1713     33.786     33.786    35.2180    298.625    102.458 0.0000e+00
       2184     34.130     8.4371   3.684008     0.1645     2.6118     0.1712     33.811     33.811    35.2184    298.620    102.456 0.0000e+00
       2185     34.155     8.4371   3.684007     0.1649     2.6118     0.1712     33.836     33.836    35.2184    298.612    102.454 0.0000e+00
       2186     34.180     8.4368   3.683974     0.1652     2.6118     0.1712     33.860     33.861    35.2183    298.602    102.450 0.0000e+00
       2187     34.206     8.4368   3.683967     0.1655     2.6118     0.1712     33.887     33.886    35.2182    298.588    102.445 0.0000e+00
       2188     34.232     8.4358   3.683986     0.1658     2.6117     0.1712     33.913     33.912    35.2194    298.562    102.434 0.0000e+00
       2189     34.257     8.4358   3.683973     0.1661     2.6117     0.1712     33.937     33.937    35.2192    298.545    102.428 0.0000e+00
       2190     34.281     8.4353   3.683982     0.1663     2.6116     0.1712     33.962     33.961    35.2198    298.517    102.418 0.0000e+00
       2191     34.306     8.4353   3.683939     0.1665     2.6115     0.1712     33.986     33.986    35.2194    298.491    102.409 0.0000e+00
       2192     34.331     8.4348   3.683899     0.1667     2.6115     0.1712     34.010     34.010    35.2194    298.482    102.405 0.0000e+00
       2193     34.355     8.4345   3.683861     0.1669     2.6114     0.1712     34.034     34.034    35.2193    298.457    102.395 0.0000e+00
       2194     34.379     8.4345   3.683854     0.1671     2.6112     0.1712     34.058     34.058    35.2192    298.416    102.381 0.0000e+00
       2195     34.402     8.4343   3.683852     0.1673     2.6111     0.1712     34.081     34.081    35.2194    298.390    102.372 0.0000e+00
       2196     34.425     8.4340   3.683850     0.1674     2.6110     0.1712     34.104     34.103    35.2197    298.365    102.363 0.0000e+00
       2197     34.449     8.4339   3.683800     0.1676     2.6109     0.1712     34.127     34.127    35.2192    298.342    102.354 0.0000e+00
       2198     34.472     8.4339   3.683805     0.1677     2.6108     0.1712     34.150     34.150    35.2193    298.318    102.346 0.0000e+00
       2199     34.494     8.4337   3.683785     0.1678     2.6106     0.1712     34.172     34.172    35.2192    298.283    102.334 0.0000e+00
       2200     34.516     8.4339   3.683707     0.1679     2.6105     0.1712     34.193     34.194    35.2182    298.264    102.327 0.0000e+00
       2201     34.538     8.4339   3.683705     0.1680     2.6104     0.1711     34.215     34.215    35.2182    298.243    102.320 0.0000e+00
       2202     34.561     8.4337   3.683686     0.1681     2.6103     0.1711     34.238     34.238    35.2181    298.226    102.313 0.0000e+00
       2203     34.584     8.4337   3.683654     0.1682     2.6102     0.1710     34.261     34.261    35.2178    298.208    102.307 0.0000e+00
       2204     34.607     8.4337   3.683641     0.1682     2.6101     0.1710     34.283     34.284    35.2176    298.190    102.301 0.0000e+00
       2205     34.629     8.4337   3.683598     0.1683     2.6099     0.1709     34.306     34.306    35.2172    298.158    102.289 0.0000e+00
       2206     34.652     8.4339   3.683622     0.1684     2.6098     0.1709     34.328     34.328    35.2172    298.139    102.283 0.0000e+00
       2207     34.675     8.4340   3.683615     0.1684     2.6096     0.1709     34.351     34.351    35.2170    298.108    102.273 0.0000e+00
       2208     34.698     8.4342   3.683591     0.1685     2.6094     0.1709     34.374     34.374    35.2166    298.078    102.263 0.0000e+00
       2209     34.723     8.4347   3.683549     0.1685     2.6093     0.1709     34.399     34.399    35.2156    298.063    102.258 0.0000e+00
       2210     34.746     8.4353   3.683592     0.1686     2.6091     0.1709     34.422     34.421    35.2155    298.034    102.249 0.0000e+00
       2211     34.768     8.4363   3.683565     0.1686     2.6090     0.1709     34.444     34.443    35.2142    298.022    102.247 0.0000e+00
       2212     34.790     8.4379   3.683576     0.1687     2.6088     0.1709     34.466     34.465    35.2127    297.994    102.240 0.0000e+00
       2213     34.812     8.4386   3.683589     0.1687     2.6086     0.1709     34.488     34.487    35.2121    297.974    102.234 0.0000e+00
       2214     34.834     8.4390   3.683590     0.1687     2.6085     0.1709     34.509     34.509    35.2117    297.974    102.235 0.0000e+00
       2215     34.854     8.4395   3.683590     0.1688     2.6085     0.1710     34.529     34.528    35.2112    297.991    102.241 0.0000e+00
       2216     34.874     8.4397   3.683590     0.1688     2.6085     0.1710     34.548     34.548    35.2110    298.011    102.249 0.0000e+00
       2217     34.893     8.4394   3.683612     0.1688     2.6084     0.1710     34.567     34.567    35.2115    298.022    102.252 0.0000e+00
       2218     34.913     8.4392   3.683616     0.1688     2.6083     0.1710     34.587     34.587    35.2117    298.034    102.256 0.0000e+00
       2219     34.934     8.4390   3.683614     0.1689     2.6083     0.1710     34.607     34.608    35.2119    298.058    102.264 0.0000e+00
       2220     34.955     8.4390   3.683613     0.1689     2.6082     0.1710     34.628     34.628    35.2119    298.065    102.266 0.0000e+00
       2221     34.976     8.4394   3.683667     0.1689     2.6082     0.1710     34.649     34.649    35.2120    298.083    102.273 0.0000e+00
       2222     34.999     8.4395   3.683774     0.1689     2.6082     0.1710     34.672     34.672    35.2131    298.099    102.280 0.0000e+00
