Data/CTD_14.cnv
* Sea-Bird SBE 9 Data File:
* FileName = C:\Users\ctd-user\Desktop\CTD_data\OC4920\CTD_14.hex
* Software Version Seasave V 7.26.2.13
* Temperature SN = 6313
* Conductivity SN = 4758
* Number of Bytes Per Scan = 28
* Number of Voltage Words = 3
* Number of Scans Averaged by the Deck Unit = 1
* NMEA Latitude = 57 47.84 N
* NMEA Longitude = 010 46.19 E
* NMEA UTC (Time) = May 07 2025 12:38:22
** Station: test
** Operator: Operator 1
** Ship: 7720 Skagerak
** Cruise: 7720-2025-01
** Latitude [GG MM.mm N]:
** Longitude [GG MM.mm E]:
** Pumps: PrimaryPump: 1820 # SecondaryPump:
** EventIDs: EventID: 3decf26d-821b-4112-8042-a2c98b568458 # ParentEventID:
** Additional Sampling:
** Metadata admin: MPROG: Other # PROJ: Other # ORDERER: GU # SLABO: GU # ALABO: GU # REFSK: ingen
** Metadata conditions: WADEP: 10 # WINSP: 1 # WINDIR: 02 # AIRPRES: 1000 # AIRTEMP: 1 # WEATH: 9 # CLOUD: 9 # WAVES: 9 # ICEOB: 9 # COMNT_VISIT:
** LIMS Job:
# nquan = 13                                
# nvalues = 5930                        
# units = specified
# name 0 = scan: Scan Count
# name 1 = prDM: Pressure, Digiquartz [db]
# name 2 = t090C: Temperature [ITS-90, deg C]
# name 3 = c0S/m: Conductivity [S/m]
# name 4 = flECO-AFL: Fluorescence, WET Labs ECO-AFL/FL [mg/m^3]
# name 5 = sbeox0V: Oxygen raw, SBE 43 [V]
# name 6 = turbWETntu0: Turbidity, WET Labs ECO [NTU]
# name 7 = depSM: Depth [salt water, m]
# name 8 = depSM: Depth [salt water, m], lat = 57.7973
# name 9 = sal00: Salinity, Practical [PSU]
# name 10 = sbeox0Mm/L: Oxygen, SBE 43 [umol/l], WS = 2
# name 11 = sbeox0PS: Oxygen, SBE 43 [% saturation], WS = 2
# name 12 = flag: flag
# span 0 =          1,       5930       
# span 1 =     -1.531,     62.690       
# span 2 =     7.6943,    11.3063       
# span 3 =   0.310447,   3.615269       
# span 4 =    -0.4466,     2.5583       
# span 5 =     1.7264,     2.7680       
# span 6 =     0.0515,     2.0762       
# span 7 =     -1.517,     62.101       
# span 8 =     -1.517,     62.101       
# span 9 =     2.2876,    35.1398       
# span 10 =    195.678,    319.295      
# span 11 =     59.197,    110.239      
# span 12 = 0.0000e+00, 0.0000e+00      
# interval = seconds: 0.0416667
# start_time = May 07 2025 12:38:22 [NMEA time, header]
# bad_flag = -9.990e-29
*END*
[from data line 5334]
       5335     51.723     7.7852   3.609010     0.0656     2.5292     0.2961     51.238     51.238    35.0591    292.555     98.817 0.0000e+00
       5336     51.745     7.7844   3.609007     0.0650     2.5292     0.2962     51.259     51.260    35.0599    292.579     98.824 0.0000e+00
       5337     51.765     7.7835   3.608933     0.0646     2.5292     0.2963     51.280     51.280    35.0600    292.601     98.829 0.0000e+00
       5338     51.785     7.7831   3.608961     0.0642     2.5292     0.2964     51.299     51.300    35.0607    292.615     98.834 0.0000e+00
       5339     51.803     7.7824   3.608894     0.0640     2.5292     0.2965     51.317     51.317    35.0607    292.630     98.837 0.0000e+00
       5340     51.820     7.7820   3.608797     0.0638     2.5293     0.2966     51.334     51.334    35.0600    292.655     98.844 0.0000e+00
       5341     51.840     7.7818   3.608826     0.0636     2.5293     0.2968     51.354     51.354    35.0605    292.660     98.846 0.0000e+00
       5342     51.863     7.7815   3.608790     0.0634     2.5294     0.2969     51.376     51.377    35.0604    292.677     98.851 0.0000e+00
       5343     51.885     7.7812   3.608772     0.0633     2.5294     0.2971     51.398     51.399    35.0605    292.677     98.850 0.0000e+00
       5344     51.906     7.7808   3.608825     0.0632     2.5295     0.2973     51.420     51.419    35.0615    292.689     98.854 0.0000e+00
       5345     51.928     7.7808   3.608789     0.0632     2.5295     0.2975     51.442     51.441    35.0611    292.686     98.853 0.0000e+00
       5346     51.952     7.7805   3.608818     0.0632     2.5294     0.2978     51.465     51.465    35.0617    292.669     98.847 0.0000e+00
       5347     51.978     7.7803   3.608865     0.0633     2.5294     0.2980     51.491     51.491    35.0624    292.668     98.846 0.0000e+00
       5348     52.004     7.7805   3.608825     0.0634     2.5293     0.2983     51.517     51.516    35.0617    292.651     98.841 0.0000e+00
       5349     52.029     7.7801   3.608847     0.0636     2.5292     0.2986     51.541     51.541    35.0624    292.637     98.835 0.0000e+00
       5350     52.052     7.7797   3.608870     0.0638     2.5291     0.2988     51.564     51.564    35.0630    292.623     98.830 0.0000e+00
       5351     52.074     7.7791   3.608862     0.0641     2.5291     0.2991     51.586     51.586    35.0635    292.624     98.829 0.0000e+00
       5352     52.097     7.7778   3.608864     0.0644     2.5291     0.2995     51.609     51.609    35.0648    292.629     98.829 0.0000e+00
       5353     52.121     7.7769   3.608903     0.0648     2.5291     0.2999     51.632     51.632    35.0661    292.632     98.829 0.0000e+00
       5354     52.142     7.7761   3.608894     0.0654     2.5291     0.3003     51.654     51.653    35.0668    292.635     98.829 0.0000e+00
       5355     52.164     7.7754   3.608940     0.0660     2.5290     0.3007     51.675     51.675    35.0680    292.622     98.823 0.0000e+00
       5356     52.185     7.7747   3.608950     0.0666     2.5290     0.3011     51.696     51.696    35.0688    292.623     98.823 0.0000e+00
       5357     52.207     7.7739   3.608918     0.0671     2.5289     0.3015     51.718     51.718    35.0693    292.611     98.817 0.0000e+00
       5358     52.230     7.7729   3.608938     0.0677     2.5288     0.3019     51.740     51.740    35.0705    292.596     98.811 0.0000e+00
       5359     52.252     7.7722   3.608942     0.0682     2.5287     0.3022     51.762     51.762    35.0712    292.578     98.804 0.0000e+00
       5360     52.274     7.7720   3.608942     0.0686     2.5286     0.3025     51.784     51.784    35.0714    292.557     98.796 0.0000e+00
       5361     52.297     7.7716   3.608994     0.0691     2.5285     0.3029     51.806     51.807    35.0724    292.536     98.789 0.0000e+00
       5362     52.321     7.7709   3.608957     0.0696     2.5284     0.3032     51.829     51.830    35.0727    292.518     98.781 0.0000e+00
       5363     52.344     7.7706   3.608957     0.0701     2.5284     0.3035     51.853     51.853    35.0730    292.512     98.779 0.0000e+00
       5364     52.369     7.7706   3.608998     0.0706     2.5283     0.3037     51.877     51.878    35.0734    292.492     98.772 0.0000e+00
       5365     52.394     7.7701   3.608956     0.0710     2.5283     0.3039     51.903     51.903    35.0734    292.493     98.771 0.0000e+00
       5366     52.419     7.7701   3.608938     0.0713     2.5281     0.3041     51.927     51.928    35.0732    292.463     98.761 0.0000e+00
       5367     52.444     7.7700   3.608963     0.0716     2.5280     0.3043     51.952     51.952    35.0736    292.449     98.757 0.0000e+00
       5368     52.470     7.7701   3.608946     0.0719     2.5279     0.3045     51.978     51.978    35.0733    292.435     98.752 0.0000e+00
       5369     52.496     7.7698   3.608981     0.0722     2.5278     0.3047     52.003     52.004    35.0739    292.424     98.748 0.0000e+00
       5370     52.520     7.7699   3.609005     0.0724     2.5277     0.3050     52.027     52.028    35.0741    292.411     98.744 0.0000e+00
       5371     52.543     7.7698   3.608928     0.0726     2.5277     0.3052     52.050     52.050    35.0733    292.412     98.744 0.0000e+00
       5372     52.566     7.7696   3.608958     0.0729     2.5277     0.3055     52.073     52.073    35.0739    292.412     98.743 0.0000e+00
       5373     52.589     7.7697   3.608995     0.0731     2.5277     0.3057     52.096     52.096    35.0742    292.407     98.742 0.0000e+00
       5374     52.610     7.7695   3.608977     0.0733     2.5277     0.3060     52.116     52.117    35.0741    292.400     98.739 0.0000e+00
       5375     52.632     7.7697   3.608972     0.0735     2.5277     0.3063     52.138     52.138    35.0739    292.387     98.735 0.0000e+00
       5376     52.655     7.7696   3.608996     0.0736     2.5277     0.3067     52.161     52.161    35.0742    292.373     98.730 0.0000e+00
       5377     52.678     7.7696   3.608979     0.0737     2.5278     0.3070     52.184     52.184    35.0740    292.375     98.731 0.0000e+00
       5378     52.702     7.7697   3.608974     0.0738     2.5278     0.3074     52.208     52.208    35.0739    292.361     98.726 0.0000e+00
       5379     52.725     7.7696   3.608974     0.0739     2.5278     0.3079     52.231     52.231    35.0740    292.349     98.722 0.0000e+00
       5380     52.750     7.7693   3.608949     0.0740     2.5278     0.3083     52.255     52.255    35.0740    292.338     98.718 0.0000e+00
       5381     52.778     7.7696   3.608969     0.0741     2.5277     0.3088     52.283     52.283    35.0739    292.309     98.709 0.0000e+00
       5382     52.805     7.7696   3.608975     0.0742     2.5276     0.3092     52.310     52.310    35.0739    292.282     98.700 0.0000e+00
       5383     52.831     7.7693   3.608975     0.0743     2.5275     0.3095     52.335     52.336    35.0742    292.256     98.690 0.0000e+00
       5384     52.855     7.7693   3.609028     0.0744     2.5274     0.3099     52.359     52.359    35.0748    292.227     98.681 0.0000e+00
       5385     52.879     7.7691   3.609011     0.0744     2.5273     0.3101     52.383     52.383    35.0748    292.199     98.671 0.0000e+00
       5386     52.903     7.7689   3.608981     0.0744     2.5272     0.3103     52.407     52.407    35.0746    292.172     98.661 0.0000e+00
       5387     52.928     7.7688   3.609028     0.0744     2.5272     0.3105     52.431     52.432    35.0752    292.156     98.656 0.0000e+00
       5388     52.952     7.7691   3.608971     0.0744     2.5272     0.3106     52.455     52.455    35.0743    292.141     98.651 0.0000e+00
       5389     52.975     7.7690   3.609001     0.0744     2.5272     0.3107     52.478     52.478    35.0747    292.125     98.646 0.0000e+00
       5390     52.997     7.7691   3.609037     0.0744     2.5272     0.3108     52.500     52.500    35.0750    292.108     98.640 0.0000e+00
       5391     53.020     7.7689   3.609013     0.0745     2.5271     0.3109     52.523     52.523    35.0749    292.078     98.630 0.0000e+00
       5392     53.043     7.7688   3.609013     0.0745     2.5270     0.3109     52.546     52.546    35.0750    292.047     98.619 0.0000e+00
       5393     53.067     7.7687   3.609037     0.0745     2.5269     0.3109     52.570     52.569    35.0754    292.016     98.609 0.0000e+00
       5394     53.092     7.7684   3.609013     0.0746     2.5268     0.3109     52.594     52.594    35.0754    291.987     98.598 0.0000e+00
       5395     53.115     7.7677   3.609034     0.0747     2.5266     0.3108     52.616     52.617    35.0763    291.945     98.583 0.0000e+00
       5396     53.138     7.7673   3.609039     0.0747     2.5265     0.3107     52.639     52.640    35.0768    291.918     98.573 0.0000e+00
       5397     53.163     7.7666   3.609008     0.0748     2.5263     0.3106     52.664     52.664    35.0771    291.881     98.559 0.0000e+00
       5398     53.189     7.7657   3.609052     0.0748     2.5260     0.3104     52.690     52.690    35.0785    291.829     98.541 0.0000e+00
       5399     53.213     7.7643   3.609059     0.0748     2.5257     0.3102     52.714     52.714    35.0800    291.783     98.523 0.0000e+00
       5400     53.237     7.7630   3.609002     0.0748     2.5255     0.3100     52.737     52.738    35.0807    291.754     98.511 0.0000e+00
       5401     53.262     7.7625   3.609019     0.0748     2.5254     0.3098     52.762     52.763    35.0813    291.736     98.504 0.0000e+00
       5402     53.288     7.7615   3.608992     0.0748     2.5252     0.3096     52.788     52.788    35.0820    291.710     98.494 0.0000e+00
       5403     53.313     7.7607   3.608984     0.0748     2.5251     0.3094     52.812     52.813    35.0827    291.699     98.489 0.0000e+00
       5404     53.336     7.7591   3.609008     0.0748     2.5250     0.3092     52.836     52.836    35.0846    291.693     98.484 0.0000e+00
       5405     53.360     7.7582   3.608982     0.0749     2.5249     0.3089     52.859     52.860    35.0852    291.685     98.480 0.0000e+00
       5406     53.383     7.7573   3.608997     0.0749     2.5248     0.3085     52.882     52.882    35.0863    291.676     98.475 0.0000e+00
       5407     53.406     7.7562   3.609035     0.0749     2.5247     0.3081     52.905     52.905    35.0878    291.668     98.471 0.0000e+00
       5408     53.430     7.7545   3.608958     0.0748     2.5246     0.3078     52.928     52.929    35.0886    291.665     98.467 0.0000e+00
       5409     53.453     7.7529   3.608959     0.0748     2.5245     0.3074     52.952     52.952    35.0903    291.659     98.462 0.0000e+00
       5410     53.476     7.7520   3.608932     0.0747     2.5244     0.3072     52.974     52.974    35.0909    291.650     98.458 0.0000e+00
       5411     53.497     7.7508   3.608899     0.0746     2.5243     0.3069     52.995     52.995    35.0917    291.641     98.453 0.0000e+00
       5412     53.518     7.7500   3.608872     0.0745     2.5242     0.3067     53.016     53.016    35.0922    291.630     98.448 0.0000e+00
       5413     53.542     7.7497   3.608831     0.0744     2.5240     0.3064     53.039     53.040    35.0921    291.606     98.439 0.0000e+00
       5414     53.566     7.7495   3.608795     0.0742     2.5239     0.3062     53.063     53.064    35.0919    291.597     98.435 0.0000e+00
       5415     53.590     7.7494   3.608772     0.0740     2.5238     0.3060     53.087     53.087    35.0917    291.589     98.432 0.0000e+00
       5416     53.614     7.7491   3.608759     0.0738     2.5237     0.3058     53.111     53.111    35.0918    291.585     98.430 0.0000e+00
       5417     53.639     7.7487   3.608587     0.0736     2.5237     0.3056     53.135     53.136    35.0904    291.602     98.434 0.0000e+00
       5418     53.663     7.7486   3.608634     0.0734     2.5236     0.3054     53.159     53.160    35.0910    291.600     98.434 0.0000e+00
       5419     53.686     7.7486   3.608594     0.0731     2.5236     0.3053     53.183     53.182    35.0905    291.616     98.439 0.0000e+00
       5420     53.710     7.7487   3.608571     0.0728     2.5235     0.3052     53.206     53.206    35.0902    291.617     98.439 0.0000e+00
       5421     53.735     7.7486   3.608601     0.0725     2.5234     0.3051     53.230     53.231    35.0906    291.620     98.440 0.0000e+00
       5422     53.759     7.7481   3.608528     0.0722     2.5233     0.3050     53.254     53.255    35.0903    291.627     98.441 0.0000e+00
       5423     53.782     7.7475   3.608521     0.0719     2.5232     0.3049     53.277     53.278    35.0908    291.631     98.441 0.0000e+00
       5424     53.805     7.7468   3.608513     0.0716     2.5232     0.3048     53.300     53.300    35.0914    291.645     98.445 0.0000e+00
       5425     53.828     7.7458   3.608451     0.0712     2.5231     0.3047     53.323     53.323    35.0917    291.646     98.443 0.0000e+00
       5426     53.850     7.7437   3.608474     0.0708     2.5230     0.3046     53.345     53.345    35.0941    291.648     98.441 0.0000e+00
       5427     53.871     7.7413   3.608489     0.0703     2.5229     0.3045     53.365     53.366    35.0967    291.651     98.438 0.0000e+00
       5428     53.891     7.7397   3.608455     0.0698     2.5228     0.3044     53.385     53.386    35.0979    291.650     98.435 0.0000e+00
       5429     53.913     7.7381   3.608414     0.0693     2.5226     0.3044     53.407     53.407    35.0990    291.634     98.427 0.0000e+00
       5430     53.935     7.7358   3.608455     0.0687     2.5225     0.3043     53.429     53.429    35.1018    291.637     98.424 0.0000e+00
       5431     53.957     7.7356   3.608443     0.0680     2.5224     0.3043     53.450     53.451    35.1019    291.629     98.421 0.0000e+00
       5432     53.978     7.7358   3.608409     0.0674     2.5223     0.3043     53.472     53.472    35.1013    291.621     98.419 0.0000e+00
       5433     54.001     7.7355   3.608433     0.0668     2.5221     0.3044     53.495     53.494    35.1018    291.601     98.412 0.0000e+00
       5434     54.025     7.7351   3.608408     0.0663     2.5220     0.3044     53.518     53.518    35.1020    291.598     98.410 0.0000e+00
       5435     54.048     7.7350   3.608403     0.0659     2.5218     0.3045     53.541     53.541    35.1020    291.578     98.403 0.0000e+00
       5436     54.071     7.7351   3.608410     0.0654     2.5216     0.3045     53.563     53.564    35.1020    291.557     98.396 0.0000e+00
       5437     54.094     7.7351   3.608310     0.0651     2.5215     0.3046     53.586     53.587    35.1009    291.550     98.393 0.0000e+00
       5438     54.117     7.7355   3.608301     0.0647     2.5214     0.3047     53.609     53.609    35.1003    291.537     98.389 0.0000e+00
       5439     54.140     7.7353   3.608319     0.0645     2.5213     0.3048     53.632     53.632    35.1007    291.526     98.385 0.0000e+00
       5440     54.161     7.7350   3.608241     0.0642     2.5213     0.3048     53.652     53.653    35.1002    291.530     98.386 0.0000e+00
       5441     54.182     7.7345   3.608163     0.0640     2.5213     0.3048     53.673     53.674    35.0998    291.535     98.386 0.0000e+00
       5442     54.202     7.7341   3.608180     0.0638     2.5213     0.3048     53.694     53.694    35.1004    291.538     98.386 0.0000e+00
       5443     54.222     7.7334   3.608107     0.0636     2.5213     0.3048     53.714     53.713    35.1003    291.545     98.387 0.0000e+00
       5444     54.243     7.7324   3.608104     0.0635     2.5213     0.3047     53.734     53.734    35.1013    291.555     98.389 0.0000e+00
