Data/CTD_18_avg.cnv
* Sea-Bird SBE 9 Data File:
* FileName = C:\Users\ctd-user\Desktop\CTD_data\OC4920\CTD_18.hex
* Software Version Seasave V 7.26.2.13
* Temperature SN = 6313
* Conductivity SN = 4758
* Number of Bytes Per Scan = 28
* Number of Voltage Words = 3
* Number of Scans Averaged by the Deck Unit = 1
* NMEA Latitude = 57 33.54 N
* NMEA Longitude = 011 31.40 E
* NMEA UTC (Time) = May 08 2025 12:12:37
** Station: test
** Operator: Operator 1
** Ship: 7720 Skagerak
** Cruise: 7720-2025-01
** Latitude [GG MM.mm N]:
** Longitude [GG MM.mm E]:
** Pumps: PrimaryPump: 1820 # SecondaryPump:
** EventIDs: EventID: 3decf26d-821b-4112-8042-a2c98b568458 # ParentEventID:
** Additional Sampling:
** Metadata admin: MPROG: Other # PROJ: Other # ORDERER: GU # SLABO: GU # ALABO: GU # REFSK: ingen
** Metadata conditions: WADEP: 10 # WINSP: 1 # WINDIR: 02 # AIRPRES: 1000 # AIRTEMP: 1 # WEATH: 9 # CLOUD: 9 # WAVES: 9 # ICEOB: 9 # COMNT_VISIT:
** LIMS Job:
# nquan = 13
# nvalues = 125                         
# units = specified
# name 0 = scan: Scan Count
# name 1 = prDM: Pressure, Digiquartz [db]
# name 2 = t090C: Temperature [ITS-90, deg C]
# name 3 = c0S/m: Conductivity [S/m]
# name 4 = flECO-AFL: Fluorescence, WET Labs ECO-AFL/FL [mg/m^3]
# name 5 = sbeox0V: Oxygen raw, SBE 43 [V]
# name 6 = turbWETntu0: Turbidity, WET Labs ECO [NTU]
# name 7 = depSM: Depth [salt water, m]
# name 8 = depSM: Depth [salt water, m], lat = 57.559
# name 9 = sal00: Salinity, Practical [PSU]
# name 10 = sbeox0Mm/L: Oxygen, SBE 43 [umol/l], WS = 2
# name 11 = sbeox0PS: Oxygen, SBE 43 [% saturation], WS = 2
# name 12 = flag: flag
# span 0 =        822,       5247       
# span 1 =      9.589,     72.179       
# span 2 =     7.0292,     9.3666       
# span 3 =   3.322430,   3.581266       
# span 4 =     0.1286,     3.3350       
# span 5 =     2.3128,     2.5766       
# span 6 =     0.1980,     0.3207       
# span 7 =      9.500,     71.500       
# span 8 =      9.500,     71.500       
# span 9 =    31.5305,    34.5806       
# span 10 =    259.837,    280.475      
# span 11 =     87.710,     95.257      
# span 12 = 0.0000e+00, 0.0000e+00      
# interval = meters: 0.5                
# start_time = May 08 2025 12:12:37 [NMEA time, header]
# bad_flag = -9.990e-29
*END*
        822      9.589     8.3026   3.322430     3.3350     2.3128     0.2157      9.500      9.500    31.5305    262.424     87.710 0.0000e+00
       2299     10.093     8.7923   3.451448     3.0445     2.5766     0.2137     10.000     10.000    32.4374    280.475     95.257 0.0000e+00
       2331     10.598     9.1791   3.525843     3.3191     2.5207     0.2150     10.500     10.500    32.8556    270.218     92.819 0.0000e+00
       2354     11.103     9.2941   3.559917     2.9233     2.4713     0.2137     11.000     11.000    33.1017    264.849     91.352 0.0000e+00
       2377     11.607     9.3632   3.574062     2.0926     2.4330     0.2076     11.500     11.500    33.1836    261.697     90.450 0.0000e+00
       2400     12.112     9.3666   3.579861     1.4707     2.4049     0.2067     12.000     12.000    33.2401    260.079     89.930 0.0000e+00
       2423     12.617     9.2729   3.581266     0.8855     2.3834     0.2075     12.500     12.500    33.3417    259.837     89.720 0.0000e+00
       2446     13.122     9.1784   3.576834     0.6750     2.3749     0.2094     13.000     13.000    33.3839    263.613     90.859 0.0000e+00
       2469     13.626     8.8985   3.566957     0.6071     2.3858     0.2141     13.500     13.500    33.5442    270.847     92.870 0.0000e+00
       2492     14.131     8.5601   3.533575     0.6113     2.4062     0.2129     14.000     14.000    33.5140    275.544     93.755 0.0000e+00
       2515     14.636     8.5311   3.519958     0.7170     2.4133     0.2032     14.500     14.500    33.3978    272.406     92.558 0.0000e+00
       2538     15.140     8.6897   3.536225     0.7888     2.4050     0.1991     15.000     15.000    33.4187    269.104     91.772 0.0000e+00
       2561     15.645     8.6957   3.551147     0.6577     2.4040     0.1995     15.500     15.500    33.5696    271.238     92.603 0.0000e+00
       2584     16.150     8.4597   3.543438     0.4833     2.4113     0.1988     16.000     16.000    33.7131    274.474     93.302 0.0000e+00
       2607     16.654     8.3425   3.520308     0.4446     2.4172     0.1988     16.500     16.500    33.5800    275.594     93.357 0.0000e+00
       2629     17.159     8.3591   3.525800     0.4696     2.4195     0.1988     17.000     17.000    33.6220    274.902     93.183 0.0000e+00
       2653     17.664     8.3670   3.526749     0.4476     2.4197     0.1980     17.500     17.500    33.6243    274.344     93.011 0.0000e+00
       2676     18.169     8.3427   3.530018     0.4343     2.4176     0.1982     18.000     18.000    33.6819    273.198     92.607 0.0000e+00
       2698     18.673     8.3004   3.531984     0.3730     2.4120     0.2010     18.500     18.500    33.7432    272.056     92.169 0.0000e+00
       2721     19.178     8.2957   3.532328     0.3741     2.4064     0.2063     19.000     19.000    33.7511    271.569     92.000 0.0000e+00
       2744     19.683     8.2940   3.532980     0.3205     2.4021     0.2125     19.500     19.500    33.7594    271.104     91.843 0.0000e+00
       2767     20.187     8.2791   3.533357     0.3025     2.3975     0.2162     20.000     20.000    33.7775    270.516     91.624 0.0000e+00
       2790     20.692     8.2386   3.532805     0.3280     2.3933     0.2204     20.500     20.500    33.8103    270.467     91.544 0.0000e+00
       2813     21.197     8.2434   3.536254     0.3006     2.3909     0.2267     21.000     21.000    33.8421    270.414     91.555 0.0000e+00
       2836     21.701     8.2465   3.538921     0.2485     2.3891     0.2310     21.500     21.500    33.8673    270.228     91.514 0.0000e+00
       2859     22.206     8.2126   3.539767     0.2536     2.3876     0.2324     22.000     22.000    33.9088    269.979     91.384 0.0000e+00
       2882     22.711     8.2004   3.539747     0.2817     2.3842     0.2347     22.500     22.500    33.9201    269.048     91.051 0.0000e+00
       2905     23.216     8.1938   3.539283     0.3153     2.3797     0.2411     23.000     23.000    33.9214    268.833     90.966 0.0000e+00
       2927     23.720     8.1326   3.538779     0.4284     2.3790     0.2461     23.500     23.500    33.9751    270.269     91.357 0.0000e+00
       2950     24.225     7.8766   3.523621     0.3053     2.3820     0.2382     24.000     24.000    34.0615    273.302     91.903 0.0000e+00
       2973     24.730     7.5925   3.495625     0.2666     2.3894     0.2363     24.500     24.500    34.0371    277.505     92.704 0.0000e+00
       2996     25.234     7.4700   3.478206     0.3440     2.3986     0.2306     25.000     25.000    33.9682    279.294     93.001 0.0000e+00
       3019     25.739     7.4708   3.469648     0.4959     2.4032     0.2272     25.500     25.500    33.8744    278.928     92.823 0.0000e+00
       3042     26.244     7.5249   3.483213     0.4821     2.4047     0.2230     26.000     26.000    33.9682    278.030     92.695 0.0000e+00
       3064     26.749     7.5240   3.485269     0.3655     2.4048     0.2163     26.500     26.500    33.9911    277.493     92.528 0.0000e+00
       3088     27.253     7.5321   3.486204     0.3597     2.4032     0.2151     27.000     27.000    33.9931    277.063     92.403 0.0000e+00
       3111     27.758     7.5109   3.486546     0.3745     2.4021     0.2159     27.500     27.500    34.0174    277.296     92.451 0.0000e+00
       3134     28.263     7.4357   3.481804     0.3595     2.4025     0.2162     28.000     28.000    34.0395    278.310     92.644 0.0000e+00
       3156     28.768     7.4447   3.477089     0.3777     2.4036     0.2157     28.500     28.500    33.9792    278.250     92.606 0.0000e+00
       3178     29.272     7.4841   3.482034     0.3399     2.4029     0.2168     29.000     29.000    33.9940    277.473     92.439 0.0000e+00
       3202     29.777     7.5045   3.485608     0.3518     2.4012     0.2182     29.500     29.500    34.0125    276.825     92.277 0.0000e+00
       3225     30.282     7.5215   3.487859     0.2961     2.3989     0.2207     30.000     30.000    34.0199    276.436     92.188 0.0000e+00
       3247     30.786     7.5586   3.491728     0.2584     2.3978     0.2223     30.500     30.500    34.0253    276.396     92.256 0.0000e+00
       3269     31.291     7.5388   3.496180     0.2526     2.3975     0.2231     31.000     31.000    34.0927    276.204     92.191 0.0000e+00
       3293     31.796     7.5026   3.492488     0.2688     2.3950     0.2234     31.500     31.500    34.0880    275.327     91.819 0.0000e+00
       3316     32.301     7.4816   3.489364     0.3238     2.3905     0.2232     32.000     32.000    34.0744    275.148     91.708 0.0000e+00
       3338     32.805     7.4270   3.487862     0.3331     2.3895     0.2236     32.500     32.500    34.1117    276.090     91.930 0.0000e+00
       3361     33.310     7.3395   3.480131     0.3755     2.3895     0.2233     33.000     33.000    34.1134    276.770     91.974 0.0000e+00
       3384     33.815     7.3044   3.475053     0.3224     2.3895     0.2234     33.500     33.500    34.0925    277.291     92.061 0.0000e+00
       3407     34.320     7.2823   3.472803     0.3223     2.3907     0.2255     34.000     34.000    34.0896    277.490     92.079 0.0000e+00
       3430     34.824     7.2672   3.471558     0.3311     2.3897     0.2330     34.500     34.500    34.0906    276.995     91.883 0.0000e+00
       3452     35.329     7.2570   3.470690     0.3280     2.3883     0.2343     35.000     35.000    34.0909    276.920     91.837 0.0000e+00
       3474     35.834     7.2476   3.470206     0.3367     2.3873     0.2317     35.500     35.500    34.0946    276.908     91.816 0.0000e+00
       3497     36.339     7.2298   3.469229     0.3601     2.3863     0.2317     36.000     36.000    34.1013    276.866     91.769 0.0000e+00
       3521     36.843     7.2162   3.468260     0.3732     2.3851     0.2324     36.500     36.500    34.1039    276.624     91.662 0.0000e+00
       3543     37.348     7.1904   3.467400     0.3817     2.3830     0.2346     37.000     37.000    34.1198    276.253     91.494 0.0000e+00
       3566     37.853     7.1596   3.464894     0.3976     2.3803     0.2410     37.500     37.500    34.1226    276.053     91.365 0.0000e+00
       3590     38.358     7.1366   3.463357     0.3965     2.3781     0.2494     38.000     38.000    34.1283    276.025     91.311 0.0000e+00
       3613     38.862     7.0664   3.460585     0.3665     2.3763     0.2571     38.500     38.500    34.1672    276.353     91.297 0.0000e+00
       3635     39.367     7.0292   3.457250     0.3881     2.3749     0.2672     39.000     39.000    34.1673    276.560     91.287 0.0000e+00
       3658     39.872     7.0388   3.458757     0.4215     2.3743     0.2860     39.500     39.500    34.1741    276.733     91.368 0.0000e+00
       3681     40.377     7.0409   3.460084     0.4490     2.3746     0.2997     40.000     40.000    34.1863    276.585     91.331 0.0000e+00
       3703     40.881     7.0419   3.460385     0.4943     2.3730     0.3020     40.500     40.500    34.1883    275.943     91.122 0.0000e+00
       3726     41.386     7.0335   3.460530     0.4950     2.3711     0.3007     41.000     41.000    34.1980    275.898     91.096 0.0000e+00
       3749     41.891     7.0312   3.460221     0.4145     2.3702     0.2992     41.500     41.500    34.1966    275.975     91.116 0.0000e+00
       3772     42.396     7.0361   3.460407     0.3825     2.3696     0.2910     42.000     42.000    34.1936    276.044     91.147 0.0000e+00
       3795     42.900     7.0374   3.461104     0.3828     2.3696     0.2911     42.500     42.500    34.1997    276.147     91.187 0.0000e+00
       3818     43.405     7.0404   3.461026     0.4028     2.3696     0.2960     43.000     43.000    34.1956    276.124     91.184 0.0000e+00
       3841     43.910     7.0522   3.462031     0.4096     2.3695     0.2975     43.500     43.500    34.1946    276.005     91.168 0.0000e+00
       3864     44.415     7.0722   3.463253     0.4070     2.3693     0.2974     44.000     44.000    34.1880    275.929     91.181 0.0000e+00
       3886     44.920     7.0981   3.466720     0.3820     2.3696     0.2942     44.500     44.500    34.2000    276.034     91.277 0.0000e+00
       3909     45.424     7.1046   3.467998     0.3611     2.3709     0.2940     45.000     45.000    34.2074    276.271     91.373 0.0000e+00
       3932     45.929     7.1073   3.468311     0.3584     2.3718     0.2978     45.500     45.500    34.2078    276.482     91.449 0.0000e+00
       3954     46.434     7.1187   3.469649     0.3578     2.3735     0.2975     46.000     46.000    34.2109    276.654     91.532 0.0000e+00
       3977     46.939     7.2422   3.476046     0.3596     2.3744     0.2931     46.500     46.500    34.1584    275.827     91.484 0.0000e+00
       4000     47.443     7.2610   3.485342     0.3517     2.3746     0.2824     47.000     47.000    34.2410    275.440     91.445 0.0000e+00
       4023     47.948     7.2626   3.486112     0.3061     2.3747     0.2763     47.500     47.500    34.2475    275.531     91.482 0.0000e+00
       4046     48.453     7.2607   3.486238     0.3023     2.3752     0.2778     48.000     48.000    34.2506    275.612     91.507 0.0000e+00
       4069     48.958     7.2874   3.486721     0.2833     2.3754     0.2761     48.500     48.500    34.2291    275.751     91.596 0.0000e+00
       4091     49.462     7.3049   3.490900     0.2460     2.3773     0.2779     49.000     49.000    34.2572    276.114     91.770 0.0000e+00
       4114     49.967     7.3027   3.491886     0.2167     2.3787     0.2773     49.500     49.500    34.2698    275.733     91.647 0.0000e+00
       4137     50.472     7.3024   3.491866     0.2015     2.3773     0.2729     50.000     50.000    34.2697    275.329     91.511 0.0000e+00
       4159     50.977     7.2920   3.491736     0.2036     2.3774     0.2697     50.500     50.500    34.2783    275.818     91.658 0.0000e+00
       4182     51.482     7.2235   3.488148     0.2235     2.3779     0.2664     51.000     51.000    34.3069    275.973     91.583 0.0000e+00
       4204     51.986     7.2253   3.486193     0.2303     2.3757     0.2689     51.500     51.500    34.2834    274.977     91.242 0.0000e+00
       4228     52.491     7.2190   3.486722     0.2148     2.3725     0.2796     52.000     52.000    34.2952    274.662     91.132 0.0000e+00
       4250     52.996     7.1349   3.483860     0.2134     2.3702     0.2876     52.500     52.500    34.3473    275.002     91.100 0.0000e+00
       4273     53.501     7.1053   3.476800     0.1975     2.3687     0.2937     53.000     53.000    34.2992    275.514     91.180 0.0000e+00
       4296     54.005     7.1008   3.476647     0.2323     2.3687     0.2921     53.500     53.500    34.3017    275.715     91.238 0.0000e+00
       4319     54.510     7.0956   3.476711     0.2426     2.3681     0.2916     54.000     54.000    34.3073    275.481     91.153 0.0000e+00
       4342     55.015     7.0994   3.476602     0.2284     2.3675     0.3013     54.500     54.500    34.3022    275.696     91.229 0.0000e+00
       4365     55.520     7.1108   3.478551     0.2315     2.3685     0.3082     55.000     55.000    34.3119    276.071     91.383 0.0000e+00
       4388     56.025     7.1167   3.479639     0.2389     2.3696     0.2991     55.500     55.500    34.3177    275.948     91.358 0.0000e+00
       4410     56.529     7.1368   3.481014     0.2321     2.3693     0.2856     56.000     56.000    34.3124    275.727     91.324 0.0000e+00
       4433     57.034     7.1523   3.483600     0.2122     2.3699     0.2831     56.500     56.500    34.3252    275.762     91.375 0.0000e+00
       4455     57.539     7.1648   3.485318     0.2093     2.3701     0.2865     57.000     57.000    34.3313    275.795     91.416 0.0000e+00
       4478     58.044     7.1792   3.486985     0.2204     2.3709     0.2834     57.500     57.500    34.3350    275.623     91.391 0.0000e+00
       4501     58.549     7.1946   3.488755     0.2325     2.3700     0.2817     58.000     58.000    34.3388    275.325     91.327 0.0000e+00
       4524     59.053     7.2397   3.492043     0.2284     2.3707     0.2780     58.500     58.500    34.3296    275.571     91.497 0.0000e+00
       4547     59.558     7.2440   3.496291     0.2132     2.3716     0.2785     59.000     59.000    34.3715    275.352     91.459 0.0000e+00
       4569     60.063     7.3319   3.497337     0.1926     2.3714     0.2811     59.500     59.500    34.2954    274.738     91.392 0.0000e+00
       4592     60.568     7.4050   3.515442     0.1788     2.3713     0.2839     60.000     60.000    34.4198    274.150     91.423 0.0000e+00
       4615     61.073     7.3941   3.516858     0.1798     2.3716     0.2895     60.500     60.500    34.4458    274.164     91.421 0.0000e+00
       4638     61.577     7.3864   3.516565     0.1680     2.3713     0.2940     61.000     61.000    34.4501    274.151     91.403 0.0000e+00
       4661     62.082     7.3614   3.515094     0.1565     2.3712     0.2923     61.500     61.500    34.4586    274.192     91.370 0.0000e+00
       4683     62.587     7.3134   3.512096     0.1634     2.3701     0.2951     62.000     62.000    34.4735    274.183     91.276 0.0000e+00
       4706     63.092     7.2700   3.507266     0.2045     2.3695     0.2936     62.500     62.500    34.4638    274.800     91.385 0.0000e+00
       4729     63.597     7.2657   3.505731     0.2025     2.3700     0.2960     63.000     63.000    34.4511    274.898     91.401 0.0000e+00
       4751     64.102     7.2762   3.506610     0.1776     2.3696     0.3001     63.500     63.500    34.4500    274.583     91.317 0.0000e+00
       4774     64.606     7.3023   3.509937     0.1551     2.3688     0.3022     64.000     64.000    34.4600    274.205     91.252 0.0000e+00
       4797     65.111     7.3166   3.512599     0.1433     2.3677     0.3046     64.500     64.500    34.4746    273.918     91.195 0.0000e+00
