Data/CTD_13_avg.cnv
* Sea-Bird SBE 9 Data File:
* FileName = C:\Users\ctd-user\Desktop\CTD_data\OC4920\CTD_13.hex
* Software Version Seasave V 7.26.2.13
* Temperature SN = 6313
* Conductivity SN = 4758
* Number of Bytes Per Scan = 28
* Number of Voltage Words = 3
* Number of Scans Averaged by the Deck Unit = 1
* NMEA Latitude = 57 48.82 N
* NMEA Longitude = 010 46.28 E
* NMEA UTC (Time) = May 07 2025 12:13:01
** Station: test
** Operator: Operator 1
** Ship: 7720 Skagerak
** Cruise: 7720-2025-01
** Latitude [GG MM.mm N]:
** Longitude [GG MM.mm E]:
** Pumps: PrimaryPump: 1820 # SecondaryPump:
** EventIDs: EventID: 3decf26d-821b-4112-8042-a2c98b568458 # ParentEventID:
** Additional Sampling:
** Metadata admin: MPROG: Other # PROJ: Other # ORDERER: GU # SLABO: GU # ALABO: GU # REFSK: ingen
** Metadata conditions: WADEP: 10 # WINSP: 1 # WINDIR: 02 # AIRPRES: 1000 # AIRTEMP: 1 # WEATH: 9 # CLOUD: 9 # WAVES: 9 # ICEOB: 9 # COMNT_VISIT:
** LIMS Job:
# nquan = 13
# nvalues = 154                         
# units = specified
# name 0 = scan: Scan Count
# name 1 = prDM: Pressure, Digiquartz [db]
# name 2 = t090C: Temperature [ITS-90, deg C]
# name 3 = c0S/m: Conductivity [S/m]
# name 4 = flECO-AFL: Fluorescence, WET Labs ECO-AFL/FL [mg/m^3]
# name 5 = sbeox0V: Oxygen raw, SBE 43 [V]
# name 6 = turbWETntu0: Turbidity, WET Labs ECO [NTU]
# name 7 = depSM: Depth [salt water, m]
# name 8 = depSM: Depth [salt water, m], lat = 57.8137
# name 9 = sal00: Salinity, Practical [PSU]
# name 10 = sbeox0Mm/L: Oxygen, SBE 43 [umol/l], WS = 2
# name 11 = sbeox0PS: Oxygen, SBE 43 [% saturation], WS = 2
# name 12 = flag: flag
# span 0 =       4767,      12714       
# span 1 =      0.505,     77.734       
# span 2 =     7.6597,    10.5457       
# span 3 =   2.249191,   3.834305       
# span 4 =     0.0037,     3.0234       
# span 5 =     1.8330,     2.6221       
# span 6 =     0.1912,     0.8585       
# span 7 =      0.500,     77.000       
# span 8 =      0.500,     77.000       
# span 9 =    19.9303,    35.8717       
# span 10 =    197.936,    303.634      
# span 11 =     66.235,    103.888      
# span 12 = 0.0000e+00, 0.0000e+00      
# interval = meters: 0.5                
# start_time = May 07 2025 12:13:01 [NMEA time, header]
# bad_flag = -9.990e-29
*END*
       4767      0.505    10.3141   3.381680     0.7844     2.2457     0.2298      0.500      0.500    30.3986    260.117     90.171 0.0000e+00
       4797      1.009    10.3219   3.379893     0.7301     2.3471     0.2277      1.000      1.000    30.3741    277.616     96.238 0.0000e+00
       4859      1.514    10.5457   3.380936     0.5382     2.5212     0.2210      1.500      1.500    30.1981    287.478    100.027 0.0000e+00
       4884      2.019    10.1983   3.379718     0.7753     2.5325     0.2278      2.000      2.000    30.4758    290.733    100.578 0.0000e+00
       4903      2.523     9.7193   3.376264     1.1973     2.5570     0.2383      2.500      2.500    30.8477    295.212    101.302 0.0000e+00
       4926      3.028     9.4752   3.382083     1.6831     2.5700     0.2503      3.000      3.000    31.1166    293.295    100.278 0.0000e+00
       4953      3.533     9.4465   3.424949     2.0947     2.5612     0.2560      3.500      3.500    31.5795    287.147     98.407 0.0000e+00
       4977      4.037     9.2715   3.450587     2.2721     2.5437     0.2621      4.000      4.000    31.9981    282.387     96.663 0.0000e+00
       5043      4.542     9.2273   3.479802     2.4496     2.4308     0.2637      4.500      4.500    32.3389    262.520     89.966 0.0000e+00
       5807      5.047     9.4584   3.106861     3.0234     1.8330     0.2636      5.000      5.000    28.3952    197.936     66.235 0.0000e+00
       5970      5.551     9.4507   2.249191     2.9738     2.2835     0.2602      5.500      5.500    19.9303    280.963     89.220 0.0000e+00
       6475      6.056     9.2123   3.834305     1.9569     2.1824     0.2595      6.000      6.000    35.8717    222.918     78.467 0.0000e+00
       6657      6.561     8.8393   3.500743     1.0693     2.0377     0.2597      6.500      6.500    32.9108    217.677     74.238 0.0000e+00
       6675      7.066     8.7574   3.500090     0.8400     2.0367     0.2634      7.000      7.000    32.9800    217.409     74.044 0.0000e+00
       6695      7.570     8.7709   3.500502     0.7149     2.0325     0.2683      7.500      7.500    32.9715    216.775     73.846 0.0000e+00
       6722      8.075     8.7804   3.500576     0.6480     2.0306     0.2756      8.000      8.000    32.9632    217.856     74.226 0.0000e+00
       6750      8.580     8.6654   3.500286     0.5794     2.0365     0.2853      8.500      8.500    33.0673    220.670     75.043 0.0000e+00
       6776      9.084     8.7197   3.500607     0.5571     2.0439     0.2934      9.000      9.000    33.0196    221.219     75.298 0.0000e+00
       6814      9.589     8.7833   3.500617     0.4463     2.0534     0.2807      9.500      9.500    32.9606    221.896     75.606 0.0000e+00
       7518     10.094     8.4623   3.552078     0.3414     2.2085     0.2675     10.000     10.000    33.8064    245.211     83.449 0.0000e+00
       9524     10.598     8.3828   3.610568     0.3385     2.5099     0.2735     10.500     10.500    34.5021    285.079     97.239 0.0000e+00
       9560     11.103     8.3577   3.609959     0.3753     2.5109     0.2779     11.000     11.000    34.5201    285.238     97.249 0.0000e+00
       9584     11.608     8.3397   3.609326     0.3976     2.5083     0.2769     11.500     11.500    34.5307    284.574     96.991 0.0000e+00
       9610     12.112     8.3271   3.608557     0.3782     2.5037     0.2712     12.000     12.000    34.5347    283.754     96.686 0.0000e+00
       9632     12.617     8.3079   3.606534     0.4059     2.5000     0.2683     12.500     12.500    34.5317    283.602     96.592 0.0000e+00
       9652     13.122     8.2932   3.606466     0.4320     2.4970     0.2671     13.000     13.000    34.5452    283.109     96.400 0.0000e+00
       9674     13.626     8.2740   3.605712     0.3650     2.4924     0.2728     13.500     13.500    34.5559    282.353     96.108 0.0000e+00
       9698     14.131     8.2500   3.604697     0.3338     2.4877     0.2802     14.000     14.000    34.5684    282.056     95.964 0.0000e+00
       9721     14.636     8.2189   3.603233     0.3098     2.4842     0.2847     14.500     14.500    34.5832    282.030     95.897 0.0000e+00
       9745     15.141     8.1688   3.601743     0.2669     2.4810     0.2841     15.000     15.000    34.6165    281.951     95.783 0.0000e+00
       9768     15.645     8.1251   3.598695     0.2042     2.4785     0.2914     15.500     15.500    34.6268    282.042     95.727 0.0000e+00
       9789     16.150     8.1031   3.597469     0.1674     2.4766     0.2947     16.000     16.000    34.6352    282.372     95.796 0.0000e+00
       9811     16.655     8.0855   3.596472     0.1538     2.4773     0.2928     16.500     16.500    34.6416    283.431     96.122 0.0000e+00
       9836     17.159     8.0659   3.595690     0.1770     2.4818     0.2956     17.000     17.000    34.6524    285.946     96.939 0.0000e+00
       9860     17.664     8.0864   3.595607     0.2143     2.4951     0.2996     17.500     17.500    34.6310    290.329     98.457 0.0000e+00
       9883     18.169     8.1610   3.603966     0.3096     2.5166     0.2938     18.000     18.000    34.6464    295.238    100.300 0.0000e+00
       9905     18.674     8.2616   3.612708     0.5293     2.5445     0.2887     18.500     18.500    34.6403    299.989    102.139 0.0000e+00
       9927     19.178     8.3646   3.626489     0.8205     2.5748     0.2839     19.000     19.000    34.6853    303.009    103.435 0.0000e+00
       9949     19.683     8.4534   3.639472     1.3178     2.5995     0.2726     19.500     19.500    34.7355    303.634    103.888 0.0000e+00
       9971     20.188     8.4570   3.645123     1.6848     2.6161     0.2599     20.000     20.000    34.7917    303.126    103.761 0.0000e+00
       9993     20.692     8.4414   3.648824     1.8999     2.6221     0.2492     20.500     20.500    34.8464    300.767    102.954 0.0000e+00
      10016     21.197     8.2790   3.641235     1.7473     2.6172     0.2303     21.000     21.000    34.9263    299.066    102.054 0.0000e+00
      10040     21.702     8.2206   3.630363     1.3236     2.6080     0.2164     21.500     21.500    34.8680    297.360    101.301 0.0000e+00
      10065     22.207     8.0310   3.620517     1.0579     2.5961     0.2138     22.000     22.000    34.9511    296.829    100.746 0.0000e+00
      10089     22.711     7.9573   3.605112     0.9158     2.5869     0.2140     22.500     22.500    34.8589    297.167    100.633 0.0000e+00
      10112     23.216     7.9422   3.602613     0.7143     2.5810     0.2163     23.000     23.000    34.8468    297.286    100.631 0.0000e+00
      10134     23.721     7.9225   3.601278     0.6036     2.5787     0.2221     23.500     23.500    34.8519    298.023    100.839 0.0000e+00
      10155     24.226     7.9187   3.600948     0.5601     2.5785     0.2264     24.000     24.000    34.8518    298.252    100.908 0.0000e+00
      10175     24.730     7.9080   3.601969     0.4364     2.5781     0.2248     24.500     24.500    34.8733    298.476    100.974 0.0000e+00
      10195     25.235     7.9076   3.602280     0.3381     2.5795     0.2285     25.000     25.000    34.8768    299.544    101.336 0.0000e+00
      10217     25.740     7.9297   3.603654     0.2448     2.5850     0.2255     25.500     25.500    34.8692    301.328    101.986 0.0000e+00
      10244     26.244     7.9823   3.609220     0.1808     2.5951     0.2154     26.000     26.000    34.8764    302.852    102.627 0.0000e+00
      10272     26.749     8.0882   3.618583     0.2302     2.6055     0.2133     26.500     26.500    34.8711    303.227    102.996 0.0000e+00
      10295     27.254     8.1702   3.632724     0.3528     2.6118     0.2090     27.000     27.000    34.9407    302.546    103.000 0.0000e+00
      10314     27.759     8.0999   3.634918     0.4775     2.6146     0.2046     27.500     27.500    35.0342    302.694    102.951 0.0000e+00
      10333     28.263     8.0802   3.629610     0.5427     2.6160     0.2028     28.000     28.000    34.9967    302.770    102.906 0.0000e+00
      10356     28.768     8.0495   3.626992     0.5093     2.6168     0.1986     28.500     28.500    34.9990    303.022    102.922 0.0000e+00
      10381     29.273     8.0418   3.625988     0.4158     2.6177     0.1968     29.000     29.000    34.9957    303.038    102.908 0.0000e+00
      10406     29.778     8.0297   3.625289     0.4199     2.6173     0.1989     29.500     29.500    35.0000    302.821    102.809 0.0000e+00
      10428     30.282     8.0372   3.623896     0.4604     2.6163     0.2130     30.000     30.000    34.9774    302.509    102.705 0.0000e+00
      10449     30.787     8.0445   3.628167     0.6922     2.6149     0.2765     30.500     30.500    35.0156    302.016    102.580 0.0000e+00
      10470     31.292     8.0070   3.625801     1.9662     2.6126     0.5976     31.000     31.000    35.0276    301.777    102.421 0.0000e+00
      10492     31.797     7.9793   3.622651     2.9826     2.6102     0.8585     31.500     31.500    35.0212    301.826    102.369 0.0000e+00
      10514     32.301     7.9629   3.621638     0.9839     2.6086     0.3765     32.000     32.000    35.0264    301.713    102.297 0.0000e+00
      10538     32.806     7.9269   3.617463     0.3188     2.6058     0.2228     32.500     32.500    35.0174    301.270    102.058 0.0000e+00
      10564     33.311     7.9281   3.616290     0.1889     2.6014     0.2044     33.000     33.000    35.0033    300.393    101.754 0.0000e+00
      10589     33.816     7.9207   3.616695     0.1842     2.5972     0.2002     33.500     33.500    35.0148    300.446    101.763 0.0000e+00
      10610     34.320     7.9246   3.616554     0.1543     2.5967     0.2031     34.000     34.000    35.0091    300.851    101.905 0.0000e+00
      10630     34.825     7.9176   3.616657     0.1463     2.5960     0.2043     34.500     34.500    35.0170    300.531    101.786 0.0000e+00
      10651     35.330     7.8993   3.615261     0.1474     2.5940     0.2043     35.000     35.000    35.0201    300.157    101.620 0.0000e+00
      10674     35.835     7.8876   3.613871     0.1335     2.5919     0.2043     35.500     35.500    35.0166    300.274    101.630 0.0000e+00
      10700     36.339     7.8770   3.612647     0.0997     2.5915     0.2042     36.000     36.000    35.0138    300.541    101.694 0.0000e+00
      10724     36.844     7.8746   3.612195     0.0728     2.5907     0.2048     36.500     36.500    35.0110    300.276    101.598 0.0000e+00
      10745     37.349     7.8732   3.612104     0.0657     2.5894     0.2047     37.000     37.000    35.0112    300.044    101.516 0.0000e+00
      10765     37.854     7.8695   3.611909     0.0769     2.5883     0.2046     37.500     37.500    35.0126    300.105    101.529 0.0000e+00
      10786     38.358     7.8712   3.611884     0.0679     2.5881     0.2057     38.000     38.000    35.0103    300.242    101.578 0.0000e+00
      10810     38.863     7.8758   3.612238     0.0667     2.5880     0.2092     38.500     38.500    35.0093    300.398    101.640 0.0000e+00
      10837     39.368     7.8860   3.613607     0.0628     2.5888     0.2079     39.000     39.000    35.0136    300.666    101.757 0.0000e+00
      10860     39.873     7.8964   3.615168     0.0683     2.5903     0.2093     39.500     39.500    35.0197    300.618    101.769 0.0000e+00
      10882     40.377     7.8995   3.615921     0.0789     2.5897     0.2085     40.000     40.000    35.0245    300.047    101.586 0.0000e+00
      10904     40.882     7.9054   3.616707     0.0819     2.5881     0.2058     40.500     40.500    35.0269    299.541    101.429 0.0000e+00
      10926     41.387     7.8935   3.616844     0.0872     2.5863     0.2075     41.000     41.000    35.0399    299.742    101.479 0.0000e+00
      10948     41.892     7.8836   3.615391     0.1014     2.5866     0.2118     41.500     41.500    35.0340    300.209    101.611 0.0000e+00
      10970     42.397     7.8861   3.615439     0.0827     2.5871     0.2130     42.000     42.000    35.0318    300.262    101.633 0.0000e+00
      10994     42.901     7.8899   3.615760     0.0748     2.5873     0.2131     42.500     42.500    35.0311    300.446    101.703 0.0000e+00
      11018     43.406     7.9062   3.617100     0.0770     2.5890     0.2128     43.001     43.000    35.0289    300.857    101.879 0.0000e+00
      11040     43.911     7.9121   3.618682     0.0839     2.5904     0.2130     43.500     43.500    35.0398    300.737    101.859 0.0000e+00
      11063     44.416     7.9132   3.618933     0.0983     2.5908     0.2130     44.000     44.000    35.0413    300.471    101.772 0.0000e+00
      11086     44.920     7.9117   3.619019     0.0998     2.5897     0.2131     44.500     44.500    35.0434    299.956    101.596 0.0000e+00
      11110     45.425     7.9104   3.619032     0.0980     2.5873     0.2135     45.000     45.000    35.0446    299.638    101.486 0.0000e+00
      11133     45.930     7.8913   3.618543     0.0984     2.5870     0.2129     45.500     45.500    35.0583    300.492    101.740 0.0000e+00
      11155     46.435     7.8534   3.615619     0.0782     2.5886     0.2123     46.000     46.000    35.0646    301.085    101.858 0.0000e+00
      11177     46.940     7.8338   3.612139     0.0525     2.5894     0.2125     46.500     46.500    35.0464    301.269    101.863 0.0000e+00
      11200     47.444     7.8316   3.611531     0.0315     2.5903     0.2127     47.000     47.000    35.0418    301.530    101.943 0.0000e+00
      11222     47.949     7.8316   3.611594     0.0319     2.5914     0.2122     47.500     47.500    35.0423    301.517    101.939 0.0000e+00
      11243     48.454     7.8304   3.611740     0.0278     2.5912     0.2087     48.000     48.000    35.0448    301.262    101.852 0.0000e+00
      11266     48.959     7.8256   3.611655     0.0317     2.5907     0.2099     48.500     48.500    35.0484    301.020    101.762 0.0000e+00
      11293     49.464     7.8238   3.611489     0.0387     2.5886     0.2124     49.000     49.000    35.0483    300.773    101.674 0.0000e+00
      11317     49.968     7.8180   3.611448     0.0386     2.5886     0.2131     49.500     49.500    35.0534    301.154    101.793 0.0000e+00
      11338     50.473     7.8176   3.611283     0.0319     2.5884     0.2132     50.000     50.000    35.0517    300.977    101.731 0.0000e+00
      11359     50.978     7.8267   3.611915     0.0242     2.5876     0.2154     50.500     50.500    35.0491    300.750    101.674 0.0000e+00
      11382     51.483     7.8224   3.612578     0.0261     2.5870     0.2181     51.000     51.000    35.0603    300.664    101.642 0.0000e+00
      11406     51.987     7.8159   3.611890     0.0365     2.5858     0.2140     51.500     51.500    35.0593    300.487    101.566 0.0000e+00
      11429     52.492     7.8188   3.611772     0.0396     2.5847     0.2111     52.000     52.000    35.0549    300.315    101.512 0.0000e+00
      11451     52.997     7.8206   3.612131     0.0401     2.5836     0.2077     52.500     52.500    35.0566    300.361    101.533 0.0000e+00
      11473     53.502     7.8219   3.612439     0.0386     2.5837     0.2107     53.000     53.000    35.0584    300.574    101.609 0.0000e+00
      11497     54.007     7.8334   3.612952     0.0310     2.5840     0.2126     53.500     53.500    35.0521    300.721    101.681 0.0000e+00
      11520     54.511     7.8419   3.614747     0.0310     2.5850     0.2117     54.000     54.000    35.0627    300.787    101.730 0.0000e+00
      11542     55.016     7.8525   3.615530     0.0325     2.5853     0.2091     54.500     54.500    35.0603    300.652    101.707 0.0000e+00
      11563     55.521     7.8728   3.617810     0.0339     2.5853     0.2052     55.000     55.000    35.0643    300.302    101.638 0.0000e+00
      11586     56.026     7.8776   3.620142     0.0467     2.5844     0.2065     55.500     55.500    35.0843    300.111    101.597 0.0000e+00
