Data/CTD_07.cnv
* Sea-Bird SBE 9 Data File:
* FileName = C:\Users\ctd-user\Desktop\CTD_data\OC4920\CTD_07.hex
* Software Version Seasave V 7.26.2.13
* Temperature SN = 6313
* Conductivity SN = 4758
* Number of Bytes Per Scan = 28
* Number of Voltage Words = 3
* Number of Scans Averaged by the Deck Unit = 1
* NMEA Latitude = 57 54.83 N
* NMEA Longitude = 010 46.77 E
* NMEA UTC (Time) = May 07 2025 09:38:52
** Station: test
** Operator: Operator 1
** Ship: 7720 Skagerak
** Cruise: 7720-2025-01
** Latitude [GG MM.mm N]:
** Longitude [GG MM.mm E]:
** Pumps: PrimaryPump: 1820 # SecondaryPump:
** EventIDs: EventID: 3decf26d-821b-4112-8042-a2c98b568458 # ParentEventID:
** Additional Sampling:
** Metadata admin: MPROG: Other # PROJ: Other # ORDERER: GU # SLABO: GU # ALABO: GU # REFSK: ingen
** Metadata conditions: WADEP: 10 # WINSP: 1 # WINDIR: 02 # AIRPRES: 1000 # AIRTEMP: 1 # WEATH: 9 # CLOUD: 9 # WAVES: 9 # ICEOB: 9 # COMNT_VISIT:
** LIMS Job:
# nquan = 13                                
# nvalues = 9824                        
# units = specified
# name 0 = scan: Scan Count
# name 1 = prDM: Pressure, Digiquartz [db]
# name 2 = t090C: Temperature [ITS-90, deg C]
# name 3 = c0S/m: Conductivity [S/m]
# name 4 = flECO-AFL: Fluorescence, WET Labs ECO-AFL/FL [mg/m^3]
# name 5 = sbeox0V: Oxygen raw, SBE 43 [V]
# name 6 = turbWETntu0: Turbidity, WET Labs ECO [NTU]
# name 7 = depSM: Depth [salt water, m]
# name 8 = depSM: Depth [salt water, m], lat = 57.9138
# name 9 = sal00: Salinity, Practical [PSU]
# name 10 = sbeox0Mm/L: Oxygen, SBE 43 [umol/l], WS = 2
# name 11 = sbeox0PS: Oxygen, SBE 43 [% saturation], WS = 2
# name 12 = flag: flag
# span 0 =          1,       9824       
# span 1 =     -1.511,    149.329       
# span 2 =     7.7892,    10.5887       
# span 3 =   0.094447,   3.682084       
# span 4 =    -0.1040,     4.2526       
# span 5 =     2.1644,     2.8289       
# span 6 =     0.1639,     0.9086       
# span 7 =     -1.497,    147.893       
# span 8 =     -1.497,    147.893       
# span 9 =     0.6854,    35.2845       
# span 10 =    232.375,    401.265      
# span 11 =     80.143,    114.027      
# span 12 = 0.0000e+00, 0.0000e+00      
# interval = seconds: 0.0416667
# start_time = May 07 2025 09:38:52 [NMEA time, header]
# bad_flag = -9.990e-29
*END*
[from data line 5778]
       5779     74.786     7.8026   3.624533    -0.0324     2.5398     0.2343     74.080     74.080    35.1980    294.925     99.747 0.0000e+00
       5780     74.804     7.8024   3.624502    -0.0324     2.5398     0.2346     74.098     74.098    35.1979    294.932     99.749 0.0000e+00
       5781     74.821     7.8024   3.624443    -0.0324     2.5398     0.2349     74.115     74.115    35.1972    294.938     99.750 0.0000e+00
       5782     74.840     7.8021   3.624418    -0.0324     2.5397     0.2352     74.134     74.134    35.1973    294.931     99.747 0.0000e+00
       5783     74.858     7.8024   3.624450    -0.0324     2.5397     0.2355     74.152     74.151    35.1973    294.935     99.750 0.0000e+00
       5784     74.875     7.8024   3.624485    -0.0324     2.5398     0.2358     74.169     74.168    35.1977    294.956     99.757 0.0000e+00
       5785     74.893     7.8026   3.624497    -0.0324     2.5398     0.2360     74.187     74.186    35.1976    294.963     99.759 0.0000e+00
       5786     74.912     7.8024   3.624408    -0.0324     2.5398     0.2363     74.205     74.205    35.1968    294.972     99.761 0.0000e+00
       5787     74.930     7.8024   3.624348    -0.0324     2.5398     0.2365     74.223     74.223    35.1962    294.980     99.764 0.0000e+00
       5788     74.948     7.8023   3.624283    -0.0324     2.5399     0.2366     74.241     74.241    35.1956    295.005     99.772 0.0000e+00
       5789     74.966     7.8022   3.624240    -0.0324     2.5399     0.2367     74.258     74.258    35.1952    295.016     99.775 0.0000e+00
       5790     74.983     7.8020   3.624198    -0.0324     2.5400     0.2368     74.275     74.275    35.1949    295.043     99.783 0.0000e+00
       5791     74.999     7.8019   3.624149    -0.0324     2.5401     0.2369     74.291     74.291    35.1945    295.068     99.792 0.0000e+00
       5792     75.017     7.8021   3.624139    -0.0324     2.5401     0.2370     74.308     74.309    35.1942    295.077     99.795 0.0000e+00
       5793     75.035     7.8021   3.624186    -0.0324     2.5401     0.2371     74.326     74.327    35.1947    295.088     99.799 0.0000e+00
       5794     75.052     7.8019   3.624150    -0.0324     2.5401     0.2371     74.343     74.344    35.1945    295.101     99.803 0.0000e+00
       5795     75.069     7.8016   3.624149    -0.0324     2.5401     0.2372     74.360     74.360    35.1948    295.113     99.806 0.0000e+00
       5796     75.087     7.8012   3.624165    -0.0324     2.5401     0.2373     74.378     74.378    35.1953    295.126     99.810 0.0000e+00
       5797     75.107     7.8010   3.624213    -0.0324     2.5402     0.2374     74.398     74.398    35.1960    295.151     99.819 0.0000e+00
       5798     75.127     7.8009   3.624183    -0.0324     2.5403     0.2374     74.418     74.418    35.1958    295.175     99.826 0.0000e+00
       5799     75.146     7.8010   3.624153    -0.0324     2.5404     0.2375     74.437     74.437    35.1954    295.196     99.833 0.0000e+00
       5800     75.166     7.8014   3.624167    -0.0324     2.5404     0.2375     74.456     74.456    35.1951    295.197     99.834 0.0000e+00
       5801     75.187     7.8011   3.624172    -0.0324     2.5404     0.2376     74.477     74.477    35.1955    295.201     99.835 0.0000e+00
       5802     75.207     7.8014   3.624096    -0.0324     2.5404     0.2377     74.497     74.497    35.1943    295.200     99.835 0.0000e+00
       5803     75.227     7.8013   3.624090    -0.0324     2.5404     0.2377     74.516     74.517    35.1943    295.199     99.834 0.0000e+00
       5804     75.246     7.8011   3.624125    -0.0324     2.5404     0.2378     74.535     74.536    35.1949    295.197     99.833 0.0000e+00
       5805     75.264     7.8007   3.624136    -0.0324     2.5403     0.2378     74.553     74.553    35.1954    295.183     99.828 0.0000e+00
       5806     75.283     7.8006   3.624111    -0.0324     2.5403     0.2379     74.572     74.572    35.1952    295.181     99.827 0.0000e+00
       5807     75.302     7.8008   3.624070    -0.0324     2.5404     0.2379     74.591     74.591    35.1946    295.192     99.831 0.0000e+00
       5808     75.323     7.8011   3.624065    -0.0324     2.5404     0.2379     74.611     74.612    35.1942    295.188     99.830 0.0000e+00
       5809     75.342     7.8011   3.624047    -0.0324     2.5405     0.2380     74.631     74.631    35.1940    295.201     99.835 0.0000e+00
       5810     75.361     7.8009   3.623988    -0.0324     2.5405     0.2380     74.650     74.650    35.1936    295.203     99.834 0.0000e+00
       5811     75.380     7.8018   3.623967    -0.0324     2.5406     0.2380     74.668     74.668    35.1924    295.213     99.839 0.0000e+00
       5812     75.400     7.8024   3.623976    -0.0324     2.5407     0.2381     74.688     74.688    35.1919    295.223     99.843 0.0000e+00
       5813     75.421     7.8029   3.624007    -0.0324     2.5408     0.2381     74.708     74.709    35.1917    295.235     99.848 0.0000e+00
       5814     75.442     7.8026   3.624017    -0.0324     2.5409     0.2382     74.729     74.730    35.1921    295.251     99.853 0.0000e+00
       5815     75.463     7.8020   3.623998    -0.0324     2.5409     0.2382     74.750     74.751    35.1925    295.255     99.854 0.0000e+00
       5816     75.483     7.8014   3.623960    -0.0324     2.5409     0.2382     74.770     74.770    35.1927    295.259     99.854 0.0000e+00
       5817     75.504     7.8010   3.623947    -0.0324     2.5410     0.2383     74.791     74.791    35.1930    295.275     99.858 0.0000e+00
       5818     75.528     7.8007   3.623922    -0.0324     2.5410     0.2383     74.815     74.815    35.1930    295.274     99.857 0.0000e+00
       5819     75.551     7.8003   3.623932    -0.0324     2.5410     0.2384     74.838     74.838    35.1935    295.271     99.856 0.0000e+00
       5820     75.572     7.8003   3.623981    -0.0324     2.5411     0.2385     74.858     74.859    35.1940    295.280     99.859 0.0000e+00
       5821     75.593     7.8002   3.624004    -0.0324     2.5411     0.2385     74.879     74.879    35.1943    295.276     99.858 0.0000e+00
       5822     75.613     7.7999   3.624008    -0.0324     2.5410     0.2386     74.899     74.899    35.1947    295.260     99.852 0.0000e+00
       5823     75.634     7.7998   3.624050    -0.0324     2.5409     0.2386     74.920     74.920    35.1952    295.243     99.846 0.0000e+00
       5824     75.656     7.8006   3.624161    -0.0324     2.5409     0.2386     74.942     74.942    35.1956    295.237     99.846 0.0000e+00
       5825     75.679     7.8028   3.624228    -0.0324     2.5409     0.2386     74.965     74.964    35.1941    295.224     99.846 0.0000e+00
       5826     75.702     7.8077   3.624212    -0.0324     2.5408     0.2385     74.987     74.987    35.1890    295.185     99.840 0.0000e+00
       5827     75.724     7.8084   3.624148    -0.0324     2.5408     0.2385     75.009     75.009    35.1876    295.184     99.841 0.0000e+00
       5828     75.746     7.8077   3.624027    -0.0324     2.5408     0.2384     75.031     75.031    35.1869    295.191     99.841 0.0000e+00
       5829     75.768     7.8079   3.623997    -0.0324     2.5409     0.2384     75.053     75.053    35.1864    295.205     99.846 0.0000e+00
       5830     75.791     7.8132   3.623999    -0.0324     2.5409     0.2384     75.076     75.075    35.1811    295.173     99.844 0.0000e+00
       5831     75.815     7.8208   3.624021    -0.0324     2.5410     0.2383     75.099     75.099    35.1736    295.142     99.846 0.0000e+00
       5832     75.840     7.8261   3.624004    -0.0324     2.5411     0.2383     75.124     75.124    35.1681    295.124     99.848 0.0000e+00
       5833     75.865     7.8294   3.624040    -0.0324     2.5411     0.2383     75.149     75.149    35.1651    295.099     99.845 0.0000e+00
       5834     75.891     7.8309   3.624033    -0.0324     2.5412     0.2382     75.174     75.174    35.1635    295.102     99.848 0.0000e+00
       5835     75.914     7.8314   3.623998    -0.0324     2.5413     0.2382     75.197     75.197    35.1626    295.111     99.851 0.0000e+00
       5836     75.937     7.8321   3.624079    -0.0324     2.5413     0.2382     75.220     75.220    35.1628    295.104     99.851 0.0000e+00
       5837     75.961     7.8309   3.624450    -0.0324     2.5414     0.2382     75.243     75.244    35.1680    295.116     99.856 0.0000e+00
       5838     75.984     7.8297   3.624850    -0.0324     2.5414     0.2382     75.267     75.267    35.1735    295.114     99.856 0.0000e+00
       5839     76.008     7.8287   3.624894    -0.0324     2.5414     0.2382     75.291     75.290    35.1750    295.122     99.857 0.0000e+00
       5840     76.032     7.8279   3.624807    -0.0324     2.5413     0.2382     75.314     75.314    35.1748    295.118     99.854 0.0000e+00
       5841     76.055     7.8269   3.624868    -0.0324     2.5413     0.2382     75.337     75.337    35.1765    295.129     99.857 0.0000e+00
       5842     76.080     7.8269   3.625602    -0.0324     2.5412     0.2382     75.362     75.362    35.1844    295.109     99.855 0.0000e+00
       5843     76.105     7.8264   3.626536    -0.0324     2.5412     0.2383     75.387     75.386    35.1950    295.103     99.859 0.0000e+00
       5844     76.129     7.8251   3.627175    -0.0324     2.5412     0.2383     75.411     75.410    35.2032    295.110     99.864 0.0000e+00
       5845     76.153     7.8252   3.627432    -0.0324     2.5413     0.2383     75.434     75.434    35.2059    295.134     99.874 0.0000e+00
       5846     76.178     7.8253   3.627492    -0.0324     2.5413     0.2383     75.458     75.459    35.2064    295.149     99.879 0.0000e+00
       5847     76.204     7.8255   3.627552    -0.0324     2.5413     0.2383     75.484     75.484    35.2068    295.162     99.884 0.0000e+00
       5848     76.231     7.8258   3.627517    -0.0324     2.5414     0.2383     75.511     75.511    35.2062    295.188     99.893 0.0000e+00
       5849     76.257     7.8257   3.627379    -0.0324     2.5414     0.2382     75.537     75.537    35.2047    295.204     99.898 0.0000e+00
       5850     76.283     7.8250   3.627215    -0.0324     2.5415     0.2382     75.562     75.563    35.2037    295.237     99.907 0.0000e+00
       5851     76.307     7.8262   3.627130    -0.0324     2.5416     0.2381     75.587     75.586    35.2015    295.257     99.915 0.0000e+00
       5852     76.334     7.8297   3.627059    -0.0324     2.5416     0.2381     75.613     75.613    35.1972    295.249     99.917 0.0000e+00
       5853     76.362     7.8335   3.626994    -0.0324     2.5416     0.2381     75.641     75.641    35.1927    295.239     99.919 0.0000e+00
       5854     76.389     7.8358   3.626991    -0.0324     2.5415     0.2381     75.667     75.668    35.1903    295.224     99.918 0.0000e+00
       5855     76.414     7.8377   3.626950    -0.0324     2.5415     0.2381     75.693     75.692    35.1879    295.224     99.920 0.0000e+00
       5856     76.441     7.8395   3.626842    -0.0324     2.5414     0.2381     75.719     75.719    35.1849    295.211     99.918 0.0000e+00
       5857     76.468     7.8402   3.626815    -0.0324     2.5414     0.2380     75.746     75.746    35.1839    295.218     99.921 0.0000e+00
       5858     76.495     7.8402   3.626790    -0.0324     2.5415     0.2380     75.772     75.773    35.1836    295.243     99.930 0.0000e+00
       5859     76.520     7.8405   3.626803    -0.0324     2.5415     0.2379     75.798     75.797    35.1835    295.255     99.934 0.0000e+00
       5860     76.545     7.8405   3.626832    -0.0324     2.5416     0.2379     75.822     75.822    35.1838    295.284     99.944 0.0000e+00
       5861     76.570     7.8405   3.626843    -0.0324     2.5416     0.2378     75.847     75.847    35.1839    295.299     99.950 0.0000e+00
       5862     76.594     7.8405   3.626843    -0.0324     2.5416     0.2377     75.871     75.871    35.1839    295.318     99.956 0.0000e+00
       5863     76.619     7.8409   3.627058    -0.0324     2.5417     0.2376     75.895     75.895    35.1858    295.345     99.967 0.0000e+00
       5864     76.644     7.8419   3.627449    -0.0324     2.5418     0.2374     75.920     75.920    35.1890    295.363     99.978 0.0000e+00
       5865     76.671     7.8426   3.627821    -0.0324     2.5420     0.2373     75.947     75.947    35.1923    295.395     99.992 0.0000e+00
       5866     76.698     7.8433   3.628151    -0.0324     2.5421     0.2372     75.974     75.974    35.1951    295.411    100.001 0.0000e+00
       5867     76.725     7.8435   3.628354    -0.0324     2.5422     0.2370     76.000     76.000    35.1971    295.428    100.009 0.0000e+00
       5868     76.752     7.8434   3.628491    -0.0324     2.5424     0.2369     76.027     76.027    35.1987    295.463    100.021 0.0000e+00
       5869     76.779     7.8439   3.628498    -0.0324     2.5425     0.2368     76.054     76.054    35.1982    295.481    100.028 0.0000e+00
       5870     76.806     7.8444   3.628518    -0.0324     2.5426     0.2366     76.080     76.081    35.1979    295.499    100.035 0.0000e+00
       5871     76.832     7.8446   3.628547    -0.0324     2.5427     0.2365     76.106     76.106    35.1980    295.514    100.041 0.0000e+00
       5872     76.859     7.8449   3.628535    -0.0324     2.5427     0.2363     76.132     76.133    35.1976    295.514    100.041 0.0000e+00
       5873     76.885     7.8450   3.628529    -0.0324     2.5428     0.2361     76.158     76.159    35.1974    295.528    100.046 0.0000e+00
       5874     76.911     7.8450   3.628570    -0.0324     2.5428     0.2360     76.184     76.185    35.1978    295.527    100.046 0.0000e+00
       5875     76.936     7.8449   3.628635    -0.0324     2.5429     0.2358     76.209     76.209    35.1986    295.539    100.050 0.0000e+00
       5876     76.961     7.8451   3.628772    -0.0324     2.5429     0.2356     76.234     76.234    35.1999    295.534    100.050 0.0000e+00
       5877     76.986     7.8450   3.628837    -0.0324     2.5430     0.2354     76.258     76.259    35.2007    295.547    100.055 0.0000e+00
       5878     77.011     7.8455   3.628893    -0.0324     2.5431     0.2352     76.283     76.284    35.2007    295.557    100.059 0.0000e+00
       5879     77.036     7.8453   3.628908    -0.0324     2.5431     0.2350     76.308     76.308    35.2011    295.553    100.058 0.0000e+00
       5880     77.061     7.8455   3.628980    -0.0324     2.5431     0.2348     76.333     76.333    35.2017    295.543    100.055 0.0000e+00
       5881     77.086     7.8456   3.628980    -0.0324     2.5431     0.2346     76.357     76.358    35.2015    295.531    100.051 0.0000e+00
       5882     77.109     7.8459   3.628975    -0.0324     2.5432     0.2343     76.381     76.381    35.2012    295.532    100.052 0.0000e+00
       5883     77.133     7.8455   3.629020    -0.0324     2.5434     0.2340     76.404     76.404    35.2021    295.551    100.058 0.0000e+00
       5884     77.158     7.8455   3.629038    -0.0324     2.5435     0.2337     76.429     76.429    35.2022    295.551    100.058 0.0000e+00
       5885     77.184     7.8455   3.629037    -0.0324     2.5436     0.2335     76.455     76.455    35.2022    295.552    100.059 0.0000e+00
       5886     77.209     7.8458   3.629056    -0.0324     2.5438     0.2332     76.480     76.480    35.2021    295.564    100.063 0.0000e+00
       5887     77.233     7.8458   3.629091    -0.0324     2.5439     0.2330     76.503     76.504    35.2025    295.559    100.062 0.0000e+00
       5888     77.256     7.8460   3.629103    -0.0324     2.5439     0.2327     76.527     76.526    35.2024    295.539    100.055 0.0000e+00
