Data/CTD_11.cnv
* Sea-Bird SBE 9 Data File:
* FileName = C:\Users\ctd-user\Desktop\CTD_data\OC4920\CTD_11.hex
* Software Version Seasave V 7.26.2.13
* Temperature SN = 6313
* Conductivity SN = 4758
* Number of Bytes Per Scan = 28
* Number of Voltage Words = 3
* Number of Scans Averaged by the Deck Unit = 1
* NMEA Latitude = 57 50.84 N
* NMEA Longitude = 010 46.70 E
* NMEA UTC (Time) = May 07 2025 11:30:52
** Station: test
** Operator: Operator 1
** Ship: 7720 Skagerak
** Cruise: 7720-2025-01
** Latitude [GG MM.mm N]:
** Longitude [GG MM.mm E]:
** Pumps: PrimaryPump: 1820 # SecondaryPump:
** EventIDs: EventID: 3decf26d-821b-4112-8042-a2c98b568458 # ParentEventID:
** Additional Sampling:
** Metadata admin: MPROG: Other # PROJ: Other # ORDERER: GU # SLABO: GU # ALABO: GU # REFSK: ingen
** Metadata conditions: WADEP: 10 # WINSP: 1 # WINDIR: 02 # AIRPRES: 1000 # AIRTEMP: 1 # WEATH: 9 # CLOUD: 9 # WAVES: 9 # ICEOB: 9 # COMNT_VISIT:
** LIMS Job:
# nquan = 13                                
# nvalues = 6535                        
# units = specified
# name 0 = scan: Scan Count
# name 1 = prDM: Pressure, Digiquartz [db]
# name 2 = t090C: Temperature [ITS-90, deg C]
# name 3 = c0S/m: Conductivity [S/m]
# name 4 = flECO-AFL: Fluorescence, WET Labs ECO-AFL/FL [mg/m^3]
# name 5 = sbeox0V: Oxygen raw, SBE 43 [V]
# name 6 = turbWETntu0: Turbidity, WET Labs ECO [NTU]
# name 7 = depSM: Depth [salt water, m]
# name 8 = depSM: Depth [salt water, m], lat = 57.8473
# name 9 = sal00: Salinity, Practical [PSU]
# name 10 = sbeox0Mm/L: Oxygen, SBE 43 [umol/l], WS = 2
# name 11 = sbeox0PS: Oxygen, SBE 43 [% saturation], WS = 2
# name 12 = flag: flag
# span 0 =          1,       6535       
# span 1 =     -1.522,     97.870       
# span 2 =     7.6438,    10.6805       
# span 3 =   0.395348,   3.676581       
# span 4 =    -0.0896,    48.0826       
# span 5 =     2.1104,     2.8064       
# span 6 =    -0.1109,     0.3314       
# span 7 =     -1.508,     96.941       
# span 8 =     -1.508,     96.941       
# span 9 =     2.9522,    35.2578       
# span 10 =    227.121,    325.895      
# span 11 =     76.952,    112.359      
# span 12 = 0.0000e+00, 0.0000e+00      
# interval = seconds: 0.0416667
# start_time = May 07 2025 11:30:52 [NMEA time, header]
# bad_flag = -9.990e-29
*END*
[from data line 5556]
       5557     78.129     7.6861   3.611308     0.0024     2.5283     0.2597     77.392     77.391    35.1709    294.096     99.188 0.0000e+00
       5558     78.149     7.6861   3.611297     0.0022     2.5284     0.2601     77.412     77.411    35.1708    294.091     99.186 0.0000e+00
       5559     78.170     7.6868   3.611205     0.0021     2.5284     0.2604     77.433     77.432    35.1691    294.068     99.179 0.0000e+00
       5560     78.191     7.6864   3.611264     0.0019     2.5285     0.2608     77.453     77.453    35.1701    294.065     99.178 0.0000e+00
       5561     78.213     7.6868   3.611206     0.0017     2.5285     0.2610     77.475     77.475    35.1690    294.045     99.171 0.0000e+00
       5562     78.237     7.6868   3.611224     0.0015     2.5285     0.2613     77.499     77.498    35.1692    294.026     99.165 0.0000e+00
       5563     78.260     7.6868   3.611243     0.0012     2.5284     0.2615     77.521     77.521    35.1694    293.994     99.154 0.0000e+00
       5564     78.280     7.6871   3.611191     0.0010     2.5284     0.2617     77.541     77.541    35.1685    293.979     99.149 0.0000e+00
       5565     78.300     7.6869   3.611227     0.0007     2.5284     0.2619     77.561     77.561    35.1691    293.967     99.145 0.0000e+00
       5566     78.319     7.6868   3.611215     0.0004     2.5283     0.2621     77.580     77.579    35.1691    293.944     99.137 0.0000e+00
       5567     78.338     7.6871   3.611211     0.0001     2.5281     0.2623     77.599     77.598    35.1687    293.903     99.124 0.0000e+00
       5568     78.357     7.6871   3.611211    -0.0003     2.5280     0.2625     77.617     77.617    35.1687    293.881     99.116 0.0000e+00
       5569     78.377     7.6872   3.611212    -0.0007     2.5278     0.2627     77.637     77.637    35.1686    293.845     99.104 0.0000e+00
       5570     78.399     7.6871   3.611285    -0.0011     2.5277     0.2628     77.659     77.659    35.1695    293.822     99.097 0.0000e+00
       5571     78.421     7.6871   3.611261    -0.0016     2.5276     0.2629     77.681     77.681    35.1692    293.801     99.090 0.0000e+00
       5572     78.442     7.6869   3.611321    -0.0021     2.5275     0.2630     77.702     77.701    35.1701    293.781     99.083 0.0000e+00
       5573     78.462     7.6871   3.611292    -0.0026     2.5274     0.2630     77.721     77.721    35.1696    293.761     99.076 0.0000e+00
       5574     78.481     7.6869   3.611328    -0.0032     2.5273     0.2631     77.740     77.740    35.1701    293.743     99.070 0.0000e+00
       5575     78.503     7.6869   3.611364    -0.0039     2.5271     0.2632     77.762     77.762    35.1705    293.713     99.060 0.0000e+00
       5576     78.526     7.6869   3.611330    -0.0046     2.5271     0.2632     77.784     77.784    35.1701    293.716     99.061 0.0000e+00
       5577     78.549     7.6868   3.611359    -0.0053     2.5271     0.2633     77.807     77.807    35.1705    293.720     99.062 0.0000e+00
       5578     78.571     7.6863   3.611328    -0.0060     2.5271     0.2634     77.829     77.829    35.1707    293.726     99.064 0.0000e+00
       5579     78.593     7.6855   3.611355    -0.0067     2.5271     0.2634     77.851     77.851    35.1718    293.732     99.064 0.0000e+00
       5580     78.616     7.6839   3.611368    -0.0073     2.5271     0.2635     77.874     77.874    35.1735    293.744     99.066 0.0000e+00
       5581     78.640     7.6817   3.611313    -0.0078     2.5271     0.2636     77.897     77.897    35.1751    293.762     99.068 0.0000e+00
       5582     78.663     7.6809   3.611370    -0.0083     2.5271     0.2637     77.920     77.920    35.1766    293.773     99.071 0.0000e+00
       5583     78.685     7.6802   3.611321    -0.0088     2.5270     0.2638     77.942     77.942    35.1767    293.774     99.070 0.0000e+00
       5584     78.706     7.6795   3.611336    -0.0092     2.5270     0.2639     77.963     77.963    35.1776    293.791     99.075 0.0000e+00
       5585     78.728     7.6795   3.611331    -0.0096     2.5269     0.2641     77.984     77.985    35.1775    293.793     99.075 0.0000e+00
       5586     78.749     7.6793   3.611326    -0.0100     2.5268     0.2642     78.006     78.005    35.1777    293.798     99.077 0.0000e+00
       5587     78.771     7.6789   3.611342    -0.0103     2.5267     0.2643     78.027     78.027    35.1782    293.803     99.078 0.0000e+00
       5588     78.794     7.6787   3.611307    -0.0106     2.5266     0.2644     78.050     78.050    35.1780    293.808     99.079 0.0000e+00
       5589     78.817     7.6784   3.611336    -0.0109     2.5265     0.2645     78.072     78.073    35.1786    293.812     99.080 0.0000e+00
       5590     78.839     7.6784   3.611259    -0.0111     2.5265     0.2647     78.095     78.094    35.1778    293.830     99.085 0.0000e+00
       5591     78.862     7.6780   3.611158    -0.0114     2.5264     0.2648     78.117     78.117    35.1771    293.835     99.086 0.0000e+00
       5592     78.885     7.6780   3.611057    -0.0116     2.5264     0.2650     78.141     78.140    35.1760    293.850     99.090 0.0000e+00
       5593     78.908     7.6780   3.610837    -0.0118     2.5264     0.2652     78.164     78.163    35.1736    293.867     99.094 0.0000e+00
       5594     78.930     7.6778   3.610730    -0.0120     2.5264     0.2654     78.185     78.185    35.1726    293.882     99.098 0.0000e+00
       5595     78.952     7.6777   3.610641    -0.0121     2.5264     0.2656     78.207     78.206    35.1718    293.899     99.103 0.0000e+00
       5596     78.975     7.6775   3.610617    -0.0123     2.5264     0.2658     78.229     78.229    35.1717    293.914     99.108 0.0000e+00
       5597     78.998     7.6771   3.610593    -0.0124     2.5265     0.2660     78.252     78.252    35.1718    293.944     99.117 0.0000e+00
       5598     79.023     7.6767   3.610562    -0.0126     2.5265     0.2662     78.276     78.277    35.1719    293.960     99.122 0.0000e+00
       5599     79.048     7.6764   3.610555    -0.0127     2.5266     0.2663     78.301     78.301    35.1721    293.989     99.131 0.0000e+00
       5600     79.073     7.6761   3.610502    -0.0128     2.5266     0.2665     78.325     78.326    35.1718    294.002     99.134 0.0000e+00
       5601     79.096     7.6758   3.610436    -0.0129     2.5266     0.2668     78.349     78.349    35.1714    294.016     99.138 0.0000e+00
       5602     79.117     7.6755   3.610447    -0.0130     2.5266     0.2670     78.370     78.370    35.1718    294.030     99.143 0.0000e+00
       5603     79.138     7.6748   3.610403    -0.0131     2.5265     0.2673     78.390     78.391    35.1720    294.035     99.143 0.0000e+00
       5604     79.158     7.6743   3.610438    -0.0132     2.5265     0.2676     78.410     78.410    35.1729    294.054     99.149 0.0000e+00
       5605     79.178     7.6742   3.610379    -0.0132     2.5265     0.2678     78.430     78.430    35.1723    294.074     99.155 0.0000e+00
       5606     79.199     7.6740   3.610380    -0.0133     2.5265     0.2680     78.451     78.451    35.1725    294.094     99.161 0.0000e+00
       5607     79.220     7.6737   3.610438    -0.0134     2.5265     0.2682     78.472     78.472    35.1735    294.113     99.167 0.0000e+00
       5608     79.243     7.6733   3.610379    -0.0134     2.5266     0.2683     78.494     78.495    35.1732    294.147     99.178 0.0000e+00
       5609     79.265     7.6719   3.610374    -0.0135     2.5266     0.2685     78.516     78.516    35.1746    294.171     99.184 0.0000e+00
       5610     79.286     7.6706   3.610304    -0.0135     2.5266     0.2687     78.537     78.537    35.1751    294.193     99.189 0.0000e+00
       5611     79.308     7.6695   3.610182    -0.0136     2.5265     0.2688     78.559     78.559    35.1749    294.196     99.187 0.0000e+00
       5612     79.332     7.6687   3.610245    -0.0136     2.5265     0.2690     78.582     78.583    35.1764    294.205     99.189 0.0000e+00
       5613     79.355     7.6678   3.610201    -0.0136     2.5264     0.2691     78.606     78.606    35.1768    294.199     99.186 0.0000e+00
       5614     79.378     7.6677   3.610202    -0.0137     2.5263     0.2693     78.628     78.628    35.1769    294.184     99.180 0.0000e+00
       5615     79.401     7.6675   3.610112    -0.0137     2.5262     0.2694     78.651     78.651    35.1761    294.170     99.175 0.0000e+00
       5616     79.425     7.6675   3.610059    -0.0137     2.5262     0.2695     78.674     78.675    35.1755    294.167     99.173 0.0000e+00
       5617     79.446     7.6677   3.610079    -0.0137     2.5262     0.2697     78.696     78.696    35.1755    294.161     99.172 0.0000e+00
       5618     79.467     7.6674   3.610037    -0.0138     2.5263     0.2698     78.716     78.716    35.1754    294.171     99.174 0.0000e+00
       5619     79.489     7.6671   3.609994    -0.0138     2.5265     0.2700     78.738     78.738    35.1752    294.197     99.182 0.0000e+00
       5620     79.511     7.6663   3.609939    -0.0138     2.5265     0.2701     78.759     78.760    35.1754    294.197     99.181 0.0000e+00
       5621     79.531     7.6653   3.609775    -0.0138     2.5265     0.2702     78.780     78.780    35.1746    294.201     99.179 0.0000e+00
       5622     79.551     7.6638   3.609699    -0.0138     2.5266     0.2704     78.800     78.800    35.1753    294.221     99.183 0.0000e+00
       5623     79.572     7.6625   3.609564    -0.0138     2.5266     0.2705     78.820     78.820    35.1751    294.227     99.182 0.0000e+00
       5624     79.593     7.6621   3.609426    -0.0138     2.5267     0.2707     78.841     78.841    35.1740    294.246     99.187 0.0000e+00
       5625     79.615     7.6614   3.609396    -0.0138     2.5267     0.2708     78.863     78.863    35.1744    294.251     99.187 0.0000e+00
       5626     79.637     7.6611   3.609323    -0.0139     2.5268     0.2710     78.884     78.885    35.1739    294.269     99.192 0.0000e+00
       5627     79.658     7.6612   3.609319    -0.0139     2.5269     0.2712     78.905     78.906    35.1737    294.285     99.198 0.0000e+00
       5628     79.678     7.6609   3.609360    -0.0139     2.5270     0.2714     78.925     78.925    35.1745    294.299     99.202 0.0000e+00
       5629     79.698     7.6611   3.609338    -0.0139     2.5271     0.2716     78.945     78.945    35.1740    294.310     99.206 0.0000e+00
       5630     79.720     7.6608   3.609332    -0.0138     2.5271     0.2718     78.966     78.967    35.1743    294.307     99.205 0.0000e+00
       5631     79.742     7.6614   3.609335    -0.0138     2.5271     0.2720     78.988     78.989    35.1737    294.299     99.203 0.0000e+00
       5632     79.765     7.6617   3.609236    -0.0138     2.5271     0.2723     79.011     79.012    35.1723    294.295     99.201 0.0000e+00
       5633     79.787     7.6613   3.609116    -0.0138     2.5271     0.2725     79.033     79.033    35.1714    294.297     99.201 0.0000e+00
       5634     79.809     7.6598   3.608975    -0.0138     2.5270     0.2728     79.055     79.055    35.1714    294.293     99.196 0.0000e+00
       5635     79.829     7.6590   3.608847    -0.0138     2.5269     0.2731     79.075     79.075    35.1708    294.284     99.191 0.0000e+00
       5636     79.849     7.6585   3.608775    -0.0138     2.5268     0.2735     79.094     79.095    35.1705    294.273     99.186 0.0000e+00
       5637     79.869     7.6583   3.608752    -0.0138     2.5267     0.2738     79.114     79.115    35.1704    294.259     99.180 0.0000e+00
       5638     79.888     7.6581   3.608698    -0.0138     2.5266     0.2741     79.134     79.133    35.1700    294.243     99.174 0.0000e+00
       5639     79.907     7.6583   3.608669    -0.0137     2.5265     0.2744     79.153     79.152    35.1695    294.220     99.166 0.0000e+00
       5640     79.925     7.6583   3.608658    -0.0137     2.5265     0.2747     79.171     79.170    35.1694    294.208     99.162 0.0000e+00
       5641     79.942     7.6583   3.608630    -0.0137     2.5265     0.2750     79.188     79.187    35.1691    294.195     99.158 0.0000e+00
       5642     79.959     7.6583   3.608678    -0.0137     2.5264     0.2754     79.204     79.204    35.1696    294.167     99.149 0.0000e+00
       5643     79.978     7.6580   3.608666    -0.0136     2.5264     0.2757     79.222     79.223    35.1697    294.157     99.145 0.0000e+00
       5644     79.997     7.6581   3.608679    -0.0136     2.5265     0.2762     79.241     79.241    35.1698    294.164     99.148 0.0000e+00
       5645     80.016     7.6580   3.608698    -0.0136     2.5265     0.2766     79.261     79.260    35.1701    294.160     99.146 0.0000e+00
       5646     80.038     7.6578   3.608597    -0.0135     2.5264     0.2771     79.282     79.282    35.1692    294.146     99.140 0.0000e+00
       5647     80.059     7.6578   3.608514    -0.0135     2.5265     0.2776     79.303     79.303    35.1683    294.163     99.146 0.0000e+00
       5648     80.081     7.6577   3.608485    -0.0135     2.5265     0.2782     79.325     79.325    35.1680    294.169     99.147 0.0000e+00
       5649     80.102     7.6577   3.608468    -0.0134     2.5266     0.2788     79.346     79.345    35.1678    294.191     99.154 0.0000e+00
       5650     80.124     7.6577   3.608421    -0.0133     2.5266     0.2795     79.367     79.367    35.1673    294.200     99.157 0.0000e+00
       5651     80.145     7.6577   3.608464    -0.0133     2.5267     0.2803     79.389     79.388    35.1678    294.222     99.165 0.0000e+00
       5652     80.167     7.6574   3.608374    -0.0132     2.5266     0.2811     79.410     79.410    35.1671    294.220     99.163 0.0000e+00
       5653     80.187     7.6574   3.608363    -0.0131     2.5265     0.2820     79.429     79.429    35.1670    294.215     99.161 0.0000e+00
       5654     80.206     7.6571   3.608404    -0.0130     2.5264     0.2830     79.449     79.448    35.1677    294.211     99.160 0.0000e+00
       5655     80.226     7.6571   3.608364    -0.0129     2.5264     0.2838     79.468     79.468    35.1673    294.222     99.163 0.0000e+00
       5656     80.244     7.6564   3.608362    -0.0128     2.5264     0.2846     79.486     79.486    35.1679    294.235     99.166 0.0000e+00
       5657     80.262     7.6564   3.608404    -0.0127     2.5264     0.2854     79.504     79.504    35.1684    294.245     99.170 0.0000e+00
       5658     80.280     7.6564   3.608340    -0.0126     2.5265     0.2860     79.522     79.522    35.1677    294.271     99.178 0.0000e+00
       5659     80.299     7.6559   3.608315    -0.0125     2.5265     0.2865     79.541     79.540    35.1679    294.284     99.182 0.0000e+00
       5660     80.318     7.6557   3.608369    -0.0123     2.5266     0.2870     79.560     79.559    35.1687    294.308     99.190 0.0000e+00
       5661     80.338     7.6559   3.608305    -0.0122     2.5266     0.2874     79.579     79.579    35.1678    294.316     99.193 0.0000e+00
       5662     80.358     7.6561   3.608306    -0.0120     2.5265     0.2878     79.600     79.599    35.1676    294.307     99.190 0.0000e+00
       5663     80.379     7.6557   3.608317    -0.0118     2.5264     0.2881     79.620     79.620    35.1681    294.299     99.186 0.0000e+00
       5664     80.399     7.6557   3.608288    -0.0117     2.5263     0.2883     79.640     79.639    35.1678    294.288     99.182 0.0000e+00
       5665     80.420     7.6554   3.608306    -0.0114     2.5262     0.2885     79.661     79.660    35.1682    294.277     99.179 0.0000e+00
       5666     80.441     7.6553   3.608300    -0.0112     2.5262     0.2886     79.681     79.681    35.1683    294.279     99.179 0.0000e+00
