Data/CTD_06.cnv
* Sea-Bird SBE 9 Data File:
* FileName = C:\Users\ctd-user\Desktop\CTD_data\OC4920\CTD_06.hex
* Software Version Seasave V 7.26.2.13
* Temperature SN = 6313
* Conductivity SN = 4758
* Number of Bytes Per Scan = 28
* Number of Voltage Words = 3
* Number of Scans Averaged by the Deck Unit = 1
* NMEA Latitude = 57 55.90 N
* NMEA Longitude = 010 46.96 E
* NMEA UTC (Time) = May 07 2025 09:15:41
** Station: test
** Operator: Operator 1
** Ship: 7720 Skagerak
** Cruise: 7720-2025-01
** Latitude [GG MM.mm N]:
** Longitude [GG MM.mm E]:
** Pumps: PrimaryPump: 1820 # SecondaryPump:
** EventIDs: EventID: 3decf26d-821b-4112-8042-a2c98b568458 # ParentEventID:
** Additional Sampling:
** Metadata admin: MPROG: Other # PROJ: Other # ORDERER: GU # SLABO: GU # ALABO: GU # REFSK: ingen
** Metadata conditions: WADEP: 10 # WINSP: 1 # WINDIR: 02 # AIRPRES: 1000 # AIRTEMP: 1 # WEATH: 9 # CLOUD: 9 # WAVES: 9 # ICEOB: 9 # COMNT_VISIT:
** LIMS Job:
# nquan = 13                                
# nvalues = 12030                       
# units = specified
# name 0 = scan: Scan Count
# name 1 = prDM: Pressure, Digiquartz [db]
# name 2 = t090C: Temperature [ITS-90, deg C]
# name 3 = c0S/m: Conductivity [S/m]
# name 4 = flECO-AFL: Fluorescence, WET Labs ECO-AFL/FL [mg/m^3]
# name 5 = sbeox0V: Oxygen raw, SBE 43 [V]
# name 6 = turbWETntu0: Turbidity, WET Labs ECO [NTU]
# name 7 = depSM: Depth [salt water, m]
# name 8 = depSM: Depth [salt water, m], lat = 57.9317
# name 9 = sal00: Salinity, Practical [PSU]
# name 10 = sbeox0Mm/L: Oxygen, SBE 43 [umol/l], WS = 2
# name 11 = sbeox0PS: Oxygen, SBE 43 [% saturation], WS = 2
# name 12 = flag: flag
# span 0 =          1,      12030       
# span 1 =     -1.515,    166.688       
# span 2 =     7.7858,    10.6050       
# span 3 =   0.025012,   3.669958       
# span 4 =    -0.3427,     4.1235       
# span 5 =     1.9810,     2.8259       
# span 6 =    -0.1188,     0.3633       
# span 7 =     -1.501,    165.078       
# span 8 =     -1.501,    165.078       
# span 9 =     0.1704,    35.2834       
# span 10 =    206.974,    330.847      
# span 11 =     71.184,    113.585      
# span 12 = 0.0000e+00, 0.0000e+00      
# interval = seconds: 0.0416667
# start_time = May 07 2025 09:15:41 [NMEA time, header]
# bad_flag = -9.990e-29
*END*
[from data line 11445]
      11446    166.611     7.8903   3.639234    -0.0304     2.5088     0.3374    165.001    165.001    35.2230    293.307     99.412 -9.990e-29
      11447    166.607     7.8907   3.639235    -0.0305     2.5088     0.3367    164.998    164.997    35.2226    293.297     99.410 -9.990e-29
      11448    166.604     7.8903   3.639234    -0.0305     2.5088     0.3359    164.994    164.994    35.2230    293.289     99.406 -9.990e-29
      11449    166.602     7.8907   3.639259    -0.0305     2.5089     0.3351    164.992    164.992    35.2229    293.291     99.407 -9.990e-29
      11450    166.599     7.8907   3.639253    -0.0306     2.5090     0.3343    164.989    164.989    35.2228    293.293     99.408 -9.990e-29
      11451    166.596     7.8905   3.639264    -0.0306     2.5091     0.3334    164.986    164.987    35.2232    293.298     99.410 -9.990e-29
      11452    166.593     7.8905   3.639240    -0.0305     2.5091     0.3325    164.984    164.984    35.2229    293.286     99.406 -9.990e-29
      11453    166.590     7.8905   3.639234    -0.0305     2.5091     0.3317    164.980    164.981    35.2228    293.274     99.401 -9.990e-29
      11454    166.585     7.8905   3.639234    -0.0305     2.5091     0.3309    164.976    164.976    35.2228    293.263     99.397 -9.990e-29
      11455    166.580     7.8908   3.639211    -0.0304     2.5090     0.3302    164.971    164.971    35.2223    293.234     99.388 -9.990e-29
      11456    166.574     7.8905   3.639216    -0.0304     2.5089     0.3296    164.965    164.965    35.2227    293.207     99.378 -9.990e-29
      11457    166.569     7.8907   3.639259    -0.0303     2.5087     0.3290    164.960    164.960    35.2229    293.164     99.364 -9.990e-29
      11458    166.563     7.8905   3.639288    -0.0302     2.5087     0.3285    164.954    164.954    35.2234    293.153     99.361 -9.990e-29
      11459    166.558     7.8905   3.639246    -0.0301     2.5087     0.3281    164.949    164.949    35.2230    293.147     99.358 -9.990e-29
      11460    166.553     7.8905   3.639282    -0.0300     2.5087     0.3277    164.944    164.944    35.2234    293.140     99.356 -9.990e-29
      11461    166.548     7.8907   3.639229    -0.0298     2.5087     0.3274    164.939    164.939    35.2226    293.137     99.355 -9.990e-29
      11462    166.543     7.8907   3.639241    -0.0297     2.5088     0.3272    164.934    164.934    35.2227    293.151     99.360 -9.990e-29
      11463    166.537     7.8905   3.639234    -0.0295     2.5089     0.3269    164.929    164.928    35.2229    293.169     99.366 -9.990e-29
      11464    166.531     7.8907   3.639211    -0.0293     2.5091     0.3267    164.922    164.922    35.2224    293.199     99.376 -9.990e-29
      11465    166.524     7.8907   3.639223    -0.0291     2.5092     0.3266    164.916    164.915    35.2226    293.219     99.383 -9.990e-29
      11466    166.519     7.8907   3.639259    -0.0288     2.5093     0.3265    164.911    164.910    35.2229    293.238     99.390 -9.990e-29
      11467    166.514     7.8907   3.639241    -0.0285     2.5094     0.3263    164.905    164.905    35.2228    293.256     99.396 -9.990e-29
      11468    166.507     7.8905   3.639222    -0.0282     2.5093     0.3262    164.899    164.898    35.2228    293.246     99.392 -9.990e-29
      11469    166.500     7.8907   3.639277    -0.0279     2.5092     0.3261    164.892    164.891    35.2231    293.231     99.387 -9.990e-29
      11470    166.495     7.8905   3.639246    -0.0276     2.5092     0.3261    164.886    164.887    35.2230    293.233     99.388 -9.990e-29
      11471    166.490     7.8905   3.639234    -0.0272     2.5090     0.3261    164.881    164.882    35.2229    293.202     99.377 -9.990e-29
      11472    166.484     7.8907   3.639235    -0.0267     2.5089     0.3262    164.875    164.876    35.2227    293.184     99.371 -9.990e-29
      11473    166.478     7.8907   3.639211    -0.0263     2.5089     0.3263    164.869    164.870    35.2224    293.181     99.370 -9.990e-29
      11474    166.472     7.8905   3.639240    -0.0258     2.5088     0.3264    164.864    164.864    35.2230    293.166     99.365 -9.990e-29
      11475    166.467     7.8905   3.639264    -0.0252     2.5089     0.3266    164.859    164.859    35.2232    293.181     99.370 -9.990e-29
      11476    166.464     7.8908   3.639241    -0.0246     2.5088     0.3269    164.855    164.856    35.2227    293.167     99.366 -9.990e-29
      11477    166.459     7.8907   3.639235    -0.0240     2.5088     0.3272    164.851    164.851    35.2227    293.172     99.367 -9.990e-29
      11478    166.455     7.8905   3.639234    -0.0234     2.5088     0.3275    164.847    164.847    35.2229    293.177     99.368 -9.990e-29
      11479    166.451     7.8904   3.639222    -0.0228     2.5087     0.3278    164.843    164.843    35.2229    293.167     99.365 -9.990e-29
      11480    166.445     7.8905   3.639228    -0.0224     2.5087     0.3281    164.837    164.837    35.2228    293.167     99.365 -9.990e-29
      11481    166.439     7.8905   3.639234    -0.0220     2.5087     0.3284    164.831    164.831    35.2229    293.166     99.365 -9.990e-29
      11482    166.436     7.8905   3.639234    -0.0216     2.5088     0.3287    164.828    164.828    35.2229    293.176     99.368 -9.990e-29
      11483    166.433     7.8905   3.639234    -0.0213     2.5089     0.3289    164.826    164.825    35.2229    293.185     99.371 -9.990e-29
      11484    166.430     7.8907   3.639259    -0.0211     2.5089     0.3292    164.822    164.822    35.2230    293.180     99.370 -9.990e-29
      11485    166.426     7.8905   3.639234    -0.0209     2.5090     0.3294    164.818    164.818    35.2229    293.193     99.374 -9.990e-29
      11486    166.421     7.8905   3.639228    -0.0207     2.5090     0.3296    164.813    164.813    35.2229    293.189     99.372 -9.990e-29
      11487    166.417     7.8907   3.639235    -0.0206     2.5091     0.3297    164.809    164.809    35.2227    293.200     99.376 -9.990e-29
      11488    166.414     7.8907   3.639235    -0.0205     2.5091     0.3298    164.806    164.806    35.2227    293.197     99.376 -9.990e-29
      11489    166.411     7.8907   3.639235    -0.0205     2.5092     0.3300    164.803    164.803    35.2227    293.211     99.380 -9.990e-29
      11490    166.407     7.8905   3.639234    -0.0206     2.5092     0.3301    164.800    164.799    35.2229    293.213     99.381 -9.990e-29
      11491    166.405     7.8905   3.639222    -0.0206     2.5092     0.3303    164.798    164.797    35.2228    293.214     99.381 -9.990e-29
      11492    166.404     7.8905   3.639204    -0.0207     2.5092     0.3305    164.797    164.796    35.2226    293.218     99.382 -9.990e-29
      11493    166.402     7.8907   3.639223    -0.0209     2.5091     0.3307    164.795    164.794    35.2226    293.206     99.378 -9.990e-29
      11494    166.401     7.8907   3.639211    -0.0211     2.5091     0.3310    164.793    164.793    35.2225    293.210     99.380 -9.990e-29
      11495    166.401     7.8905   3.639252    -0.0214     2.5090     0.3312    164.794    164.793    35.2231    293.200     99.376 -9.990e-29
      11496    166.402     7.8907   3.639217    -0.0217     2.5090     0.3315    164.794    164.794    35.2225    293.202     99.377 -9.990e-29
      11497    166.402     7.8905   3.639240    -0.0220     2.5090     0.3318    164.795    164.794    35.2230    293.202     99.377 -9.990e-29
      11498    166.402     7.8905   3.639234    -0.0224     2.5090     0.3321    164.794    164.794    35.2229    293.201     99.377 -9.990e-29
      11499    166.401     7.8907   3.639235    -0.0229     2.5090     0.3325    164.793    164.793    35.2227    293.197     99.376 -9.990e-29
      11500    166.400     7.8908   3.639259    -0.0235     2.5090     0.3328    164.792    164.792    35.2229    293.196     99.376 -9.990e-29
      11501    166.400     7.8905   3.639240    -0.0241     2.5091     0.3332    164.793    164.792    35.2230    293.211     99.380 -9.990e-29
      11502    166.402     7.8905   3.639234    -0.0247     2.5091     0.3336    164.794    164.794    35.2229    293.208     99.379 -9.990e-29
      11503    166.402     7.8908   3.639223    -0.0253     2.5091     0.3340    164.795    164.794    35.2225    293.203     99.378 -9.990e-29
      11504    166.403     7.8907   3.639205    -0.0259     2.5090     0.3344    164.795    164.795    35.2224    293.183     99.370 -9.990e-29
      11505    166.406     7.8903   3.639204    -0.0264     2.5090     0.3347    164.798    164.798    35.2228    293.176     99.367 -9.990e-29
      11506    166.409     7.8907   3.639253    -0.0269     2.5090     0.3351    164.802    164.801    35.2229    293.162     99.364 -9.990e-29
      11507    166.412     7.8908   3.639217    -0.0273     2.5090     0.3354    164.804    164.804    35.2224    293.152     99.360 -9.990e-29
      11508    166.413     7.8907   3.639241    -0.0277     2.5091     0.3357    164.805    164.805    35.2228    293.157     99.362 -9.990e-29
      11509    166.414     7.8905   3.639234    -0.0281     2.5091     0.3360    164.807    164.806    35.2229    293.150     99.359 -9.990e-29
      11510    166.415     7.8905   3.639258    -0.0284     2.5091     0.3362    164.808    164.807    35.2232    293.145     99.358 -9.990e-29
      11511    166.417     7.8907   3.639241    -0.0287     2.5091     0.3364    164.810    164.809    35.2228    293.139     99.356 -9.990e-29
      11512    166.420     7.8907   3.639211    -0.0290     2.5090     0.3365    164.812    164.812    35.2225    293.123     99.350 -9.990e-29
      11513    166.423     7.8905   3.639222    -0.0293     2.5089     0.3367    164.815    164.815    35.2228    293.107     99.344 -9.990e-29
      11514    166.425     7.8908   3.639224    -0.0296     2.5089     0.3369    164.818    164.817    35.2225    293.105     99.344 -9.990e-29
      11515    166.428     7.8907   3.639277    -0.0298     2.5088     0.3371    164.820    164.820    35.2232    293.088     99.339 -9.990e-29
      11516    166.432     7.8903   3.639276    -0.0300     2.5088     0.3372    164.824    164.824    35.2236    293.089     99.339 -9.990e-29
      11517    166.436     7.8908   3.639290    -0.0302     2.5089     0.3374    164.828    164.828    35.2232    293.100     99.343 -9.990e-29
      11518    166.440     7.8907   3.639277    -0.0304     2.5090     0.3375    164.832    164.832    35.2232    293.115     99.348 -9.990e-29
      11519    166.443     7.8907   3.639241    -0.0305     2.5090     0.3375    164.835    164.835    35.2228    293.116     99.348 -9.990e-29
      11520    166.446     7.8907   3.639223    -0.0307     2.5091     0.3376    164.838    164.838    35.2226    293.129     99.352 -9.990e-29
      11521    166.447     7.8905   3.639258    -0.0308     2.5090     0.3376    164.839    164.839    35.2232    293.115     99.348 -9.990e-29
      11522    166.451     7.8905   3.639240    -0.0309     2.5090     0.3377    164.843    164.843    35.2230    293.116     99.348 -9.990e-29
      11523    166.455     7.8908   3.639236    -0.0310     2.5090     0.3378    164.847    164.847    35.2226    293.115     99.348 -9.990e-29
      11524    166.459     7.8905   3.639210    -0.0311     2.5091     0.3379    164.850    164.851    35.2226    293.133     99.353 -9.990e-29
      11525    166.462     7.8905   3.639252    -0.0312     2.5091     0.3380    164.853    164.854    35.2231    293.134     99.354 -9.990e-29
      11526    166.465     7.8905   3.639234    -0.0313     2.5090     0.3380    164.857    164.857    35.2229    293.126     99.351 -9.990e-29
      11527    166.469     7.8907   3.639229    -0.0314     2.5090     0.3381    164.860    164.861    35.2226    293.133     99.354 -9.990e-29
      11528    166.471     7.8905   3.639258    -0.0315     2.5089     0.3382    164.863    164.863    35.2232    293.129     99.352 -9.990e-29
      11529    166.475     7.8905   3.639240    -0.0316     2.5088     0.3383    164.866    164.867    35.2230    293.122     99.350 -9.990e-29
      11530    166.478     7.8907   3.639211    -0.0316     2.5087     0.3384    164.869    164.870    35.2224    293.117     99.348 -9.990e-29
      11531    166.481     7.8907   3.639253    -0.0317     2.5086     0.3386    164.872    164.873    35.2229    293.110     99.346 -9.990e-29
      11532    166.483     7.8907   3.639253    -0.0317     2.5086     0.3387    164.875    164.875    35.2229    293.121     99.350 -9.990e-29
      11533    166.487     7.8908   3.639218    -0.0318     2.5086     0.3389    164.878    164.879    35.2224    293.133     99.354 -9.990e-29
      11534    166.491     7.8904   3.639252    -0.0318     2.5087     0.3390    164.882    164.883    35.2232    293.161     99.363 -9.990e-29
      11535    166.493     7.8905   3.639270    -0.0319     2.5087     0.3392    164.885    164.885    35.2233    293.172     99.367 -9.990e-29
      11536    166.496     7.8907   3.639241    -0.0319     2.5087     0.3394    164.887    164.888    35.2228    293.183     99.371 -9.990e-29
      11537    166.498     7.8907   3.639247    -0.0320     2.5087     0.3396    164.889    164.890    35.2228    293.193     99.374 -9.990e-29
      11538    166.500     7.8905   3.639234    -0.0320     2.5087     0.3398    164.892    164.891    35.2229    293.201     99.377 -9.990e-29
      11539    166.503     7.8907   3.639235    -0.0320     2.5086     0.3400    164.894    164.894    35.2227    293.193     99.374 -9.990e-29
      11540    166.505     7.8907   3.639235    -0.0320     2.5086     0.3403    164.897    164.896    35.2227    293.198     99.376 -9.990e-29
      11541    166.509     7.8907   3.639235    -0.0321     2.5086     0.3405    164.900    164.900    35.2227    293.202     99.377 -9.990e-29
      11542    166.511     7.8907   3.639211    -0.0321     2.5087     0.3408    164.903    164.902    35.2224    293.225     99.385 -9.990e-29
      11543    166.514     7.8905   3.639216    -0.0321     2.5087     0.3411    164.905    164.905    35.2227    293.235     99.388 -9.990e-29
      11544    166.517     7.8903   3.639228    -0.0321     2.5087     0.3414    164.908    164.908    35.2230    293.244     99.391 -9.990e-29
      11545    166.520     7.8907   3.639235    -0.0321     2.5088     0.3417    164.911    164.911    35.2227    293.266     99.399 -9.990e-29
      11546    166.522     7.8903   3.639234    -0.0321     2.5088     0.3421    164.913    164.913    35.2231    293.278     99.402 -9.990e-29
      11547    166.523     7.8905   3.639258    -0.0321     2.5088     0.3425    164.915    164.914    35.2231    293.284     99.405 -9.990e-29
      11548    166.525     7.8905   3.639240    -0.0322     2.5088     0.3429    164.917    164.916    35.2229    293.292     99.407 -9.990e-29
      11549    166.528     7.8905   3.639246    -0.0322     2.5089     0.3434    164.919    164.919    35.2230    293.313     99.415 -9.990e-29
      11550    166.531     7.8908   3.639266    -0.0322     2.5090     0.3439    164.922    164.922    35.2229    293.332     99.422 -9.990e-29
      11551    166.533     7.8903   3.639270    -0.0322     2.5091     0.3445    164.924    164.924    35.2235    293.354     99.428 -9.990e-29
      11552    166.536     7.8905   3.639240    -0.0322     2.5092     0.3451    164.927    164.927    35.2229    293.371     99.434 -9.990e-29
      11553    166.539     7.8907   3.639259    -0.0322     2.5092     0.3457    164.930    164.930    35.2229    293.368     99.434 -9.990e-29
      11554    166.541     7.8907   3.639241    -0.0322     2.5093     0.3463    164.933    164.932    35.2227    293.379     99.437 -9.990e-29
      11555    166.542     7.8907   3.639271    -0.0322     2.5093     0.3469    164.933    164.933    35.2231    293.368     99.434 -9.990e-29
