Data/CTD_09.cnv
* Sea-Bird SBE 9 Data File:
* FileName = C:\Users\ctd-user\Desktop\CTD_data\OC4920\CTD_09.hex
* Software Version Seasave V 7.26.2.13
* Temperature SN = 6313
* Conductivity SN = 4758
* Number of Bytes Per Scan = 28
* Number of Voltage Words = 3
* Number of Scans Averaged by the Deck Unit = 1
* NMEA Latitude = 57 52.85 N
* NMEA Longitude = 010 46.74 E
* NMEA UTC (Time) = May 07 2025 10:44:48
** Station: test
** Operator: Operator 1
** Ship: 7720 Skagerak
** Cruise: 7720-2025-01
** Latitude [GG MM.mm N]:
** Longitude [GG MM.mm E]:
** Pumps: PrimaryPump: 1820 # SecondaryPump:
** EventIDs: EventID: 3decf26d-821b-4112-8042-a2c98b568458 # ParentEventID:
** Additional Sampling:
** Metadata admin: MPROG: Other # PROJ: Other # ORDERER: GU # SLABO: GU # ALABO: GU # REFSK: ingen
** Metadata conditions: WADEP: 10 # WINSP: 1 # WINDIR: 02 # AIRPRES: 1000 # AIRTEMP: 1 # WEATH: 9 # CLOUD: 9 # WAVES: 9 # ICEOB: 9 # COMNT_VISIT:
** LIMS Job:
# nquan = 13                                
# nvalues = 8999                        
# units = specified
# name 0 = scan: Scan Count
# name 1 = prDM: Pressure, Digiquartz [db]
# name 2 = t090C: Temperature [ITS-90, deg C]
# name 3 = c0S/m: Conductivity [S/m]
# name 4 = flECO-AFL: Fluorescence, WET Labs ECO-AFL/FL [mg/m^3]
# name 5 = sbeox0V: Oxygen raw, SBE 43 [V]
# name 6 = turbWETntu0: Turbidity, WET Labs ECO [NTU]
# name 7 = depSM: Depth [salt water, m]
# name 8 = depSM: Depth [salt water, m], lat = 57.8808
# name 9 = sal00: Salinity, Practical [PSU]
# name 10 = sbeox0Mm/L: Oxygen, SBE 43 [umol/l], WS = 2
# name 11 = sbeox0PS: Oxygen, SBE 43 [% saturation], WS = 2
# name 12 = flag: flag
# span 0 =          1,       8999       
# span 1 =     -1.007,    124.278       
# span 2 =     7.7737,    10.2429       
# span 3 =   3.398506,   3.691187       
# span 4 =    -0.0505,     8.6925       
# span 5 =     2.1630,     2.9312       
# span 6 =     0.1672,     0.3453       
# span 7 =     -0.998,    123.091       
# span 8 =     -0.998,    123.090       
# span 9 =    30.6421,    35.3001       
# span 10 =    231.746,    347.764      
# span 11 =     79.890,    119.823      
# span 12 = 0.0000e+00, 0.0000e+00      
# interval = seconds: 0.0416667
# start_time = May 07 2025 10:44:48 [NMEA time, header]
# bad_flag = -9.990e-29
*END*
[from data line 2223]
       2224     -0.701     9.9280   3.430532     0.4989     2.6764     0.2321     -0.694     -0.695    31.2175    303.996    105.045 -9.990e-29
       2225     -0.693     9.9298   3.430918     0.4993     2.6765     0.2321     -0.687     -0.687    31.2199    303.969    105.042 -9.990e-29
       2226     -0.686     9.9262   3.431073     0.4998     2.6766     0.2322     -0.681     -0.680    31.2245    303.976    105.039 -9.990e-29
       2227     -0.680     9.9239   3.431228     0.5004     2.6767     0.2323     -0.674     -0.674    31.2281    303.975    105.036 -9.990e-29
       2228     -0.675     9.9221   3.431688     0.5011     2.6768     0.2324     -0.669     -0.669    31.2343    303.966    105.033 -9.990e-29
       2229     -0.672     9.9203   3.431558     0.5019     2.6768     0.2326     -0.666     -0.666    31.2345    303.953    105.025 -9.990e-29
       2230     -0.667     9.9193   3.430777     0.5029     2.6768     0.2327     -0.661     -0.661    31.2275    303.947    105.015 -9.990e-29
       2231     -0.661     9.9213   3.430230     0.5039     2.6767     0.2329     -0.655     -0.655    31.2203    303.903    105.000 -9.990e-29
       2232     -0.657     9.9198   3.430025     0.5051     2.6767     0.2332     -0.651     -0.651    31.2195    303.881    104.988 -9.990e-29
       2233     -0.653     9.9166   3.429680     0.5064     2.6765     0.2334     -0.648     -0.647    31.2188    303.843    104.967 -9.990e-29
       2234     -0.651     9.9148   3.429224     0.5079     2.6763     0.2337     -0.645     -0.645    31.2157    303.798    104.946 -9.990e-29
       2235     -0.649     9.9167   3.428857     0.5094     2.6762     0.2340     -0.643     -0.643    31.2104    303.747    104.929 -9.990e-29
       2236     -0.647     9.9177   3.428254     0.5108     2.6760     0.2343     -0.641     -0.641    31.2034    303.692    104.907 -9.990e-29
       2237     -0.645     9.9173   3.427861     0.5121     2.6759     0.2345     -0.640     -0.639    31.1998    303.654    104.891 -9.990e-29
       2238     -0.643     9.9156   3.427855     0.5133     2.6759     0.2346     -0.638     -0.637    31.2012    303.632    104.880 -9.990e-29
       2239     -0.641     9.9158   3.427884     0.5144     2.6759     0.2348     -0.636     -0.635    31.2013    303.599    104.870 -9.990e-29
       2240     -0.639     9.9170   3.427720     0.5153     2.6758     0.2349     -0.633     -0.633    31.1986    303.552    104.854 -9.990e-29
       2241     -0.636     9.9201   3.427468     0.5162     2.6758     0.2350     -0.630     -0.630    31.1934    303.513    104.844 -9.990e-29
       2242     -0.633     9.9255   3.427360     0.5170     2.6757     0.2350     -0.628     -0.627    31.1876    303.449    104.831 -9.990e-29
       2243     -0.632     9.9280   3.427199     0.5177     2.6756     0.2351     -0.626     -0.626    31.1838    303.404    104.818 -9.990e-29
       2244     -0.631     9.9268   3.427264     0.5183     2.6755     0.2352     -0.625     -0.625    31.1855    303.376    104.807 -9.990e-29
       2245     -0.630     9.9272   3.427446     0.5188     2.6753     0.2352     -0.624     -0.624    31.1870    303.326    104.792 -9.990e-29
       2246     -0.630     9.9199   3.427437     0.5193     2.6752     0.2352     -0.625     -0.624    31.1932    303.337    104.783 -9.990e-29
       2247     -0.630     9.9056   3.427190     0.5198     2.6751     0.2353     -0.625     -0.624    31.2031    303.393    104.776 -9.990e-29
       2248     -0.630     9.8959   3.426962     0.5202     2.6750     0.2353     -0.625     -0.624    31.2092    303.428    104.770 -9.990e-29
       2249     -0.632     9.8904   3.426935     0.5205     2.6748     0.2353     -0.626     -0.626    31.2137    303.424    104.759 -9.990e-29
       2250     -0.633     9.8972   3.427159     0.5208     2.6748     0.2353     -0.628     -0.627    31.2101    303.380    104.757 -9.990e-29
       2251     -0.634     9.8951   3.427198     0.5211     2.6747     0.2353     -0.629     -0.628    31.2123    303.377    104.752 -9.990e-29
       2252     -0.635     9.8828   3.426931     0.5214     2.6747     0.2352     -0.630     -0.629    31.2202    303.453    104.756 -9.990e-29
       2253     -0.638     9.8711   3.426724     0.5216     2.6746     0.2351     -0.633     -0.632    31.2283    303.514    104.756 -9.990e-29
       2254     -0.641     9.8682   3.426504     0.5219     2.6745     0.2349     -0.636     -0.635    31.2285    303.533    104.756 -9.990e-29
       2255     -0.644     9.8699   3.425962     0.5222     2.6743     0.2348     -0.639     -0.638    31.2216    303.524    104.752 -9.990e-29
       2256     -0.649     9.8675   3.425277     0.5225     2.6741     0.2346     -0.643     -0.643    31.2168    303.541    104.749 -9.990e-29
       2257     -0.654     9.8733   3.425037     0.5228     2.6740     0.2343     -0.648     -0.648    31.2093    303.523    104.751 -9.990e-29
       2258     -0.659     9.8937   3.425651     0.5230     2.6738     0.2341     -0.653     -0.653    31.1979    303.397    104.747 -9.990e-29
       2259     -0.664     9.8914   3.426792     0.5232     2.6736     0.2338     -0.658     -0.658    31.2114    303.383    104.746 -9.990e-29
       2260     -0.669     9.8754   3.428327     0.5234     2.6735     0.2335     -0.663     -0.663    31.2408    303.452    104.752 -9.990e-29
       2261     -0.674     9.8842   3.430216     0.5237     2.6733     0.2332     -0.668     -0.668    31.2522    303.367    104.751 -9.990e-29
       2262     -0.680     9.9024   3.431576     0.5240     2.6732     0.2330     -0.673     -0.674    31.2502    303.256    104.753 -9.990e-29
       2263     -0.687     9.9162   3.432031     0.5243     2.6731     0.2327     -0.681     -0.681    31.2429    303.192    104.758 -9.990e-29
       2264     -0.694     9.9242   3.432505     0.5246     2.6730     0.2325     -0.687     -0.688    31.2407    303.160    104.764 -9.990e-29
       2265     -0.700     9.9341   3.432944     0.5249     2.6730     0.2323     -0.693     -0.694    31.2366    303.135    104.775 -9.990e-29
       2266     -0.706     9.9336   3.433316     0.5250     2.6730     0.2321     -0.699     -0.699    31.2408    303.168    104.788 -9.990e-29
       2267     -0.712     9.9267   3.433050     0.5251     2.6730     0.2320     -0.705     -0.705    31.2441    303.249    104.802 -9.990e-29
       2268     -0.719     9.9326   3.432324     0.5253     2.6730     0.2318     -0.712     -0.712    31.2316    303.269    104.814 -9.990e-29
       2269     -0.726     9.9466   3.431278     0.5253     2.6730     0.2317     -0.718     -0.719    31.2090    303.250    104.825 -9.990e-29
       2270     -0.732     9.9517   3.429545     0.5253     2.6730     0.2316     -0.725     -0.725    31.1871    303.289    104.835 -9.990e-29
       2271     -0.738     9.9484   3.428655     0.5253     2.6729     0.2314     -0.731     -0.731    31.1810    303.340    104.841 -9.990e-29
       2272     -0.744     9.9468   3.429957     0.5252     2.6729     0.2313     -0.737     -0.737    31.1955    303.353    104.852 -9.990e-29
       2273     -0.751     9.9472   3.430944     0.5251     2.6729     0.2312     -0.744     -0.744    31.2051    303.359    104.861 -9.990e-29
       2274     -0.759     9.9486   3.429769     0.5251     2.6729     0.2311     -0.752     -0.752    31.1920    303.400    104.870 -9.990e-29
       2275     -0.767     9.9499   3.427777     0.5250     2.6728     0.2310     -0.759     -0.760    31.1708    303.444    104.874 -9.990e-29
       2276     -0.773     9.9508   3.426221     0.5250     2.6729     0.2309     -0.766     -0.766    31.1544    303.508    104.887 -9.990e-29
       2277     -0.779     9.9512   3.425363     0.5249     2.6729     0.2308     -0.771     -0.772    31.1454    303.546    104.895 -9.990e-29
       2278     -0.784     9.9507   3.425081     0.5249     2.6730     0.2308     -0.776     -0.777    31.1429    303.592    104.908 -9.990e-29
       2279     -0.789     9.9503   3.425294     0.5249     2.6732     0.2307     -0.782     -0.782    31.1454    303.640    104.925 -9.990e-29
       2280     -0.794     9.9513   3.425081     0.5250     2.6732     0.2307     -0.786     -0.787    31.1424    303.659    104.932 -9.990e-29
       2281     -0.796     9.9525   3.424175     0.5250     2.6733     0.2307     -0.788     -0.789    31.1323    303.704    104.943 -9.990e-29
       2282     -0.797     9.9508   3.423508     0.5251     2.6735     0.2307     -0.789     -0.790    31.1270    303.771    104.959 -9.990e-29
       2283     -0.797     9.9494   3.423461     0.5251     2.6736     0.2307     -0.790     -0.790    31.1277    303.808    104.969 -9.990e-29
       2284     -0.799     9.9494   3.423542     0.5252     2.6738     0.2307     -0.791     -0.792    31.1286    303.843    104.982 -9.990e-29
       2285     -0.800     9.9499   3.423491     0.5253     2.6739     0.2307     -0.793     -0.793    31.1276    303.862    104.989 -9.990e-29
       2286     -0.802     9.9503   3.423398     0.5254     2.6740     0.2306     -0.794     -0.795    31.1263    303.879    104.995 -9.990e-29
       2287     -0.805     9.9511   3.423237     0.5255     2.6742     0.2305     -0.797     -0.798    31.1240    303.907    105.005 -9.990e-29
       2288     -0.806     9.9522   3.423053     0.5256     2.6743     0.2305     -0.798     -0.799    31.1212    303.917    105.009 -9.990e-29
       2289     -0.807     9.9528   3.423014     0.5258     2.6745     0.2304     -0.799     -0.800    31.1203    303.939    105.018 -9.990e-29
       2290     -0.807     9.9530   3.422985     0.5260     2.6745     0.2304     -0.799     -0.800    31.1198    303.935    105.016 -9.990e-29
       2291     -0.807     9.9538   3.422981     0.5263     2.6746     0.2304     -0.800     -0.800    31.1191    303.939    105.019 -9.990e-29
       2292     -0.808     9.9541   3.422911     0.5265     2.6746     0.2304     -0.800     -0.801    31.1181    303.933    105.017 -9.990e-29
       2293     -0.809     9.9507   3.422741     0.5267     2.6745     0.2304     -0.801     -0.802    31.1194    303.935    105.010 -9.990e-29
       2294     -0.810     9.9515   3.422644     0.5270     2.6745     0.2303     -0.802     -0.803    31.1177    303.926    105.008 -9.990e-29
       2295     -0.812     9.9545   3.422666     0.5273     2.6744     0.2302     -0.804     -0.804    31.1153    303.889    105.001 -9.990e-29
       2296     -0.813     9.9536   3.422737     0.5276     2.6744     0.2302     -0.805     -0.805    31.1168    303.882    104.997 -9.990e-29
       2297     -0.813     9.9536   3.422854     0.5280     2.6744     0.2301     -0.806     -0.805    31.1180    303.868    104.993 -9.990e-29
       2298     -0.813     9.9517   3.422898     0.5284     2.6744     0.2301     -0.805     -0.805    31.1201    303.864    104.989 -9.990e-29
       2299     -0.812     9.9505   3.422835     0.5288     2.6744     0.2301     -0.804     -0.804    31.1205    303.857    104.984 -9.990e-29
       2300     -0.811     9.9501   3.422692     0.5292     2.6744     0.2301     -0.803     -0.803    31.1194    303.845    104.978 -9.990e-29
       2301     -0.810     9.9503   3.422674     0.5296     2.6743     0.2301     -0.802     -0.803    31.1190    303.813    104.967 -9.990e-29
       2302     -0.808     9.9497   3.422631     0.5299     2.6744     0.2301     -0.800     -0.801    31.1191    303.812    104.966 -9.990e-29
       2303     -0.805     9.9455   3.422556     0.5302     2.6744     0.2301     -0.797     -0.798    31.1220    303.817    104.960 -9.990e-29
       2304     -0.800     9.9362   3.422527     0.5305     2.6745     0.2301     -0.793     -0.793    31.1297    303.864    104.960 -9.990e-29
       2305     -0.795     9.9227   3.422575     0.5308     2.6746     0.2301     -0.788     -0.788    31.1418    303.932    104.960 -9.990e-29
       2306     -0.790     9.9131   3.422620     0.5311     2.6746     0.2300     -0.783     -0.783    31.1506    303.966    104.956 -9.990e-29
       2307     -0.784     9.9001   3.422677     0.5316     2.6746     0.2300     -0.777     -0.777    31.1623    304.021    104.953 -9.990e-29
       2308     -0.778     9.8917   3.422699     0.5321     2.6745     0.2300     -0.771     -0.771    31.1698    304.038    104.944 -9.990e-29
       2309     -0.771     9.8885   3.422698     0.5326     2.6745     0.2299     -0.764     -0.764    31.1726    304.046    104.942 -9.990e-29
       2310     -0.765     9.8797   3.422620     0.5331     2.6745     0.2298     -0.758     -0.758    31.1794    304.088    104.940 -9.990e-29
       2311     -0.758     9.8751   3.422655     0.5337     2.6745     0.2297     -0.751     -0.751    31.1837    304.106    104.939 -9.990e-29
       2312     -0.750     9.8741   3.422745     0.5343     2.6745     0.2296     -0.743     -0.743    31.1855    304.107    104.938 -9.990e-29
       2313     -0.742     9.8772   3.422868     0.5347     2.6745     0.2296     -0.735     -0.735    31.1840    304.084    104.937 -9.990e-29
       2314     -0.735     9.8808   3.423192     0.5350     2.6745     0.2295     -0.728     -0.728    31.1842    304.058    104.936 -9.990e-29
       2315     -0.727     9.8818   3.423751     0.5352     2.6745     0.2294     -0.720     -0.720    31.1890    304.042    104.936 -9.990e-29
       2316     -0.719     9.8795   3.424922     0.5353     2.6745     0.2294     -0.713     -0.712    31.2028    304.033    104.937 -9.990e-29
       2317     -0.712     9.8795   3.426603     0.5353     2.6746     0.2293     -0.705     -0.705    31.2198    304.015    104.942 -9.990e-29
       2318     -0.704     9.8785   3.427908     0.5352     2.6746     0.2293     -0.698     -0.697    31.2339    303.996    104.943 -9.990e-29
       2319     -0.697     9.8779   3.428899     0.5350     2.6747     0.2293     -0.691     -0.691    31.2444    303.997    104.949 -9.990e-29
       2320     -0.690     9.8774   3.430159     0.5347     2.6746     0.2292     -0.684     -0.684    31.2576    303.964    104.945 -9.990e-29
       2321     -0.685     9.8782   3.431126     0.5343     2.6745     0.2292     -0.678     -0.679    31.2666    303.931    104.941 -9.990e-29
       2322     -0.680     9.8836   3.431865     0.5337     2.6745     0.2291     -0.674     -0.674    31.2694    303.892    104.943 -9.990e-29
       2323     -0.676     9.8882   3.432554     0.5329     2.6745     0.2291     -0.670     -0.670    31.2724    303.859    104.944 -9.990e-29
       2324     -0.671     9.8923   3.432605     0.5321     2.6745     0.2290     -0.665     -0.665    31.2694    303.842    104.945 -9.990e-29
       2325     -0.667     9.8949   3.431844     0.5311     2.6744     0.2290     -0.661     -0.661    31.2594    303.835    104.942 -9.990e-29
       2326     -0.662     9.9002   3.430983     0.5299     2.6744     0.2290     -0.656     -0.656    31.2461    303.827    104.943 -9.990e-29
       2327     -0.657     9.9070   3.430471     0.5285     2.6743     0.2290     -0.651     -0.651    31.2351    303.790    104.938 -9.990e-29
       2328     -0.653     9.9117   3.430355     0.5270     2.6743     0.2289     -0.647     -0.647    31.2298    303.771    104.938 -9.990e-29
       2329     -0.649     9.9140   3.430357     0.5253     2.6743     0.2289     -0.643     -0.643    31.2278    303.763    104.940 -9.990e-29
       2330     -0.646     9.9112   3.430464     0.5234     2.6743     0.2289     -0.640     -0.640    31.2313    303.781    104.942 -9.990e-29
       2331     -0.643     9.9086   3.430565     0.5213     2.6743     0.2289     -0.637     -0.637    31.2346    303.799    104.944 -9.990e-29
       2332     -0.642     9.9094   3.430539     0.5190     2.6743     0.2289     -0.636     -0.636    31.2337    303.799    104.945 -9.990e-29
       2333     -0.642     9.9109   3.430486     0.5164     2.6744     0.2289     -0.636     -0.636    31.2318    303.808    104.951 -9.990e-29
