Data/CTD_06.cnv
* Sea-Bird SBE 9 Data File:
* FileName = C:\Users\ctd-user\Desktop\CTD_data\OC4920\CTD_06.hex
* Software Version Seasave V 7.26.2.13
* Temperature SN = 6313
* Conductivity SN = 4758
* Number of Bytes Per Scan = 28
* Number of Voltage Words = 3
* Number of Scans Averaged by the Deck Unit = 1
* NMEA Latitude = 57 55.90 N
* NMEA Longitude = 010 46.96 E
* NMEA UTC (Time) = May 07 2025 09:15:41
** Station: test
** Operator: Operator 1
** Ship: 7720 Skagerak
** Cruise: 7720-2025-01
** Latitude [GG MM.mm N]:
** Longitude [GG MM.mm E]:
** Pumps: PrimaryPump: 1820 # SecondaryPump:
** EventIDs: EventID: 3decf26d-821b-4112-8042-a2c98b568458 # ParentEventID:
** Additional Sampling:
** Metadata admin: MPROG: Other # PROJ: Other # ORDERER: GU # SLABO: GU # ALABO: GU # REFSK: ingen
** Metadata conditions: WADEP: 10 # WINSP: 1 # WINDIR: 02 # AIRPRES: 1000 # AIRTEMP: 1 # WEATH: 9 # CLOUD: 9 # WAVES: 9 # ICEOB: 9 # COMNT_VISIT:
** LIMS Job:
# nquan = 13                                
# nvalues = 12030                       
# units = specified
# name 0 = scan: Scan Count
# name 1 = prDM: Pressure, Digiquartz [db]
# name 2 = t090C: Temperature [ITS-90, deg C]
# name 3 = c0S/m: Conductivity [S/m]
# name 4 = flECO-AFL: Fluorescence, WET Labs ECO-AFL/FL [mg/m^3]
# name 5 = sbeox0V: Oxygen raw, SBE 43 [V]
# name 6 = turbWETntu0: Turbidity, WET Labs ECO [NTU]
# name 7 = depSM: Depth [salt water, m]
# name 8 = depSM: Depth [salt water, m], lat = 57.9317
# name 9 = sal00: Salinity, Practical [PSU]
# name 10 = sbeox0Mm/L: Oxygen, SBE 43 [umol/l], WS = 2
# name 11 = sbeox0PS: Oxygen, SBE 43 [% saturation], WS = 2
# name 12 = flag: flag
# span 0 =          1,      12030       
# span 1 =     -1.515,    166.688       
# span 2 =     7.7858,    10.6050       
# span 3 =   0.025012,   3.669958       
# span 4 =    -0.3427,     4.1235       
# span 5 =     1.9810,     2.8259       
# span 6 =    -0.1188,     0.3633       
# span 7 =     -1.501,    165.078       
# span 8 =     -1.501,    165.078       
# span 9 =     0.1704,    35.2834       
# span 10 =    206.974,    330.847      
# span 11 =     71.184,    113.585      
# span 12 = 0.0000e+00, 0.0000e+00      
# interval = seconds: 0.0416667
# start_time = May 07 2025 09:15:41 [NMEA time, header]
# bad_flag = -9.990e-29
*END*
[from data line 9223]
       9224    156.157     7.8933   3.639047    -0.0341     2.5231     0.2715    154.652    154.652    35.2231    295.371    100.118 0.0000e+00
       9225    156.182     7.8934   3.639059    -0.0339     2.5231     0.2716    154.677    154.677    35.2231    295.353    100.113 0.0000e+00
       9226    156.206     7.8932   3.639028    -0.0338     2.5231     0.2716    154.701    154.701    35.2230    295.336    100.106 0.0000e+00
       9227    156.231     7.8936   3.639072    -0.0337     2.5231     0.2717    154.725    154.726    35.2231    295.316    100.100 0.0000e+00
       9228    156.254     7.8934   3.639029    -0.0336     2.5232     0.2718    154.749    154.748    35.2228    295.316    100.100 0.0000e+00
       9229    156.277     7.8931   3.639046    -0.0335     2.5232     0.2718    154.772    154.771    35.2233    295.302    100.095 0.0000e+00
       9230    156.299     7.8929   3.639075    -0.0335     2.5233     0.2719    154.794    154.793    35.2238    295.301    100.094 0.0000e+00
       9231    156.321     7.8928   3.639014    -0.0334     2.5235     0.2719    154.815    154.815    35.2232    295.316    100.099 0.0000e+00
       9232    156.343     7.8924   3.639037    -0.0333     2.5236     0.2719    154.837    154.836    35.2238    295.316    100.098 0.0000e+00
       9233    156.366     7.8925   3.639073    -0.0333     2.5237     0.2720    154.860    154.859    35.2241    295.313    100.098 0.0000e+00
       9234    156.388     7.8926   3.639073    -0.0332     2.5237     0.2720    154.882    154.881    35.2240    295.296    100.092 0.0000e+00
       9235    156.410     7.8928   3.639056    -0.0332     2.5238     0.2721    154.903    154.903    35.2236    295.293    100.091 0.0000e+00
       9236    156.431     7.8926   3.639055    -0.0331     2.5238     0.2722    154.924    154.924    35.2238    295.279    100.086 0.0000e+00
       9237    156.453     7.8926   3.639055    -0.0331     2.5238     0.2722    154.945    154.945    35.2238    295.263    100.081 0.0000e+00
       9238    156.476     7.8925   3.639055    -0.0331     2.5238     0.2721    154.968    154.968    35.2239    295.246    100.075 0.0000e+00
       9239    156.497     7.8928   3.639074    -0.0331     2.5239     0.2720    154.989    154.989    35.2238    295.238    100.073 0.0000e+00
       9240    156.518     7.8926   3.639049    -0.0330     2.5239     0.2719    155.009    155.010    35.2237    295.217    100.065 0.0000e+00
       9241    156.538     7.8923   3.639048    -0.0330     2.5239     0.2718    155.030    155.029    35.2240    295.194    100.057 0.0000e+00
       9242    156.559     7.8924   3.639000    -0.0330     2.5240     0.2717    155.050    155.050    35.2233    295.184    100.053 0.0000e+00
       9243    156.580     7.8923   3.639006    -0.0330     2.5240     0.2716    155.071    155.071    35.2235    295.159    100.045 0.0000e+00
       9244    156.600     7.8924   3.638970    -0.0330     2.5240     0.2714    155.091    155.091    35.2230    295.135    100.036 0.0000e+00
       9245    156.619     7.8924   3.638976    -0.0330     2.5241     0.2713    155.110    155.110    35.2230    295.124    100.033 0.0000e+00
       9246    156.638     7.8924   3.638976    -0.0330     2.5241     0.2710    155.129    155.128    35.2230    295.098    100.024 0.0000e+00
       9247    156.657     7.8923   3.638981    -0.0330     2.5242     0.2708    155.147    155.147    35.2232    295.089    100.021 0.0000e+00
       9248    156.674     7.8924   3.638988    -0.0330     2.5242     0.2705    155.164    155.164    35.2231    295.062    100.012 0.0000e+00
       9249    156.692     7.8924   3.639006    -0.0331     2.5241     0.2703    155.182    155.182    35.2233    295.019     99.997 0.0000e+00
       9250    156.710     7.8923   3.639017    -0.0331     2.5241     0.2701    155.199    155.200    35.2235    294.987     99.986 0.0000e+00
       9251    156.729     7.8921   3.638992    -0.0331     2.5242     0.2698    155.218    155.219    35.2235    294.969     99.980 0.0000e+00
       9252    156.748     7.8925   3.638988    -0.0331     2.5242     0.2695    155.237    155.237    35.2230    294.928     99.967 0.0000e+00
       9253    156.766     7.8921   3.638974    -0.0332     2.5242     0.2692    155.255    155.255    35.2232    294.891     99.953 0.0000e+00
       9254    156.782     7.8921   3.638980    -0.0332     2.5242     0.2689    155.271    155.271    35.2233    294.847     99.938 0.0000e+00
       9255    156.799     7.8923   3.638964    -0.0333     2.5241     0.2685    155.288    155.288    35.2229    294.786     99.918 0.0000e+00
       9256    156.817     7.8921   3.638974    -0.0333     2.5241     0.2681    155.305    155.306    35.2232    294.741     99.902 0.0000e+00
       9257    156.835     7.8920   3.638986    -0.0334     2.5241     0.2677    155.324    155.323    35.2234    294.693     99.886 0.0000e+00
       9258    156.852     7.8921   3.638963    -0.0335     2.5241     0.2674    155.340    155.340    35.2231    294.644     99.870 0.0000e+00
       9259    156.868     7.8923   3.638970    -0.0335     2.5241     0.2671    155.357    155.356    35.2230    294.593     99.853 0.0000e+00
       9260    156.886     7.8921   3.638981    -0.0336     2.5241     0.2668    155.374    155.374    35.2233    294.545     99.836 0.0000e+00
       9261    156.903     7.8920   3.638962    -0.0337     2.5241     0.2665    155.391    155.391    35.2232    294.496     99.819 0.0000e+00
       9262    156.920     7.8923   3.638975    -0.0338     2.5240     0.2662    155.408    155.408    35.2230    294.431     99.797 0.0000e+00
       9263    156.935     7.8923   3.638986    -0.0339     2.5239     0.2659    155.423    155.422    35.2231    294.368     99.776 0.0000e+00
       9264    156.951     7.8923   3.638963    -0.0340     2.5238     0.2657    155.439    155.438    35.2228    294.308     99.756 0.0000e+00
       9265    156.968     7.8924   3.638970    -0.0342     2.5237     0.2655    155.455    155.455    35.2228    294.247     99.735 0.0000e+00
       9266    156.985     7.8925   3.638958    -0.0343     2.5237     0.2653    155.473    155.472    35.2226    294.200     99.719 0.0000e+00
       9267    157.004     7.8924   3.638975    -0.0345     2.5236     0.2651    155.491    155.491    35.2228    294.141     99.699 0.0000e+00
       9268    157.021     7.8924   3.638963    -0.0346     2.5235     0.2649    155.508    155.508    35.2227    294.082     99.679 0.0000e+00
       9269    157.036     7.8926   3.638928    -0.0348     2.5234     0.2647    155.522    155.522    35.2221    294.025     99.660 0.0000e+00
       9270    157.050     7.8926   3.638946    -0.0350     2.5233     0.2646    155.537    155.536    35.2223    293.970     99.642 0.0000e+00
       9271    157.067     7.8925   3.638970    -0.0353     2.5232     0.2645    155.553    155.553    35.2227    293.918     99.624 0.0000e+00
       9272    157.083     7.8928   3.638959    -0.0355     2.5230     0.2644    155.569    155.569    35.2222    293.852     99.602 0.0000e+00
       9273    157.098     7.8924   3.638999    -0.0358     2.5228     0.2643    155.585    155.584    35.2231    293.791     99.581 0.0000e+00
       9274    157.113     7.8926   3.638970    -0.0360     2.5225     0.2643    155.599    155.599    35.2225    293.712     99.554 0.0000e+00
       9275    157.128     7.8924   3.638957    -0.0364     2.5224     0.2642    155.614    155.614    35.2226    293.665     99.538 0.0000e+00
       9276    157.143     7.8926   3.638958    -0.0367     2.5221     0.2642    155.629    155.628    35.2224    293.590     99.513 0.0000e+00
       9277    157.159     7.8928   3.638994    -0.0371     2.5219     0.2642    155.645    155.644    35.2226    293.530     99.493 0.0000e+00
       9278    157.175     7.8926   3.638987    -0.0375     2.5216     0.2641    155.661    155.660    35.2227    293.462     99.470 0.0000e+00
       9279    157.191     7.8924   3.638987    -0.0379     2.5213     0.2640    155.676    155.676    35.2229    293.396     99.447 0.0000e+00
       9280    157.206     7.8923   3.638986    -0.0384     2.5210     0.2640    155.691    155.691    35.2230    293.329     99.424 0.0000e+00
       9281    157.222     7.8923   3.639004    -0.0389     2.5207     0.2639    155.707    155.707    35.2231    293.264     99.402 0.0000e+00
       9282    157.239     7.8924   3.638992    -0.0395     2.5204     0.2639    155.724    155.723    35.2229    293.201     99.381 0.0000e+00
       9283    157.257     7.8924   3.638998    -0.0401     2.5202     0.2639    155.741    155.741    35.2230    293.154     99.365 0.0000e+00
       9284    157.273     7.8924   3.639010    -0.0408     2.5200     0.2639    155.757    155.757    35.2231    293.112     99.351 0.0000e+00
       9285    157.288     7.8921   3.639014    -0.0414     2.5198     0.2639    155.772    155.772    35.2234    293.074     99.337 0.0000e+00
       9286    157.304     7.8921   3.639015    -0.0419     2.5197     0.2638    155.788    155.788    35.2234    293.055     99.331 0.0000e+00
       9287    157.320     7.8923   3.639016    -0.0424     2.5196     0.2638    155.804    155.804    35.2232    293.037     99.325 0.0000e+00
       9288    157.336     7.8924   3.638992    -0.0428     2.5194     0.2638    155.820    155.819    35.2229    293.009     99.316 0.0000e+00
       9289    157.353     7.8921   3.638997    -0.0431     2.5192     0.2638    155.836    155.836    35.2232    292.985     99.307 0.0000e+00
       9290    157.370     7.8921   3.638985    -0.0435     2.5190     0.2638    155.852    155.853    35.2231    292.962     99.299 0.0000e+00
       9291    157.386     7.8923   3.639004    -0.0437     2.5188     0.2638    155.868    155.869    35.2231    292.939     99.292 0.0000e+00
       9292    157.403     7.8923   3.639016    -0.0439     2.5186     0.2638    155.885    155.886    35.2232    292.921     99.286 0.0000e+00
       9293    157.421     7.8923   3.638991    -0.0441     2.5185     0.2639    155.904    155.904    35.2229    292.919     99.285 0.0000e+00
       9294    157.440     7.8921   3.639003    -0.0442     2.5183     0.2639    155.922    155.922    35.2232    292.906     99.280 0.0000e+00
       9295    157.458     7.8920   3.639002    -0.0443     2.5182     0.2639    155.939    155.940    35.2233    292.910     99.281 0.0000e+00
       9296    157.475     7.8923   3.638967    -0.0443     2.5180     0.2640    155.957    155.957    35.2226    292.900     99.278 0.0000e+00
       9297    157.493     7.8921   3.638997    -0.0443     2.5178     0.2641    155.975    155.975    35.2231    292.891     99.275 0.0000e+00
       9298    157.512     7.8920   3.638966    -0.0442     2.5176     0.2641    155.993    155.994    35.2229    292.884     99.273 0.0000e+00
       9299    157.529     7.8923   3.638997    -0.0441     2.5174     0.2643    156.011    156.011    35.2229    292.871     99.269 0.0000e+00
       9300    157.547     7.8923   3.639015    -0.0439     2.5172     0.2644    156.029    156.028    35.2231    292.862     99.266 0.0000e+00
       9301    157.566     7.8921   3.639002    -0.0437     2.5170     0.2644    156.047    156.047    35.2232    292.855     99.263 0.0000e+00
       9302    157.584     7.8923   3.638985    -0.0435     2.5169     0.2645    156.065    156.065    35.2228    292.862     99.265 0.0000e+00
       9303    157.602     7.8923   3.639003    -0.0432     2.5167     0.2645    156.083    156.083    35.2229    292.857     99.264 0.0000e+00
       9304    157.619     7.8921   3.638990    -0.0428     2.5165     0.2646    156.099    156.100    35.2230    292.854     99.262 0.0000e+00
       9305    157.636     7.8921   3.638960    -0.0424     2.5163     0.2646    156.117    156.116    35.2227    292.850     99.261 0.0000e+00
       9306    157.656     7.8924   3.638973    -0.0420     2.5161     0.2647    156.136    156.136    35.2225    292.843     99.259 0.0000e+00
       9307    157.676     7.8923   3.639021    -0.0415     2.5159     0.2648    156.156    156.156    35.2231    292.838     99.258 0.0000e+00
       9308    157.696     7.8921   3.639020    -0.0409     2.5158     0.2649    156.176    156.176    35.2233    292.848     99.261 0.0000e+00
       9309    157.715     7.8921   3.638990    -0.0404     2.5156     0.2651    156.195    156.195    35.2230    292.846     99.260 0.0000e+00
       9310    157.735     7.8923   3.639003    -0.0399     2.5156     0.2652    156.215    156.214    35.2229    292.872     99.269 0.0000e+00
       9311    157.755     7.8921   3.638966    -0.0395     2.5155     0.2653    156.235    156.234    35.2227    292.891     99.275 0.0000e+00
       9312    157.776     7.8924   3.638955    -0.0391     2.5154     0.2654    156.256    156.255    35.2222    292.912     99.282 0.0000e+00
       9313    157.798     7.8921   3.638990    -0.0388     2.5153     0.2654    156.277    156.277    35.2229    292.938     99.291 0.0000e+00
       9314    157.819     7.8923   3.638984    -0.0385     2.5152     0.2654    156.298    156.298    35.2226    292.963     99.300 0.0000e+00
       9315    157.839     7.8920   3.639001    -0.0382     2.5150     0.2655    156.318    156.317    35.2231    292.978     99.304 0.0000e+00
       9316    157.858     7.8920   3.639013    -0.0380     2.5149     0.2655    156.337    156.336    35.2232    293.006     99.314 0.0000e+00
       9317    157.879     7.8921   3.638990    -0.0379     2.5147     0.2656    156.357    156.357    35.2229    293.017     99.318 0.0000e+00
       9318    157.900     7.8921   3.639032    -0.0378     2.5146     0.2656    156.378    156.378    35.2233    293.041     99.326 0.0000e+00
       9319    157.922     7.8923   3.639014    -0.0377     2.5145     0.2656    156.400    156.400    35.2229    293.064     99.334 0.0000e+00
       9320    157.944     7.8923   3.638966    -0.0376     2.5144     0.2656    156.422    156.421    35.2224    293.089     99.342 0.0000e+00
       9321    157.966     7.8923   3.638996    -0.0376     2.5142     0.2657    156.443    156.443    35.2227    293.098     99.345 0.0000e+00
       9322    157.987     7.8926   3.639039    -0.0376     2.5141     0.2657    156.464    156.464    35.2228    293.118     99.353 0.0000e+00
       9323    158.009     7.8923   3.638996    -0.0377     2.5139     0.2658    156.486    156.486    35.2227    293.128     99.356 0.0000e+00
       9324    158.031     7.8924   3.639002    -0.0378     2.5138     0.2659    156.507    156.508    35.2226    293.149     99.363 0.0000e+00
       9325    158.053     7.8926   3.639003    -0.0379     2.5137     0.2661    156.529    156.529    35.2224    293.169     99.370 0.0000e+00
       9326    158.075     7.8924   3.639008    -0.0381     2.5137     0.2663    156.551    156.551    35.2227    293.206     99.382 0.0000e+00
       9327    158.096     7.8925   3.639015    -0.0383     2.5138     0.2665    156.572    156.572    35.2226    293.257     99.400 0.0000e+00
       9328    158.118     7.8928   3.639016    -0.0386     2.5138     0.2667    156.594    156.594    35.2223    293.292     99.412 0.0000e+00
       9329    158.141     7.8926   3.639015    -0.0389     2.5138     0.2669    156.616    156.616    35.2225    293.329     99.424 0.0000e+00
       9330    158.163     7.8926   3.639039    -0.0392     2.5138     0.2672    156.638    156.638    35.2228    293.364     99.436 0.0000e+00
       9331    158.186     7.8928   3.639039    -0.0396     2.5138     0.2675    156.661    156.661    35.2225    293.395     99.447 0.0000e+00
       9332    158.209     7.8925   3.639044    -0.0400     2.5137     0.2678    156.683    156.684    35.2229    293.411     99.452 0.0000e+00
       9333    158.232     7.8924   3.639050    -0.0405     2.5138     0.2682    156.707    156.707    35.2230    293.453     99.466 0.0000e+00
