Data/CTD_07_avg.cnv
* Sea-Bird SBE 9 Data File:
* FileName = C:\Users\ctd-user\Desktop\CTD_data\OC4920\CTD_07.hex
* Software Version Seasave V 7.26.2.13
* Temperature SN = 6313
* Conductivity SN = 4758
* Number of Bytes Per Scan = 28
* Number of Voltage Words = 3
* Number of Scans Averaged by the Deck Unit = 1
* NMEA Latitude = 57 54.83 N
* NMEA Longitude = 010 46.77 E
* NMEA UTC (Time) = May 07 2025 09:38:52
** Station: test
** Operator: Operator 1
** Ship: 7720 Skagerak
** Cruise: 7720-2025-01
** Latitude [GG MM.mm N]:
** Longitude [GG MM.mm E]:
** Pumps: PrimaryPump: 1820 # SecondaryPump:
** EventIDs: EventID: 3decf26d-821b-4112-8042-a2c98b568458 # ParentEventID:
** Additional Sampling:
** Metadata admin: MPROG: Other # PROJ: Other # ORDERER: GU # SLABO: GU # ALABO: GU # REFSK: ingen
** Metadata conditions: WADEP: 10 # WINSP: 1 # WINDIR: 02 # AIRPRES: 1000 # AIRTEMP: 1 # WEATH: 9 # CLOUD: 9 # WAVES: 9 # ICEOB: 9 # COMNT_VISIT:
** LIMS Job:
# nquan = 13
# nvalues = 296                         
# units = specified
# name 0 = scan: Scan Count
# name 1 = prDM: Pressure, Digiquartz [db]
# name 2 = t090C: Temperature [ITS-90, deg C]
# name 3 = c0S/m: Conductivity [S/m]
# name 4 = flECO-AFL: Fluorescence, WET Labs ECO-AFL/FL [mg/m^3]
# name 5 = sbeox0V: Oxygen raw, SBE 43 [V]
# name 6 = turbWETntu0: Turbidity, WET Labs ECO [NTU]
# name 7 = depSM: Depth [salt water, m]
# name 8 = depSM: Depth [salt water, m], lat = 57.9138
# name 9 = sal00: Salinity, Practical [PSU]
# name 10 = sbeox0Mm/L: Oxygen, SBE 43 [umol/l], WS = 2
# name 11 = sbeox0PS: Oxygen, SBE 43 [% saturation], WS = 2
# name 12 = flag: flag
# span 0 =       2387,      10002       
# span 1 =      0.505,    149.437       
# span 2 =     7.7896,    10.5514       
# span 3 =   3.277618,   3.681976       
# span 4 =    -0.0488,     4.2162       
# span 5 =     2.5091,     2.8250       
# span 6 =     0.1641,     0.4792       
# span 7 =      0.500,    148.000       
# span 8 =      0.500,    148.000       
# span 9 =    29.2393,    35.2764       
# span 10 =    292.234,    331.822      
# span 11 =     99.070,    113.794      
# span 12 = 0.0000e+00, 0.0000e+00      
# interval = meters: 0.5                
# start_time = May 07 2025 09:38:52 [NMEA time, header]
# bad_flag = -9.990e-29
*END*
       2387      0.505    10.5514   3.284317     0.2772     2.7432     0.2346      0.500      0.500    29.2393    312.678    108.150 0.0000e+00
       2411      1.009    10.5000   3.281250     0.2792     2.7434     0.2415      1.000      1.000    29.2501    313.621    108.362 0.0000e+00
       2430      1.514    10.4869   3.279791     0.2810     2.7462     0.2442      1.500      1.500    29.2459    314.501    108.633 0.0000e+00
       2450      2.019    10.4475   3.277618     0.2923     2.7489     0.2401      2.000      2.000    29.2560    314.608    108.583 0.0000e+00
       2473      2.523    10.4442   3.278605     0.3472     2.7475     0.2382      2.500      2.500    29.2682    313.602    108.236 0.0000e+00
       2499      3.028    10.4667   3.279088     0.4390     2.7453     0.2394      3.000      3.000    29.2546    313.906    108.385 0.0000e+00
       2519      3.533    10.4439   3.279775     0.4779     2.7479     0.2445      3.500      3.500    29.2796    314.863    108.679 0.0000e+00
       2540      4.037    10.3690   3.282138     0.5049     2.7500     0.2481      4.000      4.000    29.3631    315.484    108.773 0.0000e+00
       2566      4.542    10.3557   3.284287     0.5316     2.7514     0.2407      4.500      4.500    29.3949    314.714    108.498 0.0000e+00
       2596      5.047    10.3991   3.282303     0.5176     2.7459     0.2318      5.000      5.000    29.3400    313.883    108.276 0.0000e+00
       2618      5.552    10.4023   3.281526     0.5077     2.7489     0.2338      5.500      5.500    29.3296    315.980    109.000 0.0000e+00
       2637      6.056    10.0844   3.285916     0.5737     2.7539     0.2374      6.000      6.000    29.6314    318.958    109.476 0.0000e+00
       2655      6.561     9.9557   3.317027     0.7804     2.7606     0.2403      6.500      6.500    30.0486    321.840    110.448 0.0000e+00
       2676      7.066     9.8782   3.334780     1.0971     2.7794     0.2490      7.000      7.000    30.2916    327.310    112.309 0.0000e+00
       2700      7.570     9.5381   3.412313     1.4396     2.8102     0.2554      7.500      7.500    31.3700    331.822    113.794 0.0000e+00
       2728      8.075     9.2203   3.525605     2.2424     2.8250     0.2613      8.001      8.000    32.8183    324.674    111.599 0.0000e+00
       2753      8.580     8.7073   3.605578     3.0624     2.7951     0.2587      8.500      8.500    34.1346    314.540    107.809 0.0000e+00
       2775      9.084     8.4300   3.588691     3.8175     2.7596     0.2551      9.000      9.000    34.2243    311.399    106.137 0.0000e+00
       2796      9.589     8.3214   3.570085     4.2162     2.7312     0.2519      9.500      9.500    34.1320    310.325    105.451 0.0000e+00
       2818     10.094     8.3095   3.566630     4.0023     2.7092     0.2437     10.000     10.000    34.1066    309.218    105.029 0.0000e+00
       2842     10.598     8.3235   3.572158     3.4872     2.6893     0.2311     10.500     10.500    34.1515    306.861    104.292 0.0000e+00
       2866     11.103     8.3149   3.576359     3.5165     2.6708     0.2230     11.000     11.000    34.2043    304.542    103.519 0.0000e+00
       2890     11.608     8.2946   3.577798     3.6596     2.6538     0.2194     11.500     11.500    34.2392    302.785    102.898 0.0000e+00
       2912     12.113     8.2093   3.576048     3.2671     2.6400     0.2141     12.000     12.000    34.3036    301.883    102.439 0.0000e+00
       2933     12.617     8.1462   3.573559     2.4634     2.6288     0.2109     12.500     12.500    34.3386    301.504    102.189 0.0000e+00
       2953     13.122     8.1413   3.572824     1.7440     2.6217     0.1990     13.000     13.000    34.3353    301.628    102.217 0.0000e+00
       2977     13.627     8.0997   3.576047     1.2223     2.6168     0.1899     13.500     13.500    34.4104    302.004    102.299 0.0000e+00
       3004     14.131     8.1111   3.579235     0.9464     2.6146     0.1888     14.000     14.000    34.4330    302.284    102.435 0.0000e+00
       3030     14.636     8.1980   3.593116     0.8452     2.6145     0.1880     14.500     14.500    34.4957    302.000    102.581 0.0000e+00
       3053     15.141     8.2198   3.603024     0.8656     2.6154     0.1878     15.000     15.000    34.5798    301.760    102.606 0.0000e+00
       3075     15.645     8.2908   3.607524     0.9128     2.6156     0.1878     15.500     15.500    34.5577    301.373    102.622 0.0000e+00
       3095     16.150     8.3736   3.623027     0.9047     2.6166     0.1880     16.000     16.000    34.6410    300.965    102.729 0.0000e+00
       3116     16.655     8.3880   3.629515     0.8446     2.6178     0.1877     16.500     16.500    34.6956    301.053    102.828 0.0000e+00
       3139     17.160     8.4095   3.634477     0.8197     2.6199     0.1893     17.000     17.000    34.7269    301.479    103.044 0.0000e+00
       3163     17.664     8.4110   3.637933     0.9027     2.6237     0.1946     17.500     17.500    34.7620    302.174    103.309 0.0000e+00
       3188     18.169     8.4097   3.639047     0.9788     2.6271     0.1969     18.000     18.000    34.7749    302.272    103.348 0.0000e+00
       3213     18.674     8.4096   3.640015     1.0328     2.6285     0.1971     18.500     18.500    34.7850    301.962    103.249 0.0000e+00
       3237     19.178     8.4101   3.640967     1.0998     2.6286     0.1982     19.000     19.000    34.7944    301.928    103.244 0.0000e+00
       3258     19.683     8.4096   3.642286     1.1396     2.6290     0.2013     19.500     19.500    34.8087    301.868    103.232 0.0000e+00
       3279     20.188     8.4042   3.642750     1.1442     2.6283     0.2006     20.000     20.000    34.8187    301.568    103.124 0.0000e+00
       3301     20.693     8.3969   3.643234     1.1132     2.6272     0.1972     20.500     20.500    34.8308    301.453    103.076 0.0000e+00
       3328     21.197     8.3743   3.643432     1.0352     2.6267     0.1938     21.000     21.000    34.8552    302.390    103.360 0.0000e+00
       3354     21.702     8.3343   3.641905     0.9289     2.6322     0.1887     21.500     21.500    34.8782    305.056    104.194 0.0000e+00
       3374     22.207     8.3479   3.641752     0.8332     2.6410     0.1884     22.000     22.000    34.8629    306.859    104.832 0.0000e+00
       3394     22.712     8.3671   3.646955     0.8124     2.6500     0.1886     22.500     22.500    34.8991    307.612    105.159 0.0000e+00
       3418     23.216     8.3776   3.649057     0.8831     2.6571     0.1881     23.000     23.000    34.9107    307.480    105.146 0.0000e+00
       3445     23.721     8.3966   3.651314     0.9278     2.6612     0.1897     23.500     23.500    34.9157    307.343    105.147 0.0000e+00
       3468     24.226     8.4233   3.655738     0.9263     2.6638     0.1944     24.000     24.000    34.9360    307.136    105.153 0.0000e+00
       3488     24.730     8.4338   3.659797     0.8881     2.6646     0.1960     24.500     24.500    34.9686    306.714    105.055 0.0000e+00
       3510     25.235     8.4309   3.661182     0.8215     2.6642     0.1928     25.000     25.000    34.9859    306.235    104.896 0.0000e+00
       3534     25.740     8.4205   3.662345     0.7300     2.6623     0.1870     25.500     25.500    35.0084    306.067    104.830 0.0000e+00
       3559     26.245     8.4221   3.664174     0.6306     2.6615     0.1829     26.000     26.000    35.0260    305.836    104.766 0.0000e+00
       3584     26.749     8.4233   3.666910     0.5438     2.6593     0.1811     26.500     26.500    35.0537    305.350    104.621 0.0000e+00
       3608     27.254     8.4006   3.667554     0.4670     2.6575     0.1784     27.000     27.000    35.0830    305.283    104.565 0.0000e+00
       3630     27.759     8.3814   3.666752     0.4000     2.6558     0.1731     27.500     27.500    35.0933    305.205    104.501 0.0000e+00
       3650     28.264     8.3738   3.667403     0.3482     2.6545     0.1717     28.000     28.000    35.1076    304.995    104.421 0.0000e+00
       3670     28.768     8.3587   3.667406     0.3176     2.6525     0.1714     28.500     28.500    35.1225    304.762    104.316 0.0000e+00
       3693     29.273     8.3478   3.666928     0.2709     2.6510     0.1716     29.000     29.000    35.1280    304.754    104.292 0.0000e+00
       3720     29.778     8.3245   3.665940     0.2162     2.6484     0.1717     29.501     29.500    35.1405    304.229    104.066 0.0000e+00
       3746     30.283     8.3144   3.665070     0.1605     2.6454     0.1718     30.000     30.000    35.1411    304.217    104.039 0.0000e+00
       3767     30.787     8.2982   3.664932     0.1274     2.6445     0.1718     30.500     30.500    35.1556    304.319    104.046 0.0000e+00
       3787     31.292     8.2860   3.664386     0.1041     2.6432     0.1715     31.000     31.000    35.1617    304.292    104.013 0.0000e+00
       3808     31.797     8.2811   3.664041     0.0824     2.6431     0.1710     31.500     31.500    35.1627    304.756    104.161 0.0000e+00
       3834     32.302     8.2758   3.663962     0.0802     2.6444     0.1694     32.000     32.000    35.1669    305.270    104.327 0.0000e+00
       3861     32.806     8.2632   3.663391     0.0743     2.6464     0.1679     32.500     32.500    35.1732    305.578    104.407 0.0000e+00
       3884     33.311     8.2581   3.662998     0.0710     2.6470     0.1705     33.000     33.000    35.1739    305.285    104.295 0.0000e+00
       3904     33.816     8.2568   3.663077     0.0680     2.6460     0.1709     33.500     33.500    35.1757    304.803    104.129 0.0000e+00
       3923     34.321     8.2587   3.663135     0.0602     2.6443     0.1707     34.000     34.000    35.1742    304.598    104.062 0.0000e+00
       3943     34.825     8.2645   3.664114     0.0615     2.6435     0.1711     34.500     34.500    35.1786    304.850    104.165 0.0000e+00
       3967     35.330     8.2654   3.664448     0.0673     2.6447     0.1710     35.000     35.000    35.1810    305.518    104.397 0.0000e+00
       4000     35.835     8.2500   3.663714     0.0531     2.6467     0.1665     35.500     35.500    35.1883    305.055    104.208 0.0000e+00
       4025     36.340     8.2310   3.662308     0.0463     2.6413     0.1641     36.000     36.000    35.1921    302.414    103.264 0.0000e+00
       4044     36.844     8.2737   3.663143     0.0412     2.6328     0.1669     36.500     36.500    35.1580    300.699    102.754 0.0000e+00
       4062     37.349     8.3383   3.671916     0.0374     2.6257     0.1705     37.000     37.000    35.1867    299.576    102.537 0.0000e+00
       4083     37.854     8.3377   3.676574     0.0579     2.6190     0.1713     37.500     37.500    35.2368    298.983    102.366 0.0000e+00
       4108     38.359     8.3115   3.674780     0.0644     2.6130     0.1700     38.000     38.000    35.2437    298.973    102.307 0.0000e+00
       4135     38.863     8.3123   3.673913     0.0580     2.6089     0.1668     38.500     38.500    35.2335    298.684    102.203 0.0000e+00
       4158     39.368     8.3189   3.674706     0.0564     2.6055     0.1697     38.999     39.000    35.2350    298.511    102.160 0.0000e+00
       4180     39.873     8.3239   3.675629     0.0553     2.6041     0.1710     39.500     39.500    35.2396    298.049    102.017 0.0000e+00
       4202     40.378     8.3301   3.676293     0.0554     2.5995     0.1714     40.000     40.000    35.2403    296.820    101.611 0.0000e+00
       4226     40.883     8.3394   3.677410     0.0540     2.5945     0.1720     40.500     40.500    35.2426    296.340    101.469 0.0000e+00
       4248     41.387     8.3477   3.678816     0.0487     2.5911     0.1718     41.000     41.000    35.2490    296.139    101.424 0.0000e+00
       4269     41.892     8.3529   3.679736     0.0424     2.5889     0.1701     41.500     41.500    35.2534    295.739    101.301 0.0000e+00
       4292     42.397     8.3601   3.680534     0.0401     2.5849     0.1671     42.000     42.000    35.2544    294.786    100.991 0.0000e+00
       4319     42.902     8.3655   3.681254     0.0355     2.5799     0.1710     42.500     42.500    35.2565    294.222    100.811 0.0000e+00
       4345     43.406     8.3663   3.681976     0.0247     2.5763     0.1720     43.000     43.000    35.2631    293.901    100.708 0.0000e+00
       4368     43.911     8.3630   3.681891     0.0225     2.5731     0.1719     43.500     43.500    35.2653    293.419    100.536 0.0000e+00
       4388     44.416     8.3576   3.681489     0.0240     2.5703     0.1722     44.000     44.000    35.2662    293.136    100.428 0.0000e+00
       4407     44.921     8.3346   3.680309     0.0307     2.5678     0.1723     44.500     44.500    35.2764    293.218    100.411 0.0000e+00
       4428     45.426     8.3109   3.677712     0.0297     2.5666     0.1715     45.000     45.000    35.2722    293.539    100.465 0.0000e+00
       4453     45.930     8.2977   3.676086     0.0223     2.5657     0.1714     45.500     45.500    35.2679    293.487    100.415 0.0000e+00
       4479     46.435     8.2846   3.674472     0.0137     2.5637     0.1715     46.000     46.000    35.2635    293.119    100.257 0.0000e+00
       4503     46.940     8.2665   3.672513     0.0057     2.5619     0.1712     46.500     46.500    35.2605    293.251    100.260 0.0000e+00
       4526     47.445     8.2578   3.671101     0.0040     2.5613     0.1710     47.000     47.000    35.2539    293.420    100.293 0.0000e+00
       4549     47.950     8.2554   3.670575     0.0038     2.5607     0.1719     47.500     47.500    35.2504    293.254    100.229 0.0000e+00
       4571     48.454     8.2519   3.670478     0.0036     2.5596     0.1741     48.000     48.000    35.2526    293.148    100.187 0.0000e+00
       4594     48.959     8.2392   3.669614     0.0037     2.5588     0.1775     48.500     48.500    35.2559    293.119    100.150 0.0000e+00
       4618     49.464     8.2276   3.668582     0.0016     2.5573     0.1741     49.000     49.000    35.2563    292.709     99.984 0.0000e+00
       4640     49.969     8.2033   3.666536    -0.0063     2.5550     0.1720     49.500     49.500    35.2585    292.475     99.852 0.0000e+00
       4662     50.473     8.1863   3.664276    -0.0041     2.5530     0.1719     50.000     50.000    35.2511    292.679     99.879 0.0000e+00
       4684     50.978     8.1793   3.663178    -0.0065     2.5529     0.1718     50.500     50.500    35.2462    293.135    100.015 0.0000e+00
       4708     51.483     8.1764   3.662618    -0.0127     2.5531     0.1724     51.000     51.000    35.2429    293.092     99.992 0.0000e+00
       4730     51.988     8.1757   3.662467    -0.0131     2.5525     0.1751     51.500     51.500    35.2417    292.859     99.910 0.0000e+00
       4753     52.493     8.1732   3.662438    -0.0086     2.5517     0.1791     52.000     52.000    35.2437    292.978     99.947 0.0000e+00
       4777     52.998     8.1661   3.662067     0.0008     2.5525     0.1806     52.500     52.500    35.2466    293.491    100.108 0.0000e+00
       4804     53.502     8.1307   3.660221    -0.0020     2.5531     0.1804     53.000     53.000    35.2622    293.272     99.964 0.0000e+00
       4829     54.007     8.1154   3.656850    -0.0117     2.5513     0.1806     53.500     53.500    35.2411    293.071     99.847 0.0000e+00
       4849     54.512     8.1076   3.655949    -0.0137     2.5506     0.1807     54.000     54.000    35.2390    293.176     99.864 0.0000e+00
       4868     55.017     8.0865   3.655342    -0.0140     2.5499     0.1809     54.500     54.500    35.2535    293.316     99.874 0.0000e+00
       4889     55.521     8.0487   3.651840    -0.0143     2.5500     0.1807     55.000     55.000    35.2537    293.816     99.960 0.0000e+00
       4914     56.026     8.0358   3.649613    -0.0156     2.5500     0.1809     55.500     55.500    35.2425    293.699     99.884 0.0000e+00
