Data/CTD_10_avg.cnv
* Sea-Bird SBE 9 Data File:
* FileName = C:\Users\ctd-user\Desktop\CTD_data\OC4920\CTD_10.hex
* Software Version Seasave V 7.26.2.13
* Temperature SN = 6313
* Conductivity SN = 4758
* Number of Bytes Per Scan = 28
* Number of Voltage Words = 3
* Number of Scans Averaged by the Deck Unit = 1
* NMEA Latitude = 57 51.81 N
* NMEA Longitude = 010 46.60 E
* NMEA UTC (Time) = May 07 2025 11:11:29
** Station: test
** Operator: Operator 1
** Ship: 7720 Skagerak
** Cruise: 7720-2025-01
** Latitude [GG MM.mm N]:
** Longitude [GG MM.mm E]:
** Pumps: PrimaryPump: 1820 # SecondaryPump:
** EventIDs: EventID: 3decf26d-821b-4112-8042-a2c98b568458 # ParentEventID:
** Additional Sampling:
** Metadata admin: MPROG: Other # PROJ: Other # ORDERER: GU # SLABO: GU # ALABO: GU # REFSK: ingen
** Metadata conditions: WADEP: 10 # WINSP: 1 # WINDIR: 02 # AIRPRES: 1000 # AIRTEMP: 1 # WEATH: 9 # CLOUD: 9 # WAVES: 9 # ICEOB: 9 # COMNT_VISIT:
** LIMS Job:
# nquan = 13
# nvalues = 218                         
# units = specified
# name 0 = scan: Scan Count
# name 1 = prDM: Pressure, Digiquartz [db]
# name 2 = t090C: Temperature [ITS-90, deg C]
# name 3 = c0S/m: Conductivity [S/m]
# name 4 = flECO-AFL: Fluorescence, WET Labs ECO-AFL/FL [mg/m^3]
# name 5 = sbeox0V: Oxygen raw, SBE 43 [V]
# name 6 = turbWETntu0: Turbidity, WET Labs ECO [NTU]
# name 7 = depSM: Depth [salt water, m]
# name 8 = depSM: Depth [salt water, m], lat = 57.8635
# name 9 = sal00: Salinity, Practical [PSU]
# name 10 = sbeox0Mm/L: Oxygen, SBE 43 [umol/l], WS = 2
# name 11 = sbeox0PS: Oxygen, SBE 43 [% saturation], WS = 2
# name 12 = flag: flag
# span 0 =         67,       7059       
# span 1 =      0.505,    110.048       
# span 2 =     7.7081,    10.3079       
# span 3 =   3.403102,   3.675885       
# span 4 =    -0.0299,     8.1534       
# span 5 =     2.2796,     2.8943       
# span 6 =     0.1750,     0.3991       
# span 7 =      0.500,    109.000       
# span 8 =      0.500,    109.000       
# span 9 =    30.6823,    35.2189       
# span 10 =    250.991,    339.621      
# span 11 =     87.044,    117.122      
# span 12 = 0.0000e+00, 0.0000e+00      
# interval = meters: 0.5                
# start_time = May 07 2025 11:11:29 [NMEA time, header]
# bad_flag = -9.990e-29
*END*
         67      0.505    10.3079   3.409607     0.2599     2.2796     0.2289      0.500      0.500    30.6823    252.243     87.588 0.0000e+00
         88      1.009    10.2422   3.406857     0.2560     2.2881     0.2285      1.000      1.000    30.7102    250.991     87.044 0.0000e+00
        110      1.514    10.1044   3.403102     0.2753     2.2981     0.2385      1.500      1.500    30.7893    255.066     88.236 0.0000e+00
        134      2.019     9.9994   3.407123     0.3054     2.3205     0.2493      2.000      2.000    30.9190    260.133     89.857 0.0000e+00
        158      2.523     9.8795   3.410211     0.3508     2.3422     0.2540      2.500      2.500    31.0528    261.775     90.265 0.0000e+00
        180      3.028     9.8423   3.411615     0.4306     2.3512     0.2559      3.000      3.000    31.0989    262.769     90.560 0.0000e+00
        202      3.533     9.7960   3.413040     0.5833     2.3699     0.2611      3.500      3.500    31.1530    270.589     93.193 0.0000e+00
        225      4.037     9.7556   3.419288     0.8065     2.4150     0.2675      4.000      4.000    31.2511    281.691     96.991 0.0000e+00
        249      4.542     9.5872   3.428668     0.9757     2.4718     0.2706      4.500      4.500    31.4934    290.553     99.827 0.0000e+00
        274      5.047     9.4603   3.466705     1.1374     2.5195     0.2708      5.000      5.000    31.9943    293.358    100.835 0.0000e+00
        297      5.551     9.3862   3.533318     1.3752     2.5455     0.2669      5.500      5.500    32.7452    291.654    100.570 0.0000e+00
        687      6.056     9.3743   3.553592     1.8875     2.5532     0.2480      6.000      6.000    32.9658    286.834     99.023 0.0000e+00
       2098      6.561     9.0908   3.605326     3.6623     2.7642     0.2531      6.500      6.500    33.7657    327.687    113.003 0.0000e+00
       2122      7.066     9.0656   3.611048     4.4089     2.8006     0.2583      7.000      7.000    33.8491    330.951    114.127 0.0000e+00
       2147      7.570     9.0397   3.614824     5.0272     2.8301     0.2586      7.500      7.500    33.9129    333.814    115.096 0.0000e+00
       2170      8.075     9.0152   3.621531     5.5166     2.8565     0.2659      8.000      8.000    34.0061    337.658    116.428 0.0000e+00
       2193      8.580     8.9828   3.631285     5.9924     2.8820     0.2657      8.500      8.500    34.1390    339.621    117.122 0.0000e+00
       2216      9.084     8.9088   3.648253     6.4650     2.8943     0.2651      9.000      9.000    34.3880    335.378    115.655 0.0000e+00
       2239      9.589     8.8479   3.670813     7.7448     2.8777     0.2759      9.500      9.500    34.6841    326.951    112.814 0.0000e+00
       2262     10.094     8.7143   3.665407     8.1534     2.8484     0.2809     10.000     10.000    34.7578    322.302    110.933 0.0000e+00
       2285     10.598     8.7007   3.660652     6.6907     2.8205     0.2697     10.500     10.500    34.7208    319.160    109.792 0.0000e+00
       2307     11.103     8.7100   3.661757     4.9453     2.7957     0.2500     11.000     11.000    34.7231    316.337    108.845 0.0000e+00
       2329     11.608     8.6828   3.663344     4.1110     2.7737     0.2334     11.500     11.500    34.7663    314.414    108.149 0.0000e+00
       2351     12.112     8.6179   3.659168     3.5866     2.7565     0.2237     11.999     12.000    34.7858    313.548    107.709 0.0000e+00
       2373     12.617     8.5814   3.654301     2.9034     2.7418     0.2158     12.500     12.500    34.7700    312.540    107.265 0.0000e+00
       2397     13.122     8.5725   3.653352     2.4208     2.7288     0.2090     13.000     13.000    34.7684    311.546    106.901 0.0000e+00
       2421     13.627     8.5536   3.652968     2.1590     2.7185     0.2058     13.500     13.500    34.7828    310.754    106.595 0.0000e+00
       2444     14.131     8.5431   3.652701     2.0090     2.7098     0.2084     14.000     14.000    34.7901    309.741    106.227 0.0000e+00
       2465     14.636     8.5371   3.653948     1.8292     2.7016     0.2089     14.500     14.500    34.8090    308.843    105.918 0.0000e+00
       2487     15.141     8.5341   3.655098     1.6146     2.6952     0.2052     15.000     15.000    34.8239    308.980    105.968 0.0000e+00
       2510     15.645     8.5309   3.655387     1.4690     2.6935     0.2023     15.500     15.500    34.8299    309.678    106.204 0.0000e+00
       2534     16.150     8.5422   3.658586     1.3405     2.6926     0.1994     16.000     16.000    34.8524    309.244    106.098 0.0000e+00
       2557     16.655     8.5395   3.661211     1.2022     2.6904     0.2013     16.500     16.500    34.8827    308.838    105.973 0.0000e+00
       2579     17.160     8.5011   3.660630     1.1329     2.6889     0.1984     17.000     17.000    34.9142    309.050    105.977 0.0000e+00
       2601     17.664     8.4705   3.658547     1.0869     2.6881     0.1960     17.500     17.500    34.9222    309.349    106.013 0.0000e+00
       2624     18.169     8.4646   3.658428     1.0199     2.6875     0.1914     18.000     18.000    34.9266    308.790    105.810 0.0000e+00
       2648     18.674     8.4723   3.663581     0.9706     2.6827     0.1890     18.500     18.500    34.9734    307.258    105.335 0.0000e+00
       2672     19.178     8.4085   3.663730     0.9922     2.6773     0.1946     19.000     19.000    35.0383    306.791    105.070 0.0000e+00
       2695     19.683     8.3696   3.659156     0.9162     2.6719     0.1943     19.500     19.500    35.0281    306.631    104.917 0.0000e+00
       2717     20.188     8.3771   3.659074     0.7503     2.6690     0.1862     20.000     20.000    35.0195    307.012    105.059 0.0000e+00
       2739     20.693     8.3556   3.662080     0.6689     2.6689     0.1816     20.500     20.500    35.0727    307.503    105.213 0.0000e+00
       2760     21.197     8.3651   3.661312     0.6320     2.6692     0.1801     21.000     21.000    35.0548    307.731    105.301 0.0000e+00
       2782     21.702     8.4128   3.666536     0.6210     2.6703     0.1792     21.500     21.500    35.0626    307.476    105.331 0.0000e+00
       2807     22.207     8.3938   3.672756     0.6552     2.6705     0.1793     22.000     22.000    35.1477    307.299    105.284 0.0000e+00
       2832     22.711     8.3541   3.666452     0.7001     2.6701     0.1796     22.500     22.500    35.1199    307.399    105.206 0.0000e+00
       2854     23.216     8.3753   3.669587     0.6766     2.6687     0.1795     23.000     23.000    35.1318    306.542    104.971 0.0000e+00
       2876     23.721     8.3945   3.672398     0.6592     2.6654     0.1795     23.500     23.500    35.1424    305.775    104.760 0.0000e+00
       2899     24.226     8.4019   3.675460     0.6677     2.6626     0.1785     24.000     24.000    35.1673    305.380    104.659 0.0000e+00
       2923     24.730     8.3970   3.675579     0.6705     2.6594     0.1764     24.500     24.500    35.1733    304.937    104.500 0.0000e+00
       2945     25.235     8.3824   3.675250     0.6567     2.6565     0.1754     25.000     25.000    35.1841    304.892    104.458 0.0000e+00
       2966     25.740     8.3840   3.675142     0.6341     2.6555     0.1788     25.500     25.500    35.1811    304.936    104.474 0.0000e+00
       2988     26.245     8.3815   3.675550     0.5970     2.6535     0.1792     26.000     26.000    35.1877    304.262    104.242 0.0000e+00
       3011     26.749     8.3669   3.675885     0.5717     2.6496     0.1792     26.500     26.500    35.2056    303.328    103.901 0.0000e+00
       3036     27.254     8.3418   3.673496     0.5497     2.6440     0.1790     27.000     27.000    35.2051    302.659    103.613 0.0000e+00
       3060     27.759     8.3111   3.671097     0.5137     2.6397     0.1795     27.500     27.500    35.2100    302.874    103.619 0.0000e+00
       3082     28.264     8.2652   3.667123     0.4689     2.6381     0.1795     28.000     28.000    35.2133    303.175    103.618 0.0000e+00
       3103     28.768     8.2006   3.661609     0.4223     2.6354     0.1794     28.500     28.500    35.2189    303.205    103.482 0.0000e+00
       3126     29.273     8.1727   3.656160     0.3620     2.6337     0.1800     29.000     29.000    35.1882    303.301    103.430 0.0000e+00
       3150     29.778     8.1177   3.653520     0.2928     2.6305     0.1777     29.500     29.500    35.2150    302.632    103.092 0.0000e+00
       3172     30.282     8.0434   3.644814     0.2460     2.6257     0.1750     30.000     30.000    35.1959    302.359    102.815 0.0000e+00
       3194     30.787     8.0208   3.640802     0.1945     2.6211     0.1800     30.500     30.500    35.1753    302.030    102.637 0.0000e+00
       3217     31.292     8.0079   3.638506     0.1593     2.6172     0.1840     31.000     31.000    35.1633    301.896    102.554 0.0000e+00
       3240     31.797     8.0020   3.637843     0.1384     2.6140     0.1828     31.500     31.500    35.1619    301.328    102.347 0.0000e+00
       3263     32.301     8.0010   3.637510     0.1253     2.6087     0.1852     32.000     32.000    35.1590    300.491    102.058 0.0000e+00
       3287     32.806     7.9880   3.637142     0.1201     2.6052     0.1872     32.500     32.500    35.1679    300.621    102.079 0.0000e+00
       3310     33.311     7.9522   3.635632     0.1167     2.6030     0.1879     33.000     33.000    35.1875    300.629    102.012 0.0000e+00
       3333     33.816     7.9027   3.629434     0.1041     2.6005     0.1880     33.500     33.500    35.1702    300.566    101.866 0.0000e+00
       3355     34.320     7.8860   3.626971     0.0897     2.5976     0.1877     34.000     34.000    35.1603    300.321    101.738 0.0000e+00
       3376     34.825     7.8811   3.625532     0.0835     2.5954     0.1876     34.500     34.500    35.1494    300.343    101.727 0.0000e+00
       3398     35.330     7.8766   3.625207     0.0757     2.5943     0.1894     35.000     35.000    35.1502    300.234    101.680 0.0000e+00
       3422     35.835     7.8754   3.624922     0.0719     2.5912     0.1940     35.500     35.500    35.1481    299.303    101.361 0.0000e+00
       3447     36.340     7.8742   3.624891     0.0692     2.5871     0.1957     36.000     36.000    35.1487    298.980    101.249 0.0000e+00
       3471     36.844     7.8739   3.624878     0.0621     2.5851     0.1950     36.500     36.500    35.1486    299.024    101.263 0.0000e+00
       3493     37.349     7.8675   3.624716     0.0665     2.5834     0.1909     37.000     37.000    35.1531    298.700    101.142 0.0000e+00
       3515     37.854     7.8545   3.623918     0.0608     2.5810     0.1887     37.500     37.500    35.1573    298.434    101.025 0.0000e+00
       3536     38.359     7.8310   3.622133     0.0542     2.5790     0.1912     38.000     38.000    35.1615    298.123    100.869 0.0000e+00
       3557     38.863     7.8231   3.619960     0.0477     2.5755     0.1948     38.500     38.500    35.1457    297.680    100.691 0.0000e+00
       3581     39.368     7.8231   3.619946     0.0410     2.5732     0.1964     39.000     39.000    35.1453    298.004    100.800 0.0000e+00
       3606     39.873     7.8229   3.620004     0.0351     2.5733     0.1964     39.500     39.500    35.1459    298.479    100.961 0.0000e+00
       3631     40.378     7.8213   3.620046     0.0241     2.5740     0.1968     40.000     40.000    35.1477    298.489    100.962 0.0000e+00
       3655     40.882     7.8197   3.619963     0.0210     2.5734     0.1966     40.500     40.500    35.1482    298.060    100.813 0.0000e+00
       3676     41.387     7.8190   3.619943     0.0186     2.5719     0.1976     41.000     41.000    35.1484    297.436    100.601 0.0000e+00
       3695     41.892     7.8166   3.619893     0.0137     2.5689     0.2016     41.500     41.500    35.1500    296.965    100.437 0.0000e+00
       3716     42.397     7.8113   3.619588     0.0213     2.5671     0.2037     42.000     42.000    35.1519    297.362    100.561 0.0000e+00
       3741     42.901     7.8093   3.619257     0.0278     2.5670     0.2041     42.500     42.500    35.1500    297.337    100.547 0.0000e+00
       3767     43.406     7.8089   3.619185     0.0231     2.5647     0.2042     43.000     43.000    35.1494    296.706    100.332 0.0000e+00
       3791     43.911     7.8077   3.619167     0.0270     2.5626     0.2007     43.500     43.500    35.1502    296.583    100.288 0.0000e+00
       3814     44.416     7.8061   3.619066     0.0316     2.5614     0.2004     44.000     44.000    35.1504    296.771    100.348 0.0000e+00
       3835     44.921     7.8090   3.619174     0.0278     2.5618     0.2059     44.500     44.500    35.1484    297.087    100.460 0.0000e+00
       3857     45.425     7.8140   3.619654     0.0301     2.5620     0.2103     45.000     45.000    35.1483    296.851    100.392 0.0000e+00
       3879     45.930     7.8370   3.621274     0.0158     2.5608     0.2079     45.500     45.500    35.1424    296.177    100.212 0.0000e+00
       3902     46.435     7.8590   3.624210     0.0184     2.5589     0.2100     46.000     46.000    35.1516    295.881    100.167 0.0000e+00
       3926     46.940     7.8685   3.626501     0.0228     2.5585     0.2085     46.500     46.500    35.1665    296.198    100.306 0.0000e+00
       3949     47.445     7.8670   3.626736     0.0319     2.5594     0.2097     47.000     47.000    35.1704    296.591    100.438 0.0000e+00
       3970     47.949     7.8714   3.627033     0.0401     2.5605     0.2123     47.500     47.500    35.1689    296.503    100.417 0.0000e+00
       3993     48.454     7.8794   3.627972     0.0471     2.5601     0.2098     48.000     48.000    35.1707    296.101    100.300 0.0000e+00
       4017     48.959     7.8826   3.628773     0.0605     2.5594     0.2056     48.500     48.500    35.1758    296.159    100.331 0.0000e+00
       4042     49.464     7.8810   3.628861     0.0658     2.5596     0.2041     49.000     49.000    35.1782    296.165    100.330 0.0000e+00
       4066     49.968     7.8793   3.628691     0.0590     2.5590     0.2017     49.500     49.500    35.1779    295.906    100.238 0.0000e+00
       4088     50.473     7.8729   3.628526     0.0597     2.5576     0.1984     50.000     50.000    35.1823    295.713    100.162 0.0000e+00
       4109     50.978     7.8610   3.627325     0.0665     2.5570     0.2021     50.500     50.500    35.1811    296.114    100.270 0.0000e+00
       4129     51.483     7.8586   3.626530     0.0617     2.5578     0.2037     51.000     51.000    35.1746    296.592    100.422 0.0000e+00
       4151     51.988     7.8612   3.626819     0.0655     2.5593     0.2007     51.500     51.500    35.1749    296.867    100.521 0.0000e+00
       4174     52.492     7.8604   3.626881     0.0706     2.5602     0.1975     52.000     52.000    35.1761    296.605    100.432 0.0000e+00
       4201     52.997     7.8584   3.626833     0.0618     2.5595     0.1963     52.500     52.500    35.1774    296.248    100.307 0.0000e+00
       4227     53.502     7.8545   3.626494     0.0475     2.5581     0.1958     53.000     53.000    35.1774    295.933    100.192 0.0000e+00
       4250     54.007     7.8493   3.626149     0.0447     2.5563     0.1968     53.500     53.500    35.1787    295.273     99.957 0.0000e+00
       4271     54.512     7.8413   3.625485     0.0462     2.5524     0.1987     54.000     54.000    35.1793    294.760     99.766 0.0000e+00
       4290     55.016     7.8253   3.624433     0.0416     2.5509     0.2027     54.499     54.500    35.1838    295.401     99.950 0.0000e+00
       4310     55.521     7.7988   3.621654     0.0408     2.5513     0.2043     55.000     55.000    35.1803    296.086    100.119 0.0000e+00
       4333     56.026     7.7953   3.620199     0.0408     2.5525     0.2042     55.500     55.500    35.1678    296.437    100.222 0.0000e+00
