Data/CTD_13.cnv
* Sea-Bird SBE 9 Data File:
* FileName = C:\Users\ctd-user\Desktop\CTD_data\OC4920\CTD_13.hex
* Software Version Seasave V 7.26.2.13
* Temperature SN = 6313
* Conductivity SN = 4758
* Number of Bytes Per Scan = 28
* Number of Voltage Words = 3
* Number of Scans Averaged by the Deck Unit = 1
* NMEA Latitude = 57 48.82 N
* NMEA Longitude = 010 46.28 E
* NMEA UTC (Time) = May 07 2025 12:13:01
** Station: test
** Operator: Operator 1
** Ship: 7720 Skagerak
** Cruise: 7720-2025-01
** Latitude [GG MM.mm N]:
** Longitude [GG MM.mm E]:
** Pumps: PrimaryPump: 1820 # SecondaryPump:
** EventIDs: EventID: 3decf26d-821b-4112-8042-a2c98b568458 # ParentEventID:
** Additional Sampling:
** Metadata admin: MPROG: Other # PROJ: Other # ORDERER: GU # SLABO: GU # ALABO: GU # REFSK: ingen
** Metadata conditions: WADEP: 10 # WINSP: 1 # WINDIR: 02 # AIRPRES: 1000 # AIRTEMP: 1 # WEATH: 9 # CLOUD: 9 # WAVES: 9 # ICEOB: 9 # COMNT_VISIT:
** LIMS Job:
# nquan = 13                                
# nvalues = 12669                       
# units = specified
# name 0 = scan: Scan Count
# name 1 = prDM: Pressure, Digiquartz [db]
# name 2 = t090C: Temperature [ITS-90, deg C]
# name 3 = c0S/m: Conductivity [S/m]
# name 4 = flECO-AFL: Fluorescence, WET Labs ECO-AFL/FL [mg/m^3]
# name 5 = sbeox0V: Oxygen raw, SBE 43 [V]
# name 6 = turbWETntu0: Turbidity, WET Labs ECO [NTU]
# name 7 = depSM: Depth [salt water, m]
# name 8 = depSM: Depth [salt water, m], lat = 57.8137
# name 9 = sal00: Salinity, Practical [PSU]
# name 10 = sbeox0Mm/L: Oxygen, SBE 43 [umol/l], WS = 2
# name 11 = sbeox0PS: Oxygen, SBE 43 [% saturation], WS = 2
# name 12 = flag: flag
# span 0 =          1,      12669       
# span 1 =     -1.542,     77.553       
# span 2 =     7.6595,    11.2821       
# span 3 =   0.024863,   3.656270       
# span 4 =    -0.4809,    48.2221       
# span 5 =     1.5563,     2.7554       
# span 6 =    -0.1078,     0.9491       
# span 7 =     -1.528,     76.821       
# span 8 =     -1.528,     76.821       
# span 9 =     0.1692,    35.2228       
# span 10 =    180.787,    315.028      
# span 11 =     50.751,    109.131      
# span 12 = 0.0000e+00, 0.0000e+00      
# interval = seconds: 0.0416667
# start_time = May 07 2025 12:13:01 [NMEA time, header]
# bad_flag = -9.990e-29
*END*
[from data line 3001]
       3002     -1.502     9.1377   0.034553    -0.0873     1.8537     0.2037     -1.488     -1.488     0.2399    232.781     64.750 -9.990e-29
       3003     -1.502     9.1373   0.034519    -0.0873     1.8534     0.2048     -1.489     -1.488     0.2396    232.752     64.742 -9.990e-29
       3004     -1.503     9.1368   0.034549    -0.0873     1.8530     0.2059     -1.490     -1.489     0.2398    232.704     64.728 -9.990e-29
       3005     -1.505     9.1366   0.034556    -0.0873     1.8527     0.2070     -1.491     -1.491     0.2399    232.671     64.718 -9.990e-29
       3006     -1.506     9.1364   0.034578    -0.0873     1.8523     0.2079     -1.492     -1.492     0.2400    232.621     64.704 -9.990e-29
       3007     -1.507     9.1360   0.034590    -0.0873     1.8520     0.2087     -1.493     -1.493     0.2401    232.589     64.694 -9.990e-29
       3008     -1.507     9.1352   0.034534    -0.0873     1.8518     0.2095     -1.493     -1.493     0.2397    232.577     64.690 -9.990e-29
       3009     -1.505     9.1352   0.034516    -0.0873     1.8516     0.2102     -1.492     -1.491     0.2396    232.561     64.685 -9.990e-29
       3010     -1.505     9.1351   0.034523    -0.0873     1.8513     0.2107     -1.491     -1.491     0.2397    232.528     64.676 -9.990e-29
       3011     -1.505     9.1346   0.034542    -0.0873     1.8511     0.2112     -1.491     -1.491     0.2398    232.514     64.671 -9.990e-29
       3012     -1.506     9.1339   0.034600    -0.0873     1.8509     0.2116     -1.492     -1.492     0.2402    232.501     64.667 -9.990e-29
       3013     -1.506     9.1337   0.034634    -0.0873     1.8506     0.2119     -1.492     -1.492     0.2405    232.467     64.657 -9.990e-29
       3014     -1.505     9.1329   0.034605    -0.0873     1.8504     0.2122     -1.492     -1.491     0.2403    232.455     64.653 -9.990e-29
       3015     -1.505     9.1327   0.034571    -0.0873     1.8501     0.2124     -1.492     -1.491     0.2400    232.422     64.643 -9.990e-29
       3016     -1.506     9.1323   0.034540    -0.0873     1.8498     0.2126     -1.493     -1.492     0.2398    232.389     64.633 -9.990e-29
       3017     -1.507     9.1318   0.034483    -0.0873     1.8495     0.2127     -1.494     -1.493     0.2394    232.356     64.623 -9.990e-29
       3018     -1.508     9.1315   0.034537    -0.0873     1.8491     0.2128     -1.495     -1.494     0.2398    232.303     64.608 -9.990e-29
       3019     -1.508     9.1311   0.034574    -0.0873     1.8487     0.2128     -1.495     -1.494     0.2400    232.251     64.593 -9.990e-29
       3020     -1.508     9.1307   0.034561    -0.0873     1.8483     0.2128     -1.495     -1.494     0.2400    232.198     64.578 -9.990e-29
       3021     -1.506     9.1300   0.034521    -0.0873     1.8479     0.2127     -1.493     -1.492     0.2397    232.147     64.562 -9.990e-29
       3022     -1.504     9.1297   0.034442    -0.0873     1.8476     0.2125     -1.491     -1.490     0.2391    232.112     64.552 -9.990e-29
       3023     -1.502     9.1293   0.034386    -0.0873     1.8473     0.2123     -1.489     -1.488     0.2387    232.077     64.541 -9.990e-29
       3024     -1.500     9.1289   0.034414    -0.0873     1.8471     0.2120     -1.487     -1.486     0.2389    232.061     64.536 -9.990e-29
       3025     -1.498     9.1282   0.034444    -0.0873     1.8468     0.2116     -1.485     -1.484     0.2391    232.031     64.527 -9.990e-29
       3026     -1.498     9.1279   0.034517    -0.0873     1.8466     0.2112     -1.485     -1.484     0.2397    232.015     64.522 -9.990e-29
       3027     -1.499     9.1274   0.034503    -0.0873     1.8463     0.2107     -1.485     -1.485     0.2396    231.985     64.513 -9.990e-29
       3028     -1.499     9.1271   0.034452    -0.0873     1.8461     0.2102     -1.486     -1.485     0.2392    231.971     64.509 -9.990e-29
       3029     -1.500     9.1266   0.034451    -0.0873     1.8458     0.2095     -1.487     -1.486     0.2392    231.940     64.499 -9.990e-29
       3030     -1.500     9.1258   0.034453    -0.0873     1.8456     0.2089     -1.486     -1.486     0.2392    231.925     64.494 -9.990e-29
       3031     -1.498     9.1256   0.034495    -0.0873     1.8453     0.2084     -1.485     -1.484     0.2395    231.890     64.484 -9.990e-29
       3032     -1.498     9.1253   0.034552    -0.0873     1.8451     0.2078     -1.484     -1.484     0.2399    231.872     64.479 -9.990e-29
       3033     -1.498     9.1247   0.034507    -0.0873     1.8449     0.2073     -1.484     -1.484     0.2396    231.859     64.474 -9.990e-29
       3034     -1.498     9.1242   0.034497    -0.0873     1.8447     0.2068     -1.485     -1.484     0.2395    231.846     64.470 -9.990e-29
       3035     -1.498     9.1238   0.034506    -0.0873     1.8445     0.2064     -1.485     -1.484     0.2396    231.835     64.466 -9.990e-29
       3036     -1.498     9.1233   0.034516    -0.0873     1.8443     0.2059     -1.484     -1.484     0.2397    231.827     64.463 -9.990e-29
       3037     -1.496     9.1229   0.034603    -0.0874     1.8441     0.2055     -1.483     -1.482     0.2403    231.820     64.461 -9.990e-29
       3038     -1.493     9.1225   0.034609    -0.0874     1.8438     0.2050     -1.480     -1.479     0.2403    231.796     64.453 -9.990e-29
       3039     -1.491     9.1220   0.034583    -0.0874     1.8436     0.2045     -1.478     -1.477     0.2402    231.792     64.451 -9.990e-29
       3040     -1.489     9.1217   0.034696    -0.0874     1.8433     0.2040     -1.476     -1.475     0.2410    231.767     64.444 -9.990e-29
       3041     -1.488     9.1214   0.034716    -0.0874     1.8430     0.2035     -1.475     -1.474     0.2411    231.743     64.437 -9.990e-29
       3042     -1.488     9.1211   0.034702    -0.0874     1.8427     0.2030     -1.475     -1.474     0.2410    231.720     64.430 -9.990e-29
       3043     -1.490     9.1204   0.034904    -0.0874     1.8424     0.2025     -1.476     -1.476     0.2425    231.696     64.423 -9.990e-29
       3044     -1.492     9.1203   0.034941    -0.0874     1.8421     0.2020     -1.478     -1.478     0.2427    231.670     64.416 -9.990e-29
       3045     -1.493     9.1199   0.034905    -0.0874     1.8419     0.2015     -1.479     -1.479     0.2425    231.660     64.412 -9.990e-29
       3046     -1.493     9.1194   0.035073    -0.0874     1.8417     0.2010     -1.480     -1.479     0.2437    231.649     64.409 -9.990e-29
       3047     -1.493     9.1189   0.035079    -0.0874     1.8415     0.2005     -1.480     -1.479     0.2437    231.640     64.406 -9.990e-29
       3048     -1.494     9.1188   0.035113    -0.0874     1.8414     0.1999     -1.480     -1.480     0.2440    231.647     64.408 -9.990e-29
       3049     -1.495     9.1183   0.035265    -0.0874     1.8412     0.1993     -1.482     -1.481     0.2451    231.644     64.406 -9.990e-29
       3050     -1.495     9.1180   0.035198    -0.0875     1.8411     0.1986     -1.482     -1.481     0.2446    231.660     64.410 -9.990e-29
       3051     -1.493     9.1175   0.035155    -0.0875     1.8409     0.1979     -1.480     -1.479     0.2443    231.666     64.411 -9.990e-29
       3052     -1.493     9.1173   0.035257    -0.0875     1.8407     0.1972     -1.479     -1.479     0.2450    231.670     64.412 -9.990e-29
       3053     -1.494     9.1170   0.035198    -0.0875     1.8405     0.1964     -1.480     -1.480     0.2446    231.681     64.415 -9.990e-29
       3054     -1.495     9.1165   0.035232    -0.0875     1.8402     0.1956     -1.482     -1.481     0.2449    231.681     64.414 -9.990e-29
       3055     -1.497     9.1162   0.035347    -0.0875     1.8401     0.1948     -1.483     -1.483     0.2457    231.720     64.425 -9.990e-29
       3056     -1.498     9.1157   0.035290    -0.0876     1.8399     0.1940     -1.484     -1.484     0.2453    231.747     64.431 -9.990e-29
       3057     -1.499     9.1157   0.035306    -0.0876     1.8397     0.1932     -1.485     -1.485     0.2454    231.774     64.439 -9.990e-29
       3058     -1.499     9.1150   0.035414    -0.0876     1.8395     0.1925     -1.486     -1.485     0.2462    231.808     64.448 -9.990e-29
       3059     -1.500     9.1149   0.035373    -0.0876     1.8394     0.1918     -1.486     -1.486     0.2459    231.864     64.463 -9.990e-29
       3060     -1.501     9.1143   0.035360    -0.0877     1.8393     0.1912     -1.487     -1.487     0.2458    231.927     64.479 -9.990e-29
       3061     -1.502     9.1141   0.035438    -0.0877     1.8391     0.1906     -1.488     -1.488     0.2463    231.974     64.492 -9.990e-29
       3062     -1.503     9.1137   0.035359    -0.0877     1.8389     0.1900     -1.489     -1.489     0.2458    232.030     64.507 -9.990e-29
       3063     -1.503     9.1132   0.035344    -0.0878     1.8387     0.1894     -1.489     -1.489     0.2457    232.090     64.523 -9.990e-29
       3064     -1.503     9.1128   0.035423    -0.0878     1.8385     0.1889     -1.489     -1.489     0.2462    232.152     64.540 -9.990e-29
       3065     -1.503     9.1126   0.035367    -0.0878     1.8383     0.1883     -1.489     -1.489     0.2458    232.219     64.558 -9.990e-29
       3066     -1.503     9.1121   0.035360    -0.0879     1.8382     0.1878     -1.489     -1.489     0.2458    232.307     64.582 -9.990e-29
       3067     -1.504     9.1119   0.035438    -0.0879     1.8381     0.1872     -1.490     -1.490     0.2464    232.398     64.607 -9.990e-29
       3068     -1.506     9.1114   0.035398    -0.0880     1.8380     0.1866     -1.492     -1.492     0.2461    232.493     64.632 -9.990e-29
       3069     -1.507     9.1110   0.035468    -0.0881     1.8378     0.1861     -1.493     -1.493     0.2466    232.572     64.654 -9.990e-29
       3070     -1.509     9.1106   0.035530    -0.0881     1.8378     0.1855     -1.495     -1.495     0.2470    232.691     64.687 -9.990e-29
       3071     -1.507     9.1101   0.035425    -0.0882     1.8377     0.1849     -1.493     -1.493     0.2463    232.798     64.715 -9.990e-29
       3072     -1.504     9.1098   0.035380    -0.0883     1.8377     0.1844     -1.490     -1.490     0.2460    232.923     64.749 -9.990e-29
       3073     -1.502     9.1093   0.035451    -0.0884     1.8378     0.1838     -1.488     -1.488     0.2465    233.071     64.790 -9.990e-29
       3074     -1.501     9.1089   0.035388    -0.0885     1.8378     0.1831     -1.488     -1.487     0.2460    233.205     64.826 -9.990e-29
       3075     -1.502     9.1087   0.035462    -0.0886     1.8379     0.1824     -1.488     -1.488     0.2466    233.358     64.869 -9.990e-29
       3076     -1.504     9.1081   0.035562    -0.0887     1.8380     0.1817     -1.491     -1.490     0.2473    233.514     64.911 -9.990e-29
       3077     -1.506     9.1077   0.035464    -0.0888     1.8381     0.1809     -1.492     -1.492     0.2466    233.674     64.955 -9.990e-29
       3078     -1.506     9.1072   0.035450    -0.0889     1.8384     0.1801     -1.492     -1.492     0.2465    233.871     65.009 -9.990e-29
       3079     -1.505     9.1068   0.035491    -0.0890     1.8386     0.1793     -1.491     -1.491     0.2468    234.050     65.058 -9.990e-29
       3080     -1.504     9.1060   0.035442    -0.0891     1.8388     0.1784     -1.490     -1.490     0.2464    234.234     65.108 -9.990e-29
       3081     -1.504     9.1057   0.035476    -0.0891     1.8389     0.1775     -1.490     -1.490     0.2467    234.398     65.153 -9.990e-29
       3082     -1.504     9.1053   0.035521    -0.0892     1.8391     0.1767     -1.490     -1.490     0.2470    234.581     65.204 -9.990e-29
       3083     -1.503     9.1050   0.035422    -0.0892     1.8394     0.1759     -1.489     -1.489     0.2463    234.784     65.259 -9.990e-29
       3084     -1.502     9.1045   0.035425    -0.0893     1.8396     0.1751     -1.488     -1.488     0.2463    234.972     65.311 -9.990e-29
       3085     -1.500     9.1039   0.035447    -0.0894     1.8399     0.1743     -1.486     -1.486     0.2465    235.179     65.367 -9.990e-29
       3086     -1.499     9.1035   0.035376    -0.0895     1.8402     0.1736     -1.485     -1.485     0.2460    235.389     65.425 -9.990e-29
       3087     -1.497     9.1030   0.035392    -0.0896     1.8406     0.1729     -1.483     -1.483     0.2461    235.618     65.488 -9.990e-29
       3088     -1.496     9.1027   0.035430    -0.0897     1.8409     0.1722     -1.482     -1.482     0.2464    235.829     65.546 -9.990e-29
       3089     -1.495     9.1020   0.035380    -0.0899     1.8413     0.1715     -1.481     -1.481     0.2460    236.061     65.609 -9.990e-29
       3090     -1.494     9.1019   0.035389    -0.0901     1.8417     0.1708     -1.481     -1.480     0.2461    236.288     65.672 -9.990e-29
       3091     -1.494     9.1014   0.035468    -0.0903     1.8422     0.1701     -1.480     -1.480     0.2466    236.536     65.741 -9.990e-29
       3092     -1.494     9.1010   0.035449    -0.0905     1.8426     0.1695     -1.480     -1.480     0.2465    236.769     65.805 -9.990e-29
       3093     -1.495     9.1004   0.035481    -0.0907     1.8431     0.1688     -1.481     -1.481     0.2467    237.023     65.874 -9.990e-29
       3094     -1.495     9.0999   0.035510    -0.0910     1.8436     0.1682     -1.482     -1.481     0.2470    237.277     65.945 -9.990e-29
       3095     -1.496     9.0994   0.035447    -0.0912     1.8440     0.1676     -1.482     -1.482     0.2465    237.520     66.011 -9.990e-29
       3096     -1.496     9.0991   0.035463    -0.0915     1.8445     0.1669     -1.482     -1.482     0.2466    237.779     66.082 -9.990e-29
       3097     -1.495     9.0986   0.035463    -0.0919     1.8450     0.1663     -1.482     -1.481     0.2466    238.043     66.155 -9.990e-29
       3098     -1.495     9.0983   0.035413    -0.0923     1.8455     0.1656     -1.481     -1.481     0.2463    238.312     66.229 -9.990e-29
       3099     -1.495     9.0976   0.035465    -0.0927     1.8460     0.1648     -1.481     -1.481     0.2466    238.585     66.304 -9.990e-29
       3100     -1.495     9.0973   0.035516    -0.0931     1.8465     0.1641     -1.482     -1.481     0.2470    238.861     66.380 -9.990e-29
       3101     -1.495     9.0968   0.035482    -0.0936     1.8471     0.1632     -1.482     -1.481     0.2468    239.158     66.462 -9.990e-29
       3102     -1.495     9.0964   0.035510    -0.0941     1.8477     0.1623     -1.482     -1.481     0.2470    239.457     66.545 -9.990e-29
       3103     -1.495     9.0963   0.035517    -0.0947     1.8483     0.1614     -1.482     -1.481     0.2470    239.760     66.629 -9.990e-29
       3104     -1.495     9.0958   0.035479    -0.0953     1.8489     0.1603     -1.481     -1.481     0.2468    240.073     66.715 -9.990e-29
       3105     -1.494     9.0952   0.035546    -0.0960     1.8495     0.1593     -1.481     -1.480     0.2472    240.390     66.802 -9.990e-29
       3106     -1.494     9.0950   0.035592    -0.0966     1.8502     0.1582     -1.481     -1.480     0.2476    240.724     66.895 -9.990e-29
       3107     -1.496     9.0945   0.035598    -0.0971     1.8509     0.1572     -1.482     -1.482     0.2476    241.067     66.989 -9.990e-29
       3108     -1.498     9.0942   0.035657    -0.0976     1.8516     0.1562     -1.485     -1.484     0.2480    241.413     67.085 -9.990e-29
       3109     -1.500     9.0937   0.035671    -0.0981     1.8523     0.1554     -1.486     -1.486     0.2481    241.765     67.182 -9.990e-29
       3110     -1.500     9.0932   0.035602    -0.0984     1.8532     0.1546     -1.486     -1.486     0.2477    242.157     67.290 -9.990e-29
       3111     -1.500     9.0930   0.035651    -0.0988     1.8541     0.1539     -1.486     -1.486     0.2480    242.550     67.399 -9.990e-29
