Data/CTD_15.cnv
* Sea-Bird SBE 9 Data File:
* FileName = C:\Users\ctd-user\Desktop\CTD_data\OC4920\CTD_15.hex
* Software Version Seasave V 7.26.2.13
* Temperature SN = 6313
* Conductivity SN = 4758
* Number of Bytes Per Scan = 28
* Number of Voltage Words = 3
* Number of Scans Averaged by the Deck Unit = 1
* NMEA Latitude = 57 46.78 N
* NMEA Longitude = 010 46.31 E
* NMEA UTC (Time) = May 07 2025 12:57:52
** Station: test
** Operator: Operator 1
** Ship: 7720 Skagerak
** Cruise: 7720-2025-01
** Latitude [GG MM.mm N]:
** Longitude [GG MM.mm E]:
** Pumps: PrimaryPump: 1820 # SecondaryPump:
** EventIDs: EventID: 3decf26d-821b-4112-8042-a2c98b568458 # ParentEventID:
** Additional Sampling:
** Metadata admin: MPROG: Other # PROJ: Other # ORDERER: GU # SLABO: GU # ALABO: GU # REFSK: ingen
** Metadata conditions: WADEP: 10 # WINSP: 1 # WINDIR: 02 # AIRPRES: 1000 # AIRTEMP: 1 # WEATH: 9 # CLOUD: 9 # WAVES: 9 # ICEOB: 9 # COMNT_VISIT:
** LIMS Job:
# nquan = 13                                
# nvalues = 7867                        
# units = specified
# name 0 = scan: Scan Count
# name 1 = prDM: Pressure, Digiquartz [db]
# name 2 = t090C: Temperature [ITS-90, deg C]
# name 3 = c0S/m: Conductivity [S/m]
# name 4 = flECO-AFL: Fluorescence, WET Labs ECO-AFL/FL [mg/m^3]
# name 5 = sbeox0V: Oxygen raw, SBE 43 [V]
# name 6 = turbWETntu0: Turbidity, WET Labs ECO [NTU]
# name 7 = depSM: Depth [salt water, m]
# name 8 = depSM: Depth [salt water, m], lat = 57.7797
# name 9 = sal00: Salinity, Practical [PSU]
# name 10 = sbeox0Mm/L: Oxygen, SBE 43 [umol/l], WS = 2
# name 11 = sbeox0PS: Oxygen, SBE 43 [% saturation], WS = 2
# name 12 = flag: flag
# span 0 =          1,       7867       
# span 1 =     -1.536,     45.935       
# span 2 =     7.7067,    11.3855       
# span 3 =   0.039896,   3.615155       
# span 4 =    -0.3887,     2.9244       
# span 5 =     1.6618,     2.7715       
# span 6 =    -0.1787,     0.6589       
# span 7 =     -1.522,     45.505       
# span 8 =     -1.522,     45.505       
# span 9 =     0.2719,    35.1072       
# span 10 =    196.806,    350.565      
# span 11 =     56.046,    109.719      
# span 12 = 0.0000e+00, 0.0000e+00      
# interval = seconds: 0.0416667
# start_time = May 07 2025 12:57:52 [NMEA time, header]
# bad_flag = -9.990e-29
*END*
[from data line 2445]
       2446     -1.520    10.0376   0.042755    -0.0685     1.6754    -0.0976     -1.506     -1.506     0.2918    199.519     56.715 -9.990e-29
       2447     -1.520    10.0322   0.042725    -0.0669     1.6755    -0.0965     -1.506     -1.506     0.2916    199.562     56.720 -9.990e-29
       2448     -1.522    10.0265   0.042670    -0.0651     1.6755    -0.0954     -1.508     -1.508     0.2912    199.589     56.720 -9.990e-29
       2449     -1.523    10.0211   0.042586    -0.0632     1.6755    -0.0942     -1.509     -1.509     0.2907    199.615     56.720 -9.990e-29
       2450     -1.523    10.0165   0.042536    -0.0611     1.6755    -0.0928     -1.509     -1.509     0.2904    199.639     56.721 -9.990e-29
       2451     -1.523    10.0124   0.042516    -0.0588     1.6755    -0.0913     -1.509     -1.509     0.2903    199.663     56.722 -9.990e-29
       2452     -1.524    10.0083   0.042428    -0.0563     1.6754    -0.0897     -1.510     -1.510     0.2897    199.673     56.719 -9.990e-29
       2453     -1.525    10.0050   0.042361    -0.0537     1.6754    -0.0880     -1.511     -1.511     0.2892    199.696     56.721 -9.990e-29
       2454     -1.526    10.0019   0.042325    -0.0507     1.6755    -0.0862     -1.512     -1.512     0.2890    199.736     56.728 -9.990e-29
       2455     -1.526     9.9986   0.042269    -0.0476     1.6755    -0.0842     -1.512     -1.512     0.2886    199.762     56.731 -9.990e-29
       2456     -1.528     9.9959   0.042199    -0.0441     1.6755    -0.0820     -1.514     -1.514     0.2882    199.785     56.734 -9.990e-29
       2457     -1.530     9.9931   0.042136    -0.0404     1.6756    -0.0796     -1.516     -1.516     0.2877    199.823     56.741 -9.990e-29
       2458     -1.531     9.9895   0.042102    -0.0363     1.6756    -0.0770     -1.517     -1.517     0.2875    199.847     56.743 -9.990e-29
       2459     -1.532     9.9862   0.042035    -0.0320     1.6756    -0.0743     -1.518     -1.518     0.2871    199.870     56.745 -9.990e-29
       2460     -1.532     9.9831   0.041980    -0.0276     1.6756    -0.0716     -1.518     -1.518     0.2867    199.890     56.746 -9.990e-29
       2461     -1.532     9.9808   0.041942    -0.0235     1.6755    -0.0689     -1.518     -1.518     0.2865    199.890     56.743 -9.990e-29
       2462     -1.531     9.9790   0.041911    -0.0197     1.6755    -0.0664     -1.517     -1.517     0.2863    199.902     56.744 -9.990e-29
       2463     -1.530     9.9754   0.041889    -0.0163     1.6755    -0.0640     -1.516     -1.516     0.2861    199.920     56.744 -9.990e-29
       2464     -1.531     9.9726   0.041818    -0.0131     1.6755    -0.0617     -1.517     -1.517     0.2856    199.936     56.745 -9.990e-29
       2465     -1.532     9.9704   0.041795    -0.0101     1.6755    -0.0594     -1.518     -1.518     0.2855    199.947     56.745 -9.990e-29
       2466     -1.532     9.9698   0.041803    -0.0074     1.6755    -0.0571     -1.518     -1.518     0.2856    199.947     56.744 -9.990e-29
       2467     -1.532     9.9713   0.041771    -0.0049     1.6754    -0.0549     -1.518     -1.518     0.2853    199.917     56.737 -9.990e-29
       2468     -1.530     9.9748   0.041789    -0.0025     1.6753    -0.0528     -1.516     -1.516     0.2854    199.875     56.730 -9.990e-29
       2469     -1.527     9.9795   0.041791    -0.0004     1.6753    -0.0506     -1.513     -1.513     0.2854    199.841     56.727 -9.990e-29
       2470     -1.527     9.9851   0.041814     0.0016     1.6752    -0.0485     -1.513     -1.513     0.2855    199.783     56.718 -9.990e-29
       2471     -1.529     9.9909   0.041844     0.0035     1.6752    -0.0464     -1.515     -1.515     0.2857    199.739     56.713 -9.990e-29
       2472     -1.530     9.9967   0.041895     0.0052     1.6752    -0.0443     -1.516     -1.516     0.2860    199.697     56.709 -9.990e-29
       2473     -1.529    10.0013   0.041903     0.0068     1.6752    -0.0422     -1.515     -1.515     0.2860    199.659     56.705 -9.990e-29
       2474     -1.529    10.0066   0.041927     0.0082     1.6752    -0.0400     -1.515     -1.515     0.2862    199.618     56.700 -9.990e-29
       2475     -1.527    10.0119   0.041985     0.0095     1.6752    -0.0377     -1.513     -1.513     0.2865    199.575     56.695 -9.990e-29
       2476     -1.526    10.0172   0.041977     0.0107     1.6753    -0.0353     -1.512     -1.512     0.2864    199.549     56.695 -9.990e-29
       2477     -1.525    10.0228   0.042070     0.0118     1.6753    -0.0328     -1.511     -1.511     0.2870    199.503     56.689 -9.990e-29
       2478     -1.525    10.0289   0.042111     0.0128     1.6753    -0.0302     -1.511     -1.511     0.2873    199.453     56.683 -9.990e-29
       2479     -1.524    10.0350   0.042121     0.0138     1.6754    -0.0274     -1.510     -1.510     0.2873    199.422     56.682 -9.990e-29
       2480     -1.522    10.0419   0.042203     0.0146     1.6754    -0.0244     -1.508     -1.508     0.2878    199.366     56.676 -9.990e-29
       2481     -1.520    10.0486   0.042229     0.0155     1.6754    -0.0212     -1.506     -1.506     0.2880    199.312     56.670 -9.990e-29
       2482     -1.518    10.0553   0.042284     0.0163     1.6754    -0.0178     -1.504     -1.504     0.2883    199.262     56.664 -9.990e-29
       2483     -1.517    10.0612   0.042300     0.0170     1.6754    -0.0142     -1.503     -1.503     0.2884    199.215     56.659 -9.990e-29
       2484     -1.517    10.0666   0.042355     0.0177     1.6753    -0.0103     -1.503     -1.503     0.2887    199.156     56.650 -9.990e-29
       2485     -1.517    10.0722   0.042382     0.0183     1.6753    -0.0063     -1.503     -1.503     0.2889    199.116     56.646 -9.990e-29
       2486     -1.516    10.0781   0.042429     0.0189     1.6752    -0.0025     -1.502     -1.502     0.2891    199.057     56.637 -9.990e-29
       2487     -1.516    10.0835   0.042460     0.0192     1.6751     0.0009     -1.502     -1.502     0.2893    199.001     56.628 -9.990e-29
       2488     -1.515    10.0893   0.042464     0.0194     1.6751     0.0038     -1.501     -1.501     0.2893    198.962     56.625 -9.990e-29
       2489     -1.513    10.0947   0.042535     0.0195     1.6750     0.0062     -1.499     -1.499     0.2898    198.909     56.617 -9.990e-29
       2490     -1.511    10.1004   0.042573     0.0194     1.6749     0.0083     -1.497     -1.497     0.2900    198.856     56.610 -9.990e-29
       2491     -1.509    10.1053   0.042600     0.0192     1.6748     0.0100     -1.495     -1.495     0.2901    198.809     56.603 -9.990e-29
       2492     -1.507    10.1103   0.042660     0.0188     1.6748     0.0114     -1.493     -1.493     0.2905    198.778     56.601 -9.990e-29
       2493     -1.505    10.1147   0.042710     0.0182     1.6747     0.0123     -1.491     -1.491     0.2908    198.734     56.594 -9.990e-29
       2494     -1.503    10.1180   0.042735     0.0175     1.6745     0.0130     -1.489     -1.489     0.2910    198.679     56.583 -9.990e-29
       2495     -1.501    10.1216   0.042777     0.0167     1.6744     0.0133     -1.487     -1.487     0.2913    198.639     56.577 -9.990e-29
       2496     -1.498    10.1252   0.042821     0.0156     1.6743     0.0133     -1.484     -1.484     0.2915    198.601     56.571 -9.990e-29
       2497     -1.498    10.1288   0.042841     0.0144     1.6742     0.0130     -1.484     -1.484     0.2917    198.564     56.565 -9.990e-29
       2498     -1.498    10.1322   0.042890     0.0130     1.6741     0.0123     -1.484     -1.484     0.2920    198.528     56.559 -9.990e-29
       2499     -1.497    10.1361   0.042909     0.0114     1.6740     0.0113     -1.483     -1.483     0.2921    198.491     56.554 -9.990e-29
       2500     -1.496    10.1403   0.042941     0.0096     1.6739     0.0099     -1.482     -1.482     0.2923    198.452     56.549 -9.990e-29
       2501     -1.495    10.1441   0.042968     0.0076     1.6739     0.0082     -1.481     -1.481     0.2924    198.436     56.549 -9.990e-29
       2502     -1.495    10.1479   0.042975     0.0054     1.6737     0.0061     -1.481     -1.481     0.2925    198.388     56.540 -9.990e-29
       2503     -1.495    10.1514   0.042992     0.0029     1.6736     0.0036     -1.481     -1.481     0.2925    198.359     56.537 -9.990e-29
       2504     -1.496    10.1547   0.043014     0.0001     1.6734     0.0007     -1.482     -1.482     0.2927    198.318     56.530 -9.990e-29
       2505     -1.496    10.1579   0.043048    -0.0029     1.6733    -0.0026     -1.482     -1.482     0.2929    198.296     56.528 -9.990e-29
       2506     -1.497    10.1607   0.043009    -0.0062     1.6733    -0.0065     -1.483     -1.483     0.2926    198.296     56.531 -9.990e-29
       2507     -1.496    10.1617   0.043002    -0.0099     1.6732    -0.0108     -1.482     -1.482     0.2925    198.290     56.531 -9.990e-29
       2508     -1.496    10.1616   0.043000    -0.0139     1.6732    -0.0157     -1.482     -1.482     0.2925    198.308     56.536 -9.990e-29
       2509     -1.498    10.1598   0.042963    -0.0183     1.6733    -0.0212     -1.484     -1.484     0.2923    198.352     56.546 -9.990e-29
       2510     -1.500    10.1576   0.042950    -0.0230     1.6733    -0.0270     -1.486     -1.486     0.2922    198.382     56.552 -9.990e-29
       2511     -1.501    10.1550   0.042925    -0.0278     1.6732    -0.0330     -1.487     -1.487     0.2920    198.395     56.552 -9.990e-29
       2512     -1.502    10.1515   0.042862    -0.0323     1.6732    -0.0386     -1.488     -1.488     0.2916    198.428     56.556 -9.990e-29
       2513     -1.502    10.1486   0.042838    -0.0363     1.6732    -0.0437     -1.488     -1.488     0.2915    198.460     56.561 -9.990e-29
       2514     -1.503    10.1459   0.042808    -0.0401     1.6732    -0.0484     -1.489     -1.489     0.2913    198.490     56.566 -9.990e-29
       2515     -1.504    10.1423   0.042753    -0.0435     1.6732    -0.0527     -1.490     -1.490     0.2909    198.523     56.571 -9.990e-29
       2516     -1.505    10.1384   0.042709    -0.0466     1.6732    -0.0565     -1.491     -1.491     0.2907    198.556     56.575 -9.990e-29
       2517     -1.506    10.1353   0.042668    -0.0494     1.6732    -0.0600     -1.492     -1.492     0.2904    198.588     56.580 -9.990e-29
       2518     -1.506    10.1328   0.042626    -0.0519     1.6732    -0.0632     -1.492     -1.492     0.2901    198.616     56.585 -9.990e-29
       2519     -1.506    10.1298   0.042565    -0.0542     1.6732    -0.0659     -1.492     -1.492     0.2897    198.645     56.589 -9.990e-29
       2520     -1.506    10.1253   0.042548    -0.0563     1.6732    -0.0685     -1.492     -1.492     0.2896    198.678     56.592 -9.990e-29
       2521     -1.506    10.1208   0.042488    -0.0583     1.6732    -0.0707     -1.492     -1.492     0.2892    198.711     56.595 -9.990e-29
       2522     -1.506    10.1157   0.042437    -0.0600     1.6731    -0.0726     -1.492     -1.492     0.2889    198.729     56.594 -9.990e-29
       2523     -1.507    10.1124   0.042404    -0.0616     1.6731    -0.0742     -1.493     -1.493     0.2887    198.755     56.596 -9.990e-29
       2524     -1.509    10.1102   0.042350    -0.0630     1.6730    -0.0757     -1.495     -1.495     0.2883    198.755     56.594 -9.990e-29
       2525     -1.511    10.1080   0.042301    -0.0643     1.6730    -0.0769     -1.497     -1.497     0.2880    198.772     56.595 -9.990e-29
       2526     -1.513    10.1053   0.042253    -0.0654     1.6730    -0.0780     -1.499     -1.499     0.2877    198.793     56.597 -9.990e-29
       2527     -1.512    10.1034   0.042204    -0.0663     1.6730    -0.0788     -1.498     -1.498     0.2874    198.806     56.599 -9.990e-29
       2528     -1.511    10.1010   0.042177    -0.0671     1.6730    -0.0795     -1.497     -1.497     0.2872    198.821     56.600 -9.990e-29
       2529     -1.512    10.0994   0.042126    -0.0677     1.6730    -0.0799     -1.498     -1.498     0.2869    198.830     56.600 -9.990e-29
       2530     -1.513    10.0980   0.042070    -0.0682     1.6730    -0.0802     -1.499     -1.499     0.2865    198.834     56.599 -9.990e-29
       2531     -1.515    10.0960   0.042028    -0.0686     1.6731    -0.0802     -1.501     -1.501     0.2862    198.857     56.603 -9.990e-29
       2532     -1.516    10.0935   0.041987    -0.0688     1.6731    -0.0800     -1.502     -1.502     0.2859    198.863     56.601 -9.990e-29
       2533     -1.517    10.0912   0.041938    -0.0690     1.6731    -0.0796     -1.503     -1.503     0.2856    198.867     56.599 -9.990e-29
       2534     -1.518    10.0885   0.041880    -0.0690     1.6731    -0.0790     -1.504     -1.504     0.2852    198.873     56.597 -9.990e-29
       2535     -1.518    10.0871   0.041841    -0.0688     1.6730    -0.0783     -1.504     -1.504     0.2849    198.857     56.591 -9.990e-29
       2536     -1.517    10.0845   0.041814    -0.0686     1.6729    -0.0773     -1.503     -1.503     0.2848    198.844     56.583 -9.990e-29
       2537     -1.515    10.0789   0.041762    -0.0683     1.6729    -0.0762     -1.501     -1.501     0.2844    198.864     56.581 -9.990e-29
       2538     -1.516    10.0753   0.041731    -0.0680     1.6729    -0.0751     -1.502     -1.502     0.2843    198.873     56.579 -9.990e-29
       2539     -1.518    10.0712   0.041682    -0.0677     1.6728    -0.0740     -1.504     -1.504     0.2839    198.869     56.572 -9.990e-29
       2540     -1.520    10.0650   0.041651    -0.0674     1.6728    -0.0728     -1.506     -1.506     0.2838    198.890     56.570 -9.990e-29
       2541     -1.519    10.0604   0.041634    -0.0671     1.6728    -0.0716     -1.505     -1.505     0.2837    198.904     56.568 -9.990e-29
       2542     -1.518    10.0552   0.041592    -0.0668     1.6728    -0.0702     -1.504     -1.504     0.2834    198.919     56.565 -9.990e-29
       2543     -1.516    10.0511   0.041597    -0.0665     1.6728    -0.0687     -1.502     -1.502     0.2835    198.927     56.562 -9.990e-29
       2544     -1.516    10.0487   0.041609    -0.0662     1.6727    -0.0671     -1.502     -1.502     0.2836    198.909     56.554 -9.990e-29
       2545     -1.517    10.0489   0.041607    -0.0658     1.6727    -0.0655     -1.503     -1.503     0.2836    198.893     56.549 -9.990e-29
       2546     -1.519    10.0501   0.041617    -0.0654     1.6727    -0.0637     -1.505     -1.505     0.2836    198.871     56.545 -9.990e-29
       2547     -1.518    10.0512   0.041656    -0.0650     1.6727    -0.0618     -1.504     -1.504     0.2839    198.848     56.540 -9.990e-29
       2548     -1.517    10.0514   0.041672    -0.0645     1.6726    -0.0597     -1.503     -1.503     0.2840    198.814     56.531 -9.990e-29
       2549     -1.517    10.0545   0.041704    -0.0641     1.6726    -0.0575     -1.503     -1.503     0.2842    198.781     56.525 -9.990e-29
       2550     -1.517    10.0592   0.041748    -0.0636     1.6726    -0.0551     -1.503     -1.503     0.2845    198.741     56.520 -9.990e-29
       2551     -1.515    10.0655   0.041786    -0.0630     1.6726    -0.0525     -1.501     -1.501     0.2847    198.696     56.516 -9.990e-29
       2552     -1.515    10.0698   0.041830    -0.0624     1.6726    -0.0497     -1.501     -1.501     0.2850    198.661     56.512 -9.990e-29
       2553     -1.515    10.0719   0.041867    -0.0618     1.6726    -0.0467     -1.501     -1.501     0.2852    198.639     56.509 -9.990e-29
       2554     -1.516    10.0739   0.041911    -0.0611     1.6725    -0.0434     -1.502     -1.502     0.2855    198.603     56.501 -9.990e-29
       2555     -1.516    10.0758   0.041932    -0.0604     1.6724    -0.0399     -1.502     -1.502     0.2857    198.566     56.493 -9.990e-29
