Data/CTD_07_avg.cnv
* Sea-Bird SBE 9 Data File:
* FileName = C:\Users\ctd-user\Desktop\CTD_data\OC4920\CTD_07.hex
* Software Version Seasave V 7.26.2.13
* Temperature SN = 6313
* Conductivity SN = 4758
* Number of Bytes Per Scan = 28
* Number of Voltage Words = 3
* Number of Scans Averaged by the Deck Unit = 1
* NMEA Latitude = 57 54.83 N
* NMEA Longitude = 010 46.77 E
* NMEA UTC (Time) = May 07 2025 09:38:52
** Station: test
** Operator: Operator 1
** Ship: 7720 Skagerak
** Cruise: 7720-2025-01
** Latitude [GG MM.mm N]:
** Longitude [GG MM.mm E]:
** Pumps: PrimaryPump: 1820 # SecondaryPump:
** EventIDs: EventID: 3decf26d-821b-4112-8042-a2c98b568458 # ParentEventID:
** Additional Sampling:
** Metadata admin: MPROG: Other # PROJ: Other # ORDERER: GU # SLABO: GU # ALABO: GU # REFSK: ingen
** Metadata conditions: WADEP: 10 # WINSP: 1 # WINDIR: 02 # AIRPRES: 1000 # AIRTEMP: 1 # WEATH: 9 # CLOUD: 9 # WAVES: 9 # ICEOB: 9 # COMNT_VISIT:
** LIMS Job:
# nquan = 13
# nvalues = 296                         
# units = specified
# name 0 = scan: Scan Count
# name 1 = prDM: Pressure, Digiquartz [db]
# name 2 = t090C: Temperature [ITS-90, deg C]
# name 3 = c0S/m: Conductivity [S/m]
# name 4 = flECO-AFL: Fluorescence, WET Labs ECO-AFL/FL [mg/m^3]
# name 5 = sbeox0V: Oxygen raw, SBE 43 [V]
# name 6 = turbWETntu0: Turbidity, WET Labs ECO [NTU]
# name 7 = depSM: Depth [salt water, m]
# name 8 = depSM: Depth [salt water, m], lat = 57.9138
# name 9 = sal00: Salinity, Practical [PSU]
# name 10 = sbeox0Mm/L: Oxygen, SBE 43 [umol/l], WS = 2
# name 11 = sbeox0PS: Oxygen, SBE 43 [% saturation], WS = 2
# name 12 = flag: flag
# span 0 =       2387,      10002       
# span 1 =      0.505,    149.437       
# span 2 =     7.7896,    10.5514       
# span 3 =   3.277618,   3.681976       
# span 4 =    -0.0488,     4.2162       
# span 5 =     2.5091,     2.8250       
# span 6 =     0.1641,     0.4792       
# span 7 =      0.500,    148.000       
# span 8 =      0.500,    148.000       
# span 9 =    29.2393,    35.2764       
# span 10 =    292.234,    331.822      
# span 11 =     99.070,    113.794      
# span 12 = 0.0000e+00, 0.0000e+00      
# interval = meters: 0.5                
# start_time = May 07 2025 09:38:52 [NMEA time, header]
# bad_flag = -9.990e-29
*END*
[from data line 112]
       4961     57.036     7.9598   3.642152    -0.0308     2.5480     0.1871     56.500     56.500    35.2384    294.029     99.823 0.0000e+00
       4986     57.541     7.9246   3.638613    -0.0322     2.5478     0.1885     57.000     57.000    35.2355    294.536     99.914 0.0000e+00
       5009     58.046     7.9110   3.635320    -0.0324     2.5489     0.1915     57.500     57.500    35.2134    295.195    100.092 0.0000e+00
       5030     58.550     7.9020   3.634588    -0.0324     2.5505     0.1957     58.000     58.000    35.2143    295.347    100.124 0.0000e+00
       5051     59.055     7.8762   3.632755    -0.0324     2.5506     0.1964     58.500     58.500    35.2203    295.259    100.040 0.0000e+00
       5075     59.560     7.8637   3.630554    -0.0324     2.5506     0.1967     59.000     59.000    35.2089    295.391    100.050 0.0000e+00
       5102     60.065     7.8566   3.629885    -0.0324     2.5505     0.1974     59.500     59.500    35.2086    295.493    100.068 0.0000e+00
       5127     60.570     7.8447   3.628471    -0.0324     2.5510     0.2023     60.000     60.000    35.2051    295.568    100.064 0.0000e+00
       5148     61.075     7.8372   3.627542    -0.0324     2.5500     0.2042     60.500     60.500    35.2024    295.131     99.897 0.0000e+00
       5166     61.579     7.8200   3.626195    -0.0325     2.5485     0.2052     61.000     61.000    35.2049    295.191     99.881 0.0000e+00
       5186     62.084     7.8155   3.625059    -0.0329     2.5482     0.2076     61.500     61.500    35.1970    295.240     99.882 0.0000e+00
       5211     62.589     7.8145   3.624899    -0.0362     2.5471     0.2129     62.000     62.000    35.1960    295.378     99.926 0.0000e+00
       5238     63.094     7.8039   3.624525    -0.0397     2.5479     0.2150     62.500     62.500    35.2025    295.674    100.006 0.0000e+00
       5263     63.599     7.7960   3.622859    -0.0337     2.5478     0.2167     63.000     63.000    35.1921    295.515     99.928 0.0000e+00
       5286     64.103     7.7978   3.622852    -0.0326     2.5469     0.2206     63.500     63.500    35.1900    295.268     99.847 0.0000e+00
       5307     64.608     7.7959   3.622850    -0.0324     2.5460     0.2214     64.000     64.000    35.1916    295.256     99.839 0.0000e+00
       5330     65.113     7.7964   3.622827    -0.0324     2.5457     0.2217     64.500     64.500    35.1907    295.394     99.887 0.0000e+00
       5353     65.618     7.7964   3.623010    -0.0324     2.5456     0.2218     65.000     65.000    35.1924    295.243     99.837 0.0000e+00
       5375     66.123     7.7953   3.622865    -0.0324     2.5447     0.2219     65.500     65.500    35.1916    295.181     99.813 0.0000e+00
       5397     66.628     7.7947   3.622801    -0.0324     2.5446     0.2244     66.000     66.000    35.1913    295.104     99.786 0.0000e+00
       5421     67.132     7.7945   3.622853    -0.0324     2.5428     0.2252     66.500     66.500    35.1918    294.380     99.541 0.0000e+00
       5447     67.637     7.7940   3.622856    -0.0324     2.5397     0.2231     67.000     67.000    35.1921    294.084     99.440 0.0000e+00
       5470     68.142     7.7911   3.622610    -0.0324     2.5388     0.2251     67.500     67.500    35.1921    294.477     99.566 0.0000e+00
       5491     68.647     7.7898   3.622454    -0.0324     2.5388     0.2294     68.000     68.000    35.1915    294.542     99.584 0.0000e+00
       5512     69.152     7.7896   3.622369    -0.0324     2.5385     0.2304     68.500     68.500    35.1906    294.646     99.619 0.0000e+00
       5535     69.657     7.7906   3.622457    -0.0324     2.5393     0.2303     69.000     69.000    35.1902    294.969     99.730 0.0000e+00
       5559     70.161     7.7974   3.622769    -0.0324     2.5403     0.2306     69.500     69.500    35.1865    295.190     99.817 0.0000e+00
       5583     70.666     7.8172   3.624328    -0.0324     2.5416     0.2304     70.000     70.000    35.1831    294.971     99.785 0.0000e+00
       5608     71.171     7.8088   3.625750    -0.0326     2.5403     0.2291     70.500     70.500    35.2067    294.286     99.550 0.0000e+00
       5636     71.676     7.7967   3.623724    -0.0347     2.5389     0.2251     71.000     71.000    35.1968    294.760     99.677 0.0000e+00
       5661     72.181     7.7956   3.623276    -0.0428     2.5405     0.2278     71.500     71.500    35.1928    295.296     99.853 0.0000e+00
       5681     72.686     7.7989   3.623430    -0.0394     2.5411     0.2301     72.000     72.000    35.1909    295.091     99.790 0.0000e+00
       5699     73.191     7.8039   3.623776    -0.0341     2.5409     0.2327     72.500     72.500    35.1893    294.887     99.731 0.0000e+00
       5719     73.695     7.8055   3.624333    -0.0327     2.5406     0.2350     73.000     73.000    35.1934    294.949     99.759 0.0000e+00
       5745     74.200     7.8050   3.624507    -0.0324     2.5405     0.2317     73.500     73.500    35.1956    294.780     99.702 0.0000e+00
       5774     74.705     7.8042   3.624362    -0.0324     2.5399     0.2338     74.000     74.000    35.1946    294.878     99.732 0.0000e+00
       5802     75.210     7.8014   3.624108    -0.0324     2.5403     0.2377     74.500     74.500    35.1944    295.169     99.825 0.0000e+00
       5826     75.715     7.8113   3.624051    -0.0324     2.5410     0.2384     75.000     75.000    35.1836    295.200     99.850 0.0000e+00
       5847     76.220     7.8293   3.626600    -0.0324     2.5414     0.2382     75.500     75.500    35.1927    295.175     99.888 0.0000e+00
       5867     76.725     7.8429   3.627892    -0.0324     2.5422     0.2370     76.000     76.000    35.1927    295.417    100.001 0.0000e+00
       5887     77.229     7.8458   3.629043    -0.0324     2.5436     0.2332     76.500     76.500    35.2020    295.504    100.043 0.0000e+00
       5911     77.734     7.8462   3.629162    -0.0324     2.5439     0.2309     77.000     77.000    35.2026    295.188     99.937 0.0000e+00
       5938     78.239     7.8461   3.629181    -0.0324     2.5432     0.2268     77.500     77.500    35.2027    295.006     99.875 0.0000e+00
       5965     78.744     7.8462   3.629283    -0.0324     2.5429     0.2279     78.000     78.000    35.2034    295.277     99.968 0.0000e+00
       5988     79.249     7.8463   3.629324    -0.0324     2.5437     0.2295     78.500     78.500    35.2034    295.392    100.007 0.0000e+00
       6012     79.754     7.8465   3.629352    -0.0324     2.5436     0.2266     79.000     79.000    35.2034    295.144     99.923 0.0000e+00
       6037     80.259     7.8465   3.629373    -0.0324     2.5426     0.2275     79.500     79.500    35.2034    295.015     99.880 0.0000e+00
       6060     80.764     7.8460   3.629379    -0.0324     2.5425     0.2303     80.000     80.000    35.2036    295.052     99.891 0.0000e+00
       6079     81.268     7.8459   3.629374    -0.0324     2.5419     0.2305     80.499     80.500    35.2034    294.857     99.825 0.0000e+00
       6099     81.773     7.8461   3.629388    -0.0324     2.5411     0.2299     81.000     81.000    35.2032    294.785     99.801 0.0000e+00
       6126     82.278     7.8461   3.629418    -0.0324     2.5406     0.2286     81.500     81.500    35.2032    295.002     99.874 0.0000e+00
       6159     82.783     7.8455   3.629416    -0.0324     2.5420     0.2255     82.000     82.000    35.2035    295.556    100.061 0.0000e+00
       6183     83.288     7.8438   3.629318    -0.0324     2.5432     0.2299     82.500     82.500    35.2040    295.683    100.100 0.0000e+00
       6202     83.793     7.8440   3.629208    -0.0324     2.5440     0.2308     83.000     83.000    35.2023    295.546    100.053 0.0000e+00
       6220     84.298     7.8437   3.629303    -0.0324     2.5432     0.2306     83.500     83.500    35.2033    294.997     99.867 0.0000e+00
       6241     84.803     7.8412   3.629142    -0.0324     2.5415     0.2308     84.000     84.000    35.2040    294.706     99.763 0.0000e+00
       6266     85.307     7.8398   3.628952    -0.0324     2.5400     0.2306     84.500     84.500    35.2030    294.654     99.742 0.0000e+00
       6297     85.812     7.8398   3.628870    -0.0326     2.5386     0.2300     85.000     85.000    35.2019    294.744     99.772 0.0000e+00
       6325     86.317     7.8433   3.629094    -0.0347     2.5392     0.2258     85.500     85.500    35.2005    295.020     99.872 0.0000e+00
       6347     86.822     7.8452   3.629443    -0.0418     2.5388     0.2279     86.000     86.000    35.2022    294.502     99.702 0.0000e+00
       6365     87.327     7.8430   3.629587    -0.0406     2.5375     0.2297     86.500     86.500    35.2056    294.507     99.701 0.0000e+00
       6385     87.832     7.8415   3.629294    -0.0350     2.5377     0.2286     87.000     87.000    35.2038    294.922     99.837 0.0000e+00
       6412     88.337     7.8400   3.629254    -0.0388     2.5379     0.2270     87.500     87.500    35.2046    294.610     99.729 0.0000e+00
       6439     88.842     7.8348   3.628764    -0.0477     2.5368     0.2327     88.000     88.000    35.2043    294.847     99.797 0.0000e+00
       6460     89.346     7.8344   3.628536    -0.0447     2.5384     0.2368     88.500     88.500    35.2020    295.577    100.042 0.0000e+00
       6481     89.851     7.8342   3.628556    -0.0364     2.5402     0.2387     89.000     89.000    35.2021    295.686    100.079 0.0000e+00
       6505     90.356     7.8341   3.628528    -0.0355     2.5409     0.2385     89.500     89.500    35.2017    295.401     99.982 0.0000e+00
       6533     90.861     7.8345   3.628577    -0.0443     2.5400     0.2386     90.000     90.000    35.2016    294.678     99.737 0.0000e+00
       6559     91.366     7.8343   3.628611    -0.0476     2.5368     0.2373     90.500     90.500    35.2019    294.319     99.616 0.0000e+00
       6583     91.871     7.8355   3.628637    -0.0455     2.5362     0.2337     91.000     91.000    35.2008    294.822     99.788 0.0000e+00
       6604     92.376     7.8425   3.629001    -0.0389     2.5368     0.2363     91.500     91.500    35.1974    294.925     99.836 0.0000e+00
       6624     92.881     7.8462   3.629870    -0.0424     2.5368     0.2379     92.000     92.000    35.2028    294.754     99.790 0.0000e+00
       6645     93.386     7.8452   3.630060    -0.0465     2.5364     0.2383     92.500     92.500    35.2056    294.716     99.777 0.0000e+00
       6671     93.891     7.8425   3.629774    -0.0413     2.5369     0.2359     93.000     93.000    35.2050    295.044     99.881 0.0000e+00
       6698     94.395     7.8414   3.629673    -0.0336     2.5368     0.2347     93.500     93.500    35.2047    294.414     99.665 0.0000e+00
       6723     94.900     7.8338   3.629155    -0.0326     2.5340     0.2350     94.000     94.000    35.2066    294.176     99.569 0.0000e+00
       6748     95.405     7.8305   3.628597    -0.0333     2.5344     0.2349     94.500     94.500    35.2036    295.142     99.887 0.0000e+00
       6771     95.910     7.8320   3.628436    -0.0382     2.5369     0.2375     95.000     95.000    35.2001    295.587    100.038 0.0000e+00
       6792     96.415     7.8364   3.628880    -0.0416     2.5379     0.2382     95.500     95.500    35.2002    295.350     99.968 0.0000e+00
       6812     96.920     7.8378   3.629245    -0.0354     2.5381     0.2385     96.000     96.000    35.2025    295.228     99.931 0.0000e+00
       6834     97.425     7.8390   3.629414    -0.0349     2.5380     0.2383     96.500     96.500    35.2029    295.082     99.885 0.0000e+00
       6862     97.930     7.8394   3.629528    -0.0416     2.5371     0.2386     97.000     97.000    35.2034    294.807     99.793 0.0000e+00
       6891     98.435     7.8410   3.629653    -0.0352     2.5359     0.2384     97.500     97.500    35.2029    294.776     99.786 0.0000e+00
       6916     98.940     7.8421   3.629895    -0.0327     2.5358     0.2381     98.000     98.000    35.2041    294.977     99.858 0.0000e+00
       6938     99.445     7.8425   3.629971    -0.0325     2.5362     0.2382     98.500     98.500    35.2044    295.173     99.925 0.0000e+00
       6957     99.949     7.8428   3.630033    -0.0326     2.5369     0.2401     99.000     99.000    35.2045    295.113     99.905 0.0000e+00
       6976    100.454     7.8433   3.630093    -0.0333     2.5362     0.2444     99.500     99.500    35.2043    294.740     99.780 0.0000e+00
       6999    100.959     7.8438   3.630184    -0.0386     2.5354     0.2491    100.000    100.000    35.2046    294.940     99.849 0.0000e+00
       7030    101.464     7.8437   3.630218    -0.0411     2.5369     0.2451    100.500    100.500    35.2048    295.561    100.059 0.0000e+00
       7060    101.969     7.8437   3.630242    -0.0432     2.5383     0.2447    101.000    101.000    35.2048    295.546    100.054 0.0000e+00
       7082    102.474     7.8438   3.630284    -0.0478     2.5386     0.2439    101.500    101.500    35.2049    295.379     99.998 0.0000e+00
       7101    102.979     7.8436   3.630306    -0.0488     2.5380     0.2428    102.000    102.000    35.2051    295.213     99.941 0.0000e+00
       7119    103.484     7.8436   3.630319    -0.0476     2.5377     0.2465    102.500    102.500    35.2050    295.242     99.951 0.0000e+00
       7142    103.989     7.8429   3.630295    -0.0456     2.5373     0.2430    103.000    103.000    35.2052    295.095     99.900 0.0000e+00
       7168    104.494     7.8420   3.630219    -0.0393     2.5361     0.2450    103.500    103.500    35.2050    294.922     99.839 0.0000e+00
       7196    104.999     7.8414   3.630163    -0.0467     2.5356     0.2405    104.000    104.000    35.2047    295.157     99.917 0.0000e+00
       7221    105.504     7.8413   3.630153    -0.0486     2.5362     0.2407    104.500    104.500    35.2045    295.413    100.004 0.0000e+00
       7244    106.009     7.8413   3.630194    -0.0469     2.5368     0.2466    105.000    105.000    35.2047    295.506    100.035 0.0000e+00
       7266    106.514     7.8413   3.630212    -0.0398     2.5373     0.2484    105.500    105.500    35.2047    295.435    100.011 0.0000e+00
       7286    107.018     7.8414   3.630237    -0.0427     2.5369     0.2491    106.000    106.000    35.2046    295.246     99.947 0.0000e+00
       7308    107.523     7.8421   3.630299    -0.0475     2.5366     0.2492    106.500    106.500    35.2043    295.253     99.951 0.0000e+00
       7334    108.028     7.8430   3.630415    -0.0418     2.5358     0.2436    107.000    107.000    35.2045    294.933     99.844 0.0000e+00
       7363    108.533     7.8445   3.630595    -0.0336     2.5344     0.2393    107.500    107.500    35.2045    294.964     99.859 0.0000e+00
       7388    109.038     7.8456   3.630806    -0.0335     2.5352     0.2445    108.000    108.000    35.2055    295.450    100.027 0.0000e+00
       7409    109.543     7.8465   3.630894    -0.0378     2.5358     0.2487    108.500    108.500    35.2053    295.348     99.994 0.0000e+00
       7428    110.048     7.8484   3.631121    -0.0426     2.5357     0.2493    109.000    109.000    35.2056    295.218     99.954 0.0000e+00
       7448    110.553     7.8487   3.631279    -0.0384     2.5355     0.2490    109.500    109.500    35.2067    295.173     99.940 0.0000e+00
       7473    111.058     7.8487   3.631297    -0.0426     2.5349     0.2487    110.000    110.000    35.2066    295.021     99.889 0.0000e+00
       7505    111.563     7.8497   3.631366    -0.0399     2.5350     0.2494    110.500    110.500    35.2061    295.511    100.057 0.0000e+00
       7532    112.068     7.8514   3.631633    -0.0471     2.5365     0.2481    111.000    111.000    35.2070    295.685    100.120 0.0000e+00
