Data/CTD_05_avg.cnv
* Sea-Bird SBE 9 Data File:
* FileName = C:\Users\ctd-user\Desktop\CTD_data\OC4920\CTD_05.hex
* Software Version Seasave V 7.26.2.13
* Temperature SN = 6313
* Conductivity SN = 4758
* Number of Bytes Per Scan = 28
* Number of Voltage Words = 3
* Number of Scans Averaged by the Deck Unit = 1
* NMEA Latitude = 57 56.89 N
* NMEA Longitude = 010 47.07 E
* NMEA UTC (Time) = May 07 2025 08:44:53
** Station: test
** Operator: Operator 1
** Ship: 7720 Skagerak
** Cruise: 7720-2025-01
** Latitude [GG MM.mm N]:
** Longitude [GG MM.mm E]:
** Pumps: PrimaryPump: 1820 # SecondaryPump:
** EventIDs: EventID: 3decf26d-821b-4112-8042-a2c98b568458 # ParentEventID:
** Additional Sampling:
** Metadata admin: MPROG: Other # PROJ: Other # ORDERER: GU # SLABO: GU # ALABO: GU # REFSK: ingen
** Metadata conditions: WADEP: 10 # WINSP: 1 # WINDIR: 02 # AIRPRES: 1000 # AIRTEMP: 1 # WEATH: 9 # CLOUD: 9 # WAVES: 9 # ICEOB: 9 # COMNT_VISIT:
** LIMS Job:
# nquan = 13
# nvalues = 351                         
# units = specified
# name 0 = scan: Scan Count
# name 1 = prDM: Pressure, Digiquartz [db]
# name 2 = t090C: Temperature [ITS-90, deg C]
# name 3 = c0S/m: Conductivity [S/m]
# name 4 = flECO-AFL: Fluorescence, WET Labs ECO-AFL/FL [mg/m^3]
# name 5 = sbeox0V: Oxygen raw, SBE 43 [V]
# name 6 = turbWETntu0: Turbidity, WET Labs ECO [NTU]
# name 7 = depSM: Depth [salt water, m]
# name 8 = depSM: Depth [salt water, m], lat = 57.9482
# name 9 = sal00: Salinity, Practical [PSU]
# name 10 = sbeox0Mm/L: Oxygen, SBE 43 [umol/l], WS = 2
# name 11 = sbeox0PS: Oxygen, SBE 43 [% saturation], WS = 2
# name 12 = flag: flag
# span 0 =       1292,       9991       
# span 1 =      0.505,    177.217       
# span 2 =     7.7690,    10.4701       
# span 3 =   3.254100,   3.670043       
# span 4 =    -0.0505,     2.4274       
# span 5 =     2.4992,     2.7288       
# span 6 =     0.1579,     1.0532       
# span 7 =      0.500,    175.500       
# span 8 =      0.500,    175.500       
# span 9 =    29.0598,    35.2851       
# span 10 =    291.864,    312.692      
# span 11 =     98.917,    107.720      
# span 12 = 0.0000e+00, 0.0000e+00      
# interval = meters: 0.5                
# start_time = May 07 2025 08:44:53 [NMEA time, header]
# bad_flag = -9.990e-29
*END*
[from data line 112]
       4066     57.036     8.2036   3.667131    -0.0244     2.5608     0.1646     56.500     56.500    35.2612    293.166    100.090 0.0000e+00
       4090     57.541     8.1703   3.664153    -0.0239     2.5562     0.1648     57.000     57.000    35.2624    292.731     99.868 0.0000e+00
       4109     58.046     8.1370   3.660949    -0.0306     2.5536     0.1671     57.500     57.500    35.2613    293.217     99.959 0.0000e+00
       4128     58.551     8.0796   3.657799    -0.0320     2.5532     0.1717     58.000     58.000    35.2851    293.833    100.055 0.0000e+00
       4148     59.055     7.9899   3.648171    -0.0323     2.5525     0.1745     58.500     58.500    35.2717    294.417    100.044 0.0000e+00
       4175     59.560     7.9555   3.641778    -0.0324     2.5517     0.1833     59.000     59.000    35.2374    294.597    100.005 0.0000e+00
       4204     60.065     7.9323   3.637924    -0.0324     2.5503     0.1895     59.500     59.500    35.2190    294.356     99.859 0.0000e+00
       4230     60.570     7.9164   3.636234    -0.0324     2.5478     0.1899     60.000     60.000    35.2166    294.248     99.785 0.0000e+00
       4252     61.075     7.8832   3.633535    -0.0324     2.5474     0.1908     60.500     60.500    35.2207    294.838     99.913 0.0000e+00
       4271     61.579     7.8656   3.630938    -0.0322     2.5478     0.1983     61.000     61.000    35.2102    295.189     99.986 0.0000e+00
       4290     62.084     7.8558   3.629218    -0.0317     2.5482     0.2043     61.500     61.500    35.2012    295.317    100.001 0.0000e+00
       4314     62.589     7.8544   3.628561    -0.0268     2.5482     0.2060     62.000     62.000    35.1953    295.174     99.946 0.0000e+00
       4345     63.094     7.8532   3.628726    -0.0244     2.5470     0.2065     62.500     62.500    35.1981    294.711     99.788 0.0000e+00
       4371     63.599     7.8468   3.628109    -0.0314     2.5454     0.2066     63.000     63.000    35.1976    294.674     99.761 0.0000e+00
       4391     64.104     7.8413   3.627522    -0.0322     2.5450     0.2069     63.500     63.500    35.1966    294.849     99.807 0.0000e+00
       4410     64.608     7.8385   3.627144    -0.0324     2.5448     0.2078     64.000     64.000    35.1951    294.785     99.778 0.0000e+00
       4430     65.113     7.8382   3.627003    -0.0324     2.5439     0.2118     64.500     64.500    35.1935    294.724     99.756 0.0000e+00
       4455     65.618     7.8357   3.626948    -0.0324     2.5442     0.2130     65.000     65.000    35.1952    295.078     99.871 0.0000e+00
       4483     66.123     7.8303   3.626534    -0.0324     2.5449     0.2096     65.500     65.500    35.1960    295.165     99.889 0.0000e+00
       4506     66.628     7.8279   3.626128    -0.0324     2.5446     0.2126     66.000     66.000    35.1938    294.927     99.802 0.0000e+00
       4526     67.133     7.8257   3.626029    -0.0323     2.5441     0.2143     66.500     66.500    35.1946    295.089     99.852 0.0000e+00
       4548     67.637     7.8188   3.625618    -0.0319     2.5451     0.2157     67.000     67.000    35.1969    295.610    100.015 0.0000e+00
       4575     68.142     7.8139   3.624800    -0.0323     2.5464     0.2153     67.500     67.500    35.1928    295.712    100.035 0.0000e+00
       4600     68.647     7.8135   3.624608    -0.0324     2.5468     0.2143     68.000     68.000    35.1909    295.636    100.007 0.0000e+00
       4623     69.152     7.8118   3.624524    -0.0324     2.5468     0.2120     68.500     68.500    35.1915    295.512     99.962 0.0000e+00
       4646     69.657     7.8121   3.624600    -0.0324     2.5459     0.2100     69.000     69.000    35.1917    295.087     99.819 0.0000e+00
       4668     70.162     7.8102   3.624565    -0.0323     2.5442     0.2132     69.500     69.500    35.1930    294.805     99.720 0.0000e+00
       4688     70.667     7.8029   3.623978    -0.0321     2.5429     0.2151     70.000     70.000    35.1938    294.917     99.742 0.0000e+00
       4707     71.171     7.7961   3.623415    -0.0310     2.5426     0.2150     70.500     70.500    35.1943    294.914     99.726 0.0000e+00
       4730     71.676     7.8003   3.623189    -0.0243     2.5413     0.2145     71.000     71.000    35.1873    294.761     99.680 0.0000e+00
       4764     72.181     7.7935   3.623111    -0.0277     2.5412     0.2131     71.500     71.500    35.1931    295.140     99.796 0.0000e+00
       4794     72.686     7.7802   3.621718    -0.0321     2.5411     0.2099     72.000     72.000    35.1913    295.136     99.763 0.0000e+00
       4816     73.191     7.7783   3.621246    -0.0323     2.5415     0.2124     72.500     72.500    35.1878    295.362     99.833 0.0000e+00
       4835     73.696     7.7754   3.620949    -0.0321     2.5416     0.2099     73.001     73.000    35.1873    295.190     99.768 0.0000e+00
       4853     74.200     7.7721   3.620767    -0.0311     2.5408     0.2090     73.500     73.500    35.1884    294.871     99.654 0.0000e+00
       4871     74.705     7.7690   3.620253    -0.0282     2.5396     0.2105     74.000     74.000    35.1857    295.000     99.689 0.0000e+00
       4893     75.210     7.7703   3.620161    -0.0215     2.5405     0.2089     74.500     74.500    35.1832    295.644     99.908 0.0000e+00
       4924     75.715     7.7748   3.620504    -0.0248     2.5421     0.2128     75.000     75.000    35.1821    295.703     99.937 0.0000e+00
       4956     76.220     7.7826   3.621505    -0.0243     2.5428     0.2146     75.500     75.500    35.1848    295.500     99.888 0.0000e+00
       4980     76.725     7.7836   3.621852    -0.0311     2.5419     0.2116     76.000     76.000    35.1873    295.224     99.798 0.0000e+00
       4998     77.230     7.7825   3.621914    -0.0321     2.5419     0.2070     76.500     76.500    35.1888    295.292     99.820 0.0000e+00
       5016     77.735     7.7825   3.621800    -0.0321     2.5411     0.2057     77.000     77.000    35.1873    295.024     99.728 0.0000e+00
       5039     78.239     7.7830   3.621887    -0.0305     2.5403     0.2061     77.500     77.500    35.1875    295.182     99.783 0.0000e+00
       5069     78.744     7.7830   3.621914    -0.0094     2.5406     0.2129     78.000     78.000    35.1875    295.435     99.868 0.0000e+00
       5096     79.249     7.7863   3.622190     0.0633     2.5415     0.2177     78.500     78.500    35.1869    295.725     99.973 0.0000e+00
       5116     79.754     7.7893   3.622384     0.0155     2.5424     0.2118     79.000     79.000    35.1857    295.633     99.949 0.0000e+00
       5136     80.259     7.7934   3.623047    -0.0222     2.5420     0.2112     79.500     79.500    35.1886    295.130     99.789 0.0000e+00
       5157     80.764     7.7946   3.623284    -0.0306     2.5403     0.2141     80.000     80.000    35.1897    294.728     99.657 0.0000e+00
       5181     81.269     7.7973   3.623564    -0.0322     2.5386     0.2139     80.500     80.500    35.1897    294.825     99.696 0.0000e+00
       5205     81.773     7.7974   3.623717    -0.0324     2.5390     0.2117     81.000     81.000    35.1910    295.272     99.848 0.0000e+00
       5230     82.278     7.7983   3.623881    -0.0329     2.5399     0.2098     81.500     81.500    35.1916    295.447     99.910 0.0000e+00
       5257     82.783     7.7998   3.623889    -0.0370     2.5404     0.2146     82.000     82.000    35.1899    295.341     99.876 0.0000e+00
       5284     83.288     7.8023   3.624347    -0.0404     2.5403     0.2153     82.500     82.500    35.1921    295.091     99.799 0.0000e+00
       5305     83.793     7.8090   3.624350    -0.0346     2.5393     0.2149     83.000     83.000    35.1851    294.985     99.773 0.0000e+00
       5324     84.298     7.8250   3.626035    -0.0346     2.5395     0.2156     83.500     83.500    35.1869    295.205     99.885 0.0000e+00
       5344     84.803     7.8269   3.627260    -0.0402     2.5401     0.2152     84.000     84.000    35.1981    295.072     99.851 0.0000e+00
       5366     85.308     7.8315   3.627302    -0.0387     2.5391     0.2147     84.500     84.500    35.1935    294.651     99.716 0.0000e+00
       5391     85.813     7.8320   3.627776    -0.0334     2.5380     0.2146     85.000     85.000    35.1980    294.573     99.694 0.0000e+00
       5415     86.317     7.8295   3.627792    -0.0326     2.5373     0.2155     85.500     85.500    35.2004    294.674     99.724 0.0000e+00
       5440     86.822     7.8372   3.627700    -0.0334     2.5373     0.2176     86.000     86.000    35.1914    294.663     99.732 0.0000e+00
       5467     87.327     7.8458   3.629042    -0.0396     2.5367     0.2173     86.500     86.500    35.1970    294.447     99.681 0.0000e+00
       5493     87.832     7.8423   3.629462    -0.0393     2.5363     0.2156     87.000     87.000    35.2048    294.513     99.701 0.0000e+00
       5513     88.337     7.8270   3.628612    -0.0337     2.5363     0.2183     87.500     87.500    35.2107    294.685     99.729 0.0000e+00
       5530     88.842     7.8215   3.627058    -0.0327     2.5363     0.2221     88.000     88.000    35.1993    294.615     99.686 0.0000e+00
       5549     89.347     7.8230   3.626994    -0.0325     2.5355     0.2269     88.500     88.500    35.1969    294.285     99.576 0.0000e+00
       5579     89.852     7.8239   3.627442    -0.0324     2.5340     0.2308     89.000     89.000    35.2005    294.444     99.634 0.0000e+00
       5612     90.357     7.8187   3.626678    -0.0324     2.5354     0.2363     89.500     89.500    35.1973    294.991     99.805 0.0000e+00
       5633     90.861     7.8290   3.627091    -0.0324     2.5358     0.2424     90.000     90.000    35.1911    294.926     99.802 0.0000e+00
       5650     91.366     7.8417   3.628521    -0.0326     2.5367     0.2334     90.500     90.500    35.1935    294.853     99.808 0.0000e+00
       5666     91.871     7.8434   3.629597    -0.0330     2.5362     0.2278     91.000     91.000    35.2032    294.304     99.632 0.0000e+00
       5687     92.376     7.8383   3.629417    -0.0362     2.5343     0.2295     91.500     91.500    35.2061    294.141     99.567 0.0000e+00
       5722     92.881     7.8430   3.629341    -0.0397     2.5353     0.2310     92.000     92.000    35.2002    295.118     99.905 0.0000e+00
       5751     93.386     7.8440   3.629879    -0.0408     2.5369     0.2309     92.500     92.500    35.2048    294.896     99.835 0.0000e+00
       5771     93.891     7.8439   3.629896    -0.0467     2.5366     0.2313     93.000     93.000    35.2048    294.559     99.720 0.0000e+00
       5789     94.396     7.8443   3.629940    -0.0485     2.5354     0.2313     93.501     93.500    35.2046    294.289     99.630 0.0000e+00
       5809     94.901     7.8444   3.629991    -0.0471     2.5346     0.2322     94.000     94.000    35.2049    294.433     99.679 0.0000e+00
       5831     95.406     7.8446   3.630019    -0.0396     2.5346     0.2365     94.500     94.500    35.2047    294.591     99.733 0.0000e+00
       5856     95.910     7.8448   3.630085    -0.0426     2.5345     0.2425     95.000     95.000    35.2050    294.560     99.723 0.0000e+00
       5883     96.415     7.8448   3.630121    -0.0471     2.5344     0.2564     95.500     95.500    35.2052    294.566     99.725 0.0000e+00
       5908     96.920     7.8442   3.630125    -0.0446     2.5343     0.2431     96.000     96.000    35.2055    294.533     99.713 0.0000e+00
       5930     97.425     7.8436   3.630076    -0.0372     2.5340     0.2334     96.500     96.500    35.2054    294.668     99.757 0.0000e+00
       5950     97.930     7.8432   3.630058    -0.0334     2.5347     0.2320     97.000     97.000    35.2053    294.788     99.797 0.0000e+00
       5970     98.435     7.8430   3.630092    -0.0327     2.5345     0.2327     97.500     97.500    35.2057    294.564     99.721 0.0000e+00
       5997     98.940     7.8419   3.630026    -0.0330     2.5336     0.2347     98.000     98.000    35.2058    294.324     99.637 0.0000e+00
       6025     99.445     7.8428   3.630005    -0.0370     2.5327     0.2353     98.500     98.500    35.2045    294.538     99.710 0.0000e+00
       6046     99.950     7.8448   3.630220    -0.0450     2.5336     0.2318     99.000     99.000    35.2044    294.995     99.870 0.0000e+00
       6065    100.455     7.8454   3.630426    -0.0472     2.5347     0.2293     99.500     99.500    35.2058    295.066     99.896 0.0000e+00
       6087    100.960     7.8457   3.630468    -0.0456     2.5353     0.2248    100.000    100.000    35.2057    294.870     99.831 0.0000e+00
       6112    101.465     7.8461   3.630543    -0.0370     2.5343     0.2236    100.500    100.500    35.2059    294.497     99.705 0.0000e+00
       6138    101.969     7.8467   3.630625    -0.0329     2.5338     0.2275    101.000    101.000    35.2060    294.785     99.804 0.0000e+00
       6160    102.474     7.8473   3.630759    -0.0324     2.5345     0.2263    101.500    101.500    35.2065    295.021     99.885 0.0000e+00
       6179    102.979     7.8480   3.630855    -0.0328     2.5350     0.2271    102.000    102.000    35.2066    295.088     99.910 0.0000e+00
       6200    103.484     7.8483   3.630940    -0.0371     2.5357     0.2304    102.500    102.500    35.2069    295.307     99.985 0.0000e+00
       6225    103.989     7.8491   3.631004    -0.0456     2.5368     0.2310    103.000    103.000    35.2066    295.418    100.024 0.0000e+00
       6253    104.494     7.8501   3.631148    -0.0415     2.5375     0.2310    103.500    103.500    35.2068    295.381    100.014 0.0000e+00
       6279    104.999     7.8517   3.631332    -0.0346     2.5372     0.2311    104.000    104.000    35.2070    294.953     99.873 0.0000e+00
       6301    105.504     7.8554   3.631633    -0.0367     2.5355     0.2311    104.500    104.500    35.2062    294.578     99.754 0.0000e+00
       6320    106.009     7.8568   3.632039    -0.0443     2.5347     0.2307    105.000    105.000    35.2090    294.772     99.825 0.0000e+00
       6338    106.514     7.8571   3.632145    -0.0473     2.5346     0.2274    105.500    105.500    35.2096    294.864     99.857 0.0000e+00
       6358    107.019     7.8569   3.632144    -0.0478     2.5345     0.2273    106.000    106.000    35.2095    294.916     99.873 0.0000e+00
       6383    107.524     7.8574   3.632175    -0.0412     2.5346     0.2307    106.500    106.500    35.2091    295.009     99.906 0.0000e+00
       6412    108.029     7.8574   3.632218    -0.0335     2.5351     0.2310    107.000    107.000    35.2094    295.030     99.913 0.0000e+00
       6436    108.534     7.8586   3.632366    -0.0333     2.5343     0.2312    107.500    107.500    35.2095    294.626     99.779 0.0000e+00
       6457    109.039     7.8596   3.632521    -0.0368     2.5334     0.2313    108.000    108.000    35.2099    294.612     99.777 0.0000e+00
       6478    109.543     7.8602   3.632608    -0.0402     2.5332     0.2306    108.500    108.500    35.2100    294.892     99.873 0.0000e+00
       6504    110.048     7.8613   3.632722    -0.0381     2.5338     0.2304    109.000    109.000    35.2098    294.945     99.894 0.0000e+00
       6530    110.553     7.8628   3.632914    -0.0415     2.5335     0.2311    109.500    109.500    35.2102    294.774     99.839 0.0000e+00
       6550    111.058     7.8640   3.633108    -0.0353     2.5334     0.2308    110.000    110.000    35.2108    294.845     99.866 0.0000e+00
       6568    111.563     7.8648   3.633284    -0.0345     2.5335     0.2317    110.500    110.500    35.2116    294.528     99.761 0.0000e+00
       6588    112.068     7.8647   3.633313    -0.0398     2.5313     0.2396    111.000    111.000    35.2118    293.968     99.571 0.0000e+00
