Data/CTD_14.cnv
* Sea-Bird SBE 9 Data File:
* FileName = C:\Users\ctd-user\Desktop\CTD_data\OC4920\CTD_14.hex
* Software Version Seasave V 7.26.2.13
* Temperature SN = 6313
* Conductivity SN = 4758
* Number of Bytes Per Scan = 28
* Number of Voltage Words = 3
* Number of Scans Averaged by the Deck Unit = 1
* NMEA Latitude = 57 47.84 N
* NMEA Longitude = 010 46.19 E
* NMEA UTC (Time) = May 07 2025 12:38:22
** Station: test
** Operator: Operator 1
** Ship: 7720 Skagerak
** Cruise: 7720-2025-01
** Latitude [GG MM.mm N]:
** Longitude [GG MM.mm E]:
** Pumps: PrimaryPump: 1820 # SecondaryPump:
** EventIDs: EventID: 3decf26d-821b-4112-8042-a2c98b568458 # ParentEventID:
** Additional Sampling:
** Metadata admin: MPROG: Other # PROJ: Other # ORDERER: GU # SLABO: GU # ALABO: GU # REFSK: ingen
** Metadata conditions: WADEP: 10 # WINSP: 1 # WINDIR: 02 # AIRPRES: 1000 # AIRTEMP: 1 # WEATH: 9 # CLOUD: 9 # WAVES: 9 # ICEOB: 9 # COMNT_VISIT:
** LIMS Job:
# nquan = 13                                
# nvalues = 5930                        
# units = specified
# name 0 = scan: Scan Count
# name 1 = prDM: Pressure, Digiquartz [db]
# name 2 = t090C: Temperature [ITS-90, deg C]
# name 3 = c0S/m: Conductivity [S/m]
# name 4 = flECO-AFL: Fluorescence, WET Labs ECO-AFL/FL [mg/m^3]
# name 5 = sbeox0V: Oxygen raw, SBE 43 [V]
# name 6 = turbWETntu0: Turbidity, WET Labs ECO [NTU]
# name 7 = depSM: Depth [salt water, m]
# name 8 = depSM: Depth [salt water, m], lat = 57.7973
# name 9 = sal00: Salinity, Practical [PSU]
# name 10 = sbeox0Mm/L: Oxygen, SBE 43 [umol/l], WS = 2
# name 11 = sbeox0PS: Oxygen, SBE 43 [% saturation], WS = 2
# name 12 = flag: flag
# span 0 =          1,       5930       
# span 1 =     -1.531,     62.690       
# span 2 =     7.6943,    11.3063       
# span 3 =   0.310447,   3.615269       
# span 4 =    -0.4466,     2.5583       
# span 5 =     1.7264,     2.7680       
# span 6 =     0.0515,     2.0762       
# span 7 =     -1.517,     62.101       
# span 8 =     -1.517,     62.101       
# span 9 =     2.2876,    35.1398       
# span 10 =    195.678,    319.295      
# span 11 =     59.197,    110.239      
# span 12 = 0.0000e+00, 0.0000e+00      
# interval = seconds: 0.0416667
# start_time = May 07 2025 12:38:22 [NMEA time, header]
# bad_flag = -9.990e-29
*END*
[from data line 3445]
       3446      9.961     8.5522   3.614069     1.0085     2.5228     0.2762      9.869      9.869    34.3739    287.950     98.507 0.0000e+00
       3447      9.984     8.5503   3.614018     1.0222     2.5231     0.2762      9.891      9.891    34.3752    288.015     98.527 0.0000e+00
       3448     10.007     8.5480   3.614080     1.0339     2.5235     0.2762      9.914      9.914    34.3781    288.094     98.550 0.0000e+00
       3449     10.028     8.5451   3.614168     1.0437     2.5239     0.2761      9.935      9.935    34.3818    288.171     98.572 0.0000e+00
       3450     10.050     8.5428   3.614349     1.0518     2.5242     0.2760      9.956      9.957    34.3860    288.226     98.589 0.0000e+00
       3451     10.072     8.5407   3.614494     1.0580     2.5245     0.2758      9.978      9.979    34.3896    288.276     98.604 0.0000e+00
       3452     10.094     8.5381   3.614638     1.0626     2.5248     0.2756     10.000     10.000    34.3936    288.326     98.618 0.0000e+00
       3453     10.116     8.5365   3.614690     1.0655     2.5251     0.2754     10.022     10.022    34.3957    288.370     98.631 0.0000e+00
       3454     10.138     8.5352   3.614737     1.0667     2.5254     0.2752     10.044     10.044    34.3975    288.410     98.643 0.0000e+00
       3455     10.161     8.5329   3.614763     1.0662     2.5257     0.2749     10.067     10.067    34.4000    288.455     98.655 0.0000e+00
       3456     10.184     8.5303   3.614685     1.0641     2.5260     0.2746     10.089     10.090    34.4017    288.502     98.666 0.0000e+00
       3457     10.207     8.5264   3.614639     1.0604     2.5263     0.2743     10.112     10.112    34.4050    288.553     98.677 0.0000e+00
       3458     10.229     8.5228   3.614523     1.0549     2.5266     0.2739     10.134     10.134    34.4073    288.601     98.687 0.0000e+00
       3459     10.249     8.5204   3.614500     1.0477     2.5269     0.2736     10.154     10.154    34.4093    288.637     98.695 0.0000e+00
       3460     10.269     8.5183   3.614479     1.0387     2.5271     0.2732     10.174     10.174    34.4112    288.651     98.697 0.0000e+00
       3461     10.290     8.5157   3.614390     1.0278     2.5273     0.2727     10.195     10.195    34.4128    288.666     98.697 0.0000e+00
       3462     10.313     8.5136   3.614303     1.0150     2.5275     0.2722     10.217     10.217    34.4139    288.678     98.697 0.0000e+00
       3463     10.336     8.5113   3.614226     1.0002     2.5277     0.2717     10.240     10.240    34.4153    288.689     98.697 0.0000e+00
       3464     10.359     8.5071   3.614329     0.9833     2.5279     0.2710     10.262     10.263    34.4205    288.701     98.695 0.0000e+00
       3465     10.382     8.5042   3.614364     0.9642     2.5280     0.2704     10.285     10.286    34.4237    288.693     98.688 0.0000e+00
       3466     10.405     8.4990   3.614462     0.9427     2.5282     0.2697     10.308     10.308    34.4298    288.709     98.686 0.0000e+00
       3467     10.428     8.4938   3.614429     0.9187     2.5284     0.2689     10.332     10.331    34.4345    288.725     98.683 0.0000e+00
       3468     10.452     8.4894   3.614411     0.8932     2.5287     0.2681     10.355     10.355    34.4386    288.745     98.683 0.0000e+00
       3469     10.474     8.4859   3.614343     0.8681     2.5290     0.2673     10.377     10.377    34.4413    288.758     98.681 0.0000e+00
       3470     10.495     8.4829   3.614211     0.8448     2.5292     0.2667     10.398     10.398    34.4428    288.753     98.674 0.0000e+00
       3471     10.517     8.4812   3.614113     0.8235     2.5294     0.2662     10.419     10.419    34.4434    288.740     98.666 0.0000e+00
       3472     10.540     8.4789   3.613990     0.8039     2.5296     0.2658     10.442     10.442    34.4443    288.726     98.657 0.0000e+00
       3473     10.563     8.4771   3.613922     0.7860     2.5297     0.2655     10.464     10.465    34.4454    288.695     98.643 0.0000e+00
       3474     10.584     8.4756   3.613807     0.7695     2.5299     0.2654     10.486     10.486    34.4456    288.676     98.633 0.0000e+00
       3475     10.607     8.4742   3.613759     0.7543     2.5300     0.2654     10.508     10.509    34.4465    288.640     98.619 0.0000e+00
       3476     10.629     8.4727   3.613657     0.7403     2.5301     0.2655     10.531     10.530    34.4468    288.604     98.603 0.0000e+00
       3477     10.651     8.4721   3.613641     0.7276     2.5302     0.2657     10.552     10.552    34.4472    288.559     98.587 0.0000e+00
       3478     10.674     8.4716   3.613780     0.7159     2.5303     0.2661     10.575     10.575    34.4492    288.509     98.570 0.0000e+00
       3479     10.698     8.4711   3.614158     0.7053     2.5305     0.2666     10.599     10.599    34.4537    288.467     98.557 0.0000e+00
       3480     10.721     8.4706   3.614386     0.6955     2.5307     0.2672     10.622     10.622    34.4566    288.427     98.544 0.0000e+00
       3481     10.744     8.4697   3.614656     0.6866     2.5309     0.2679     10.645     10.644    34.4603    288.387     98.531 0.0000e+00
       3482     10.767     8.4695   3.614885     0.6786     2.5311     0.2687     10.668     10.667    34.4629    288.345     98.518 0.0000e+00
       3483     10.791     8.4687   3.615029     0.6712     2.5312     0.2697     10.691     10.691    34.4652    288.291     98.499 0.0000e+00
       3484     10.813     8.4686   3.615147     0.6645     2.5312     0.2708     10.713     10.713    34.4666    288.221     98.476 0.0000e+00
       3485     10.835     8.4680   3.615148     0.6584     2.5313     0.2720     10.735     10.734    34.4672    288.167     98.457 0.0000e+00
       3486     10.856     8.4677   3.615181     0.6529     2.5314     0.2734     10.756     10.755    34.4678    288.109     98.436 0.0000e+00
       3487     10.879     8.4674   3.615166     0.6479     2.5314     0.2750     10.778     10.778    34.4679    288.036     98.411 0.0000e+00
       3488     10.902     8.4670   3.615198     0.6435     2.5313     0.2768     10.801     10.801    34.4686    287.946     98.380 0.0000e+00
       3489     10.924     8.4669   3.615219     0.6396     2.5313     0.2788     10.823     10.823    34.4689    287.867     98.353 0.0000e+00
       3490     10.946     8.4663   3.615190     0.6361     2.5314     0.2810     10.845     10.844    34.4692    287.802     98.329 0.0000e+00
       3491     10.968     8.4660   3.615246     0.6331     2.5313     0.2834     10.867     10.866    34.4701    287.703     98.295 0.0000e+00
       3492     10.990     8.4659   3.615196     0.6305     2.5312     0.2861     10.888     10.888    34.4696    287.603     98.261 0.0000e+00
       3493     11.011     8.4654   3.615252     0.6283     2.5311     0.2889     10.909     10.909    34.4707    287.505     98.227 0.0000e+00
       3494     11.035     8.4648   3.615235     0.6264     2.5310     0.2918     10.932     10.933    34.4711    287.410     98.193 0.0000e+00
       3495     11.059     8.4633   3.615251     0.6249     2.5310     0.2945     10.956     10.956    34.4727    287.335     98.165 0.0000e+00
       3496     11.082     8.4625   3.615269     0.6237     2.5308     0.2968     10.979     10.979    34.4737    287.228     98.128 0.0000e+00
       3497     11.105     8.4614   3.615238     0.6229     2.5307     0.2988     11.002     11.002    34.4744    287.141     98.096 0.0000e+00
       3498     11.127     8.4603   3.615267     0.6224     2.5305     0.3005     11.024     11.024    34.4758    287.038     98.059 0.0000e+00
       3499     11.149     8.4596   3.615232     0.6223     2.5304     0.3020     11.046     11.046    34.4761    286.951     98.029 0.0000e+00
       3500     11.172     8.4594   3.615253     0.6225     2.5302     0.3032     11.068     11.068    34.4765    286.848     97.993 0.0000e+00
       3501     11.196     8.4590   3.615188     0.6231     2.5300     0.3042     11.093     11.092    34.4762    286.747     97.957 0.0000e+00
       3502     11.221     8.4586   3.615226     0.6240     2.5298     0.3050     11.117     11.117    34.4770    286.644     97.922 0.0000e+00
       3503     11.244     8.4584   3.615181     0.6253     2.5296     0.3054     11.140     11.140    34.4767    286.543     97.887 0.0000e+00
       3504     11.266     8.4582   3.615184     0.6270     2.5294     0.3057     11.162     11.161    34.4769    286.442     97.852 0.0000e+00
       3505     11.289     8.4580   3.615156     0.6290     2.5292     0.3057     11.185     11.184    34.4768    286.346     97.819 0.0000e+00
       3506     11.314     8.4578   3.615140     0.6315     2.5290     0.3054     11.210     11.209    34.4768    286.252     97.786 0.0000e+00
       3507     11.339     8.4577   3.615084     0.6343     2.5287     0.3050     11.234     11.234    34.4763    286.149     97.750 0.0000e+00
       3508     11.363     8.4575   3.614966     0.6376     2.5285     0.3043     11.258     11.258    34.4752    286.067     97.721 0.0000e+00
       3509     11.385     8.4573   3.614897     0.6414     2.5282     0.3034     11.280     11.279    34.4747    285.971     97.688 0.0000e+00
       3510     11.408     8.4570   3.614810     0.6456     2.5279     0.3023     11.302     11.302    34.4741    285.881     97.656 0.0000e+00
       3511     11.430     8.4564   3.614828     0.6504     2.5276     0.3009     11.324     11.324    34.4748    285.794     97.625 0.0000e+00
       3512     11.451     8.4552   3.614767     0.6557     2.5273     0.2993     11.345     11.345    34.4753    285.716     97.596 0.0000e+00
       3513     11.473     8.4530   3.614761     0.6615     2.5269     0.2973     11.367     11.367    34.4774    285.630     97.564 0.0000e+00
       3514     11.495     8.4497   3.614770     0.6679     2.5265     0.2952     11.389     11.388    34.4807    285.555     97.533 0.0000e+00
       3515     11.518     8.4461   3.614735     0.6749     2.5261     0.2927     11.411     11.411    34.4839    285.490     97.505 0.0000e+00
       3516     11.541     8.4425   3.614755     0.6827     2.5257     0.2899     11.435     11.434    34.4876    285.428     97.478 0.0000e+00
       3517     11.566     8.4384   3.614748     0.6912     2.5254     0.2869     11.459     11.459    34.4915    285.388     97.458 0.0000e+00
       3518     11.591     8.4347   3.614749     0.7005     2.5250     0.2834     11.484     11.483    34.4952    285.336     97.435 0.0000e+00
       3519     11.615     8.4315   3.614740     0.7103     2.5247     0.2798     11.508     11.507    34.4982    285.300     97.417 0.0000e+00
       3520     11.638     8.4281   3.614742     0.7200     2.5244     0.2763     11.531     11.530    34.5015    285.271     97.402 0.0000e+00
       3521     11.661     8.4253   3.614717     0.7291     2.5241     0.2730     11.553     11.553    34.5040    285.244     97.388 0.0000e+00
       3522     11.685     8.4225   3.614745     0.7374     2.5238     0.2700     11.577     11.577    34.5070    285.221     97.376 0.0000e+00
       3523     11.709     8.4205   3.614747     0.7451     2.5235     0.2673     11.601     11.600    34.5090    285.198     97.365 0.0000e+00
       3524     11.733     8.4184   3.614879     0.7523     2.5232     0.2649     11.625     11.624    34.5125    285.178     97.356 0.0000e+00
       3525     11.756     8.4164   3.614839     0.7589     2.5228     0.2628     11.648     11.647    34.5140    285.149     97.343 0.0000e+00
       3526     11.779     8.4146   3.614728     0.7650     2.5224     0.2609     11.670     11.670    34.5146    285.125     97.331 0.0000e+00
       3527     11.802     8.4125   3.614670     0.7707     2.5220     0.2592     11.693     11.692    34.5160    285.105     97.321 0.0000e+00
       3528     11.825     8.4106   3.614475     0.7760     2.5216     0.2577     11.715     11.715    34.5158    285.092     97.312 0.0000e+00
       3529     11.848     8.4088   3.614215     0.7810     2.5212     0.2564     11.738     11.738    34.5148    285.083     97.304 0.0000e+00
       3530     11.869     8.4076   3.613921     0.7856     2.5208     0.2552     11.759     11.759    34.5128    285.075     97.298 0.0000e+00
       3531     11.890     8.4060   3.613691     0.7899     2.5205     0.2542     11.780     11.780    34.5119    285.084     97.297 0.0000e+00
       3532     11.913     8.4051   3.613440     0.7939     2.5202     0.2534     11.803     11.802    34.5101    285.092     97.296 0.0000e+00
       3533     11.937     8.4041   3.613273     0.7977     2.5199     0.2528     11.826     11.826    34.5093    285.100     97.296 0.0000e+00
       3534     11.960     8.4031   3.613004     0.8013     2.5196     0.2523     11.849     11.849    34.5074    285.110     97.297 0.0000e+00
       3535     11.982     8.4025   3.612855     0.8047     2.5193     0.2520     11.871     11.871    34.5064    285.117     97.297 0.0000e+00
       3536     12.006     8.4013   3.612669     0.8079     2.5190     0.2518     11.894     11.895    34.5056    285.128     97.298 0.0000e+00
       3537     12.029     8.4007   3.612521     0.8111     2.5188     0.2518     11.917     11.917    34.5046    285.151     97.303 0.0000e+00
       3538     12.052     8.4000   3.612408     0.8142     2.5186     0.2520     11.940     11.940    34.5041    285.173     97.309 0.0000e+00
       3539     12.076     8.3991   3.612252     0.8172     2.5185     0.2523     11.964     11.964    34.5033    285.210     97.319 0.0000e+00
       3540     12.100     8.3982   3.612102     0.8201     2.5183     0.2527     11.988     11.988    34.5026    285.232     97.324 0.0000e+00
       3541     12.124     8.3973   3.612036     0.8229     2.5182     0.2534     12.012     12.011    34.5028    285.266     97.334 0.0000e+00
       3542     12.147     8.3966   3.611892     0.8258     2.5180     0.2542     12.034     12.034    34.5019    285.286     97.339 0.0000e+00
       3543     12.169     8.3957   3.611851     0.8286     2.5178     0.2552     12.057     12.056    34.5023    285.304     97.343 0.0000e+00
       3544     12.191     8.3953   3.611768     0.8313     2.5177     0.2564     12.078     12.078    34.5018    285.335     97.353 0.0000e+00
       3545     12.213     8.3949   3.611692     0.8338     2.5176     0.2575     12.099     12.100    34.5014    285.365     97.362 0.0000e+00
       3546     12.234     8.3942   3.611560     0.8358     2.5175     0.2587     12.120     12.120    34.5007    285.399     97.372 0.0000e+00
       3547     12.255     8.3938   3.611525     0.8373     2.5174     0.2597     12.141     12.141    34.5007    285.430     97.381 0.0000e+00
       3548     12.276     8.3936   3.611390     0.8383     2.5172     0.2605     12.161     12.162    34.4994    285.445     97.385 0.0000e+00
       3549     12.297     8.3933   3.611302     0.8386     2.5171     0.2614     12.182     12.183    34.4988    285.472     97.393 0.0000e+00
       3550     12.318     8.3928   3.611290     0.8384     2.5170     0.2621     12.203     12.204    34.4991    285.496     97.400 0.0000e+00
       3551     12.339     8.3927   3.611250     0.8377     2.5169     0.2628     12.224     12.224    34.4988    285.516     97.407 0.0000e+00
       3552     12.361     8.3926   3.611223     0.8363     2.5169     0.2634     12.246     12.246    34.4986    285.549     97.418 0.0000e+00
       3553     12.383     8.3928   3.611172     0.8344     2.5168     0.2640     12.268     12.268    34.4979    285.563     97.423 0.0000e+00
       3554     12.406     8.3926   3.611161     0.8319     2.5167     0.2646     12.290     12.291    34.4979    285.578     97.427 0.0000e+00
       3555     12.427     8.3930   3.611124     0.8288     2.5165     0.2651     12.311     12.312    34.4971    285.573     97.426 0.0000e+00
