Data/CTD_12_avg.cnv
* Sea-Bird SBE 9 Data File:
* FileName = C:\Users\ctd-user\Desktop\CTD_data\OC4920\CTD_12.hex
* Software Version Seasave V 7.26.2.13
* Temperature SN = 6313
* Conductivity SN = 4758
* Number of Bytes Per Scan = 28
* Number of Voltage Words = 3
* Number of Scans Averaged by the Deck Unit = 1
* NMEA Latitude = 57 49.83 N
* NMEA Longitude = 010 46.49 E
* NMEA UTC (Time) = May 07 2025 11:52:13
** Station: test
** Operator: Operator 1
** Ship: 7720 Skagerak
** Cruise: 7720-2025-01
** Latitude [GG MM.mm N]:
** Longitude [GG MM.mm E]:
** Pumps: PrimaryPump: 1820 # SecondaryPump:
** EventIDs: EventID: 3decf26d-821b-4112-8042-a2c98b568458 # ParentEventID:
** Additional Sampling:
** Metadata admin: MPROG: Other # PROJ: Other # ORDERER: GU # SLABO: GU # ALABO: GU # REFSK: ingen
** Metadata conditions: WADEP: 10 # WINSP: 1 # WINDIR: 02 # AIRPRES: 1000 # AIRTEMP: 1 # WEATH: 9 # CLOUD: 9 # WAVES: 9 # ICEOB: 9 # COMNT_VISIT:
** LIMS Job:
# nquan = 13
# nvalues = 174                         
# units = specified
# name 0 = scan: Scan Count
# name 1 = prDM: Pressure, Digiquartz [db]
# name 2 = t090C: Temperature [ITS-90, deg C]
# name 3 = c0S/m: Conductivity [S/m]
# name 4 = flECO-AFL: Fluorescence, WET Labs ECO-AFL/FL [mg/m^3]
# name 5 = sbeox0V: Oxygen raw, SBE 43 [V]
# name 6 = turbWETntu0: Turbidity, WET Labs ECO [NTU]
# name 7 = depSM: Depth [salt water, m]
# name 8 = depSM: Depth [salt water, m], lat = 57.8305
# name 9 = sal00: Salinity, Practical [PSU]
# name 10 = sbeox0Mm/L: Oxygen, SBE 43 [umol/l], WS = 2
# name 11 = sbeox0PS: Oxygen, SBE 43 [% saturation], WS = 2
# name 12 = flag: flag
# span 0 =        252,       6648       
# span 1 =      0.505,     87.831       
# span 2 =     7.6423,    11.1646       
# span 3 =   3.379102,   3.666501       
# span 4 =    -0.0295,     4.9295       
# span 5 =     2.3290,     2.7533       
# span 6 =     0.1976,     0.3278       
# span 7 =      0.500,     87.000       
# span 8 =      0.500,     87.000       
# span 9 =    29.8305,    35.1542       
# span 10 =    257.900,    319.184      
# span 11 =     88.702,    109.916      
# span 12 = 0.0000e+00, 0.0000e+00      
# interval = meters: 0.5                
# start_time = May 07 2025 11:52:13 [NMEA time, header]
# bad_flag = -9.990e-29
*END*
[from data line 112]
       4931     57.036     7.7474   3.611177    -0.0043     2.5500     0.2306     56.500     56.500    35.1180    296.105     99.969 0.0000e+00
       4954     57.540     7.7450   3.610963     0.0061     2.5489     0.2341     57.000     57.000    35.1179    295.700     99.827 0.0000e+00
       4979     58.045     7.7435   3.610913     0.0076     2.5476     0.2370     57.500     57.500    35.1187    295.635     99.802 0.0000e+00
       5005     58.550     7.7397   3.610781    -0.0056     2.5462     0.2370     58.000     58.000    35.1207    295.411     99.719 0.0000e+00
       5029     59.055     7.7372   3.610666    -0.0117     2.5451     0.2335     58.500     58.500    35.1218    295.389     99.707 0.0000e+00
       5052     59.560     7.7325   3.610511    -0.0061     2.5442     0.2306     59.000     59.000    35.1246    295.573     99.761 0.0000e+00
       5074     60.064     7.7315   3.610415    -0.0042     2.5450     0.2324     59.500     59.500    35.1243    295.897     99.867 0.0000e+00
       5096     60.569     7.7323   3.610647    -0.0065     2.5452     0.2361     60.000     60.000    35.1257    295.763     99.825 0.0000e+00
       5120     61.074     7.7329   3.610774     0.0011     2.5451     0.2376     60.500     60.500    35.1263    295.660     99.792 0.0000e+00
       5146     61.579     7.7312   3.610855    -0.0007     2.5442     0.2356     61.000     61.000    35.1286    295.250     99.651 0.0000e+00
       5170     62.084     7.7274   3.610862    -0.0067     2.5423     0.2325     61.500     61.500    35.1323    294.899     99.527 0.0000e+00
       5193     62.589     7.7216   3.610301     0.0167     2.5404     0.2360     62.000     62.000    35.1318    294.755     99.465 0.0000e+00
       5215     63.093     7.7208   3.610166     0.0829     2.5393     0.2371     62.500     62.500    35.1309    294.825     99.486 0.0000e+00
       5238     63.598     7.7209   3.610220     0.0328     2.5387     0.2386     63.000     63.000    35.1312    294.811     99.481 0.0000e+00
       5262     64.103     7.7234   3.610579    -0.0072     2.5378     0.2453     63.500     63.500    35.1323    294.482     99.376 0.0000e+00
       5287     64.608     7.7237   3.610853    -0.0114     2.5358     0.2516     64.000     64.000    35.1347    294.232     99.295 0.0000e+00
       5313     65.113     7.7247   3.610972    -0.0039     2.5356     0.2502     64.500     64.500    35.1347    294.625     99.430 0.0000e+00
       5337     65.617     7.7219   3.611140    -0.0059     2.5353     0.2485     65.000     65.000    35.1391    294.131     99.259 0.0000e+00
       5358     66.122     7.7188   3.610806    -0.0053     2.5329     0.2489     65.500     65.500    35.1384    293.599     99.072 0.0000e+00
       5380     66.627     7.7185   3.610754    -0.0047     2.5316     0.2478     66.000     66.000    35.1378    294.088     99.236 0.0000e+00
       5404     67.132     7.7180   3.610715    -0.0066     2.5326     0.2479     66.500     66.500    35.1377    294.501     99.375 0.0000e+00
       5429     67.637     7.7168   3.610711    -0.0032     2.5329     0.2503     67.000     67.000    35.1386    294.314     99.309 0.0000e+00
       5455     68.142     7.7155   3.610596    -0.0056     2.5324     0.2538     67.500     67.500    35.1384    294.063     99.222 0.0000e+00
       5479     68.646     7.7120   3.610535     0.0021     2.5313     0.2538     68.000     68.000    35.1411    293.945     99.176 0.0000e+00
       5502     69.151     7.7079   3.610252     0.0034     2.5310     0.2531     68.500     68.500    35.1419    294.087     99.215 0.0000e+00
       5524     69.656     7.7035   3.610073     0.0009     2.5305     0.2509     69.000     69.000    35.1441    293.983     99.171 0.0000e+00
       5546     70.161     7.6988   3.609691    -0.0090     2.5299     0.2531     69.500     69.500    35.1445    293.975     99.158 0.0000e+00
       5571     70.666     7.6984   3.609616    -0.0134     2.5295     0.2544     70.000     70.000    35.1438    293.894     99.130 0.0000e+00
       5597     71.171     7.6931   3.609439    -0.0140     2.5282     0.2550     70.500     70.500    35.1470    293.386     98.949 0.0000e+00
       5622     71.676     7.6903   3.609059    -0.0141     2.5254     0.2599     71.000     71.000    35.1455    292.985     98.806 0.0000e+00
       5648     72.180     7.6833   3.608700    -0.0141     2.5244     0.2628     71.500     71.500    35.1485    293.642     99.014 0.0000e+00
       5672     72.685     7.6758   3.607942    -0.0141     2.5260     0.2666     72.000     72.000    35.1475    294.359     99.238 0.0000e+00
       5694     73.190     7.6728   3.607552    -0.0141     2.5278     0.2656     72.500     72.500    35.1461    294.523     99.286 0.0000e+00
       5717     73.695     7.6721   3.607456    -0.0141     2.5285     0.2663     73.000     73.000    35.1454    294.229     99.185 0.0000e+00
       5741     74.200     7.6702   3.607384    -0.0141     2.5277     0.2657     73.500     73.500    35.1464    293.923     99.078 0.0000e+00
       5766     74.705     7.6670   3.607161    -0.0141     2.5270     0.2633     74.000     74.000    35.1469    293.985     99.092 0.0000e+00
       5791     75.209     7.6623   3.606837    -0.0141     2.5268     0.2634     74.500     74.500    35.1479    293.981     99.081 0.0000e+00
       5816     75.714     7.6574   3.606461    -0.0141     2.5257     0.2662     75.000     75.000    35.1485    293.548     98.925 0.0000e+00
       5840     76.219     7.6508   3.605978    -0.0141     2.5239     0.2705     75.500     75.500    35.1497    293.388     98.857 0.0000e+00
       5863     76.724     7.6473   3.605588    -0.0141     2.5228     0.2743     76.000     76.000    35.1487    293.504     98.887 0.0000e+00
       5886     77.229     7.6466   3.605512    -0.0141     2.5224     0.2804     76.500     76.500    35.1484    293.351     98.834 0.0000e+00
       5910     77.734     7.6462   3.605508    -0.0141     2.5207     0.2837     77.000     77.000    35.1485    293.077     98.741 0.0000e+00
       5936     78.239     7.6464   3.605537    -0.0141     2.5200     0.2810     77.500     77.500    35.1484    293.341     98.830 0.0000e+00
       5962     78.743     7.6465   3.605605    -0.0141     2.5203     0.2823     78.000     78.000    35.1488    293.555     98.903 0.0000e+00
       5987     79.248     7.6466   3.605667    -0.0142     2.5209     0.2853     78.500     78.500    35.1491    293.557     98.904 0.0000e+00
       6011     79.753     7.6466   3.605698    -0.0146     2.5206     0.2832     79.000     79.000    35.1491    293.354     98.835 0.0000e+00
       6033     80.258     7.6467   3.605730    -0.0168     2.5200     0.2864     79.500     79.500    35.1491    293.248     98.800 0.0000e+00
       6055     80.763     7.6467   3.605773    -0.0246     2.5194     0.2878     80.000     80.000    35.1494    293.097     98.749 0.0000e+00
       6080     81.268     7.6468   3.605804    -0.0216     2.5181     0.2874     80.500     80.500    35.1494    293.003     98.718 0.0000e+00
       6105     81.773     7.6469   3.605851    -0.0271     2.5187     0.2882     81.000     81.000    35.1496    293.740     98.966 0.0000e+00
       6131     82.278     7.6467   3.605947    -0.0295     2.5205     0.2925     81.500     81.500    35.1505    293.715     98.958 0.0000e+00
       6156     82.782     7.6457   3.605970    -0.0202     2.5200     0.2922     82.000     82.000    35.1515    293.347     98.833 0.0000e+00
       6180     83.287     7.6434   3.605957    -0.0151     2.5193     0.2983     82.500     82.500    35.1534    293.172     98.770 0.0000e+00
       6203     83.792     7.6432   3.605963    -0.0157     2.5178     0.2994     83.000     83.000    35.1534    292.702     98.611 0.0000e+00
       6227     84.297     7.6431   3.605990    -0.0225     2.5157     0.3020     83.500     83.500    35.1536    292.534     98.554 0.0000e+00
       6252     84.802     7.6431   3.606008    -0.0216     2.5150     0.3081     84.000     84.000    35.1535    292.916     98.683 0.0000e+00
       6276     85.307     7.6429   3.606035    -0.0152     2.5155     0.3131     84.500     84.500    35.1538    292.989     98.707 0.0000e+00
       6300     85.812     7.6423   3.606045    -0.0147     2.5150     0.3175     85.000     85.000    35.1542    292.686     98.604 0.0000e+00
       6323     86.317     7.6424   3.606067    -0.0153     2.5139     0.3229     85.500     85.500    35.1542    292.496     98.540 0.0000e+00
       6347     86.822     7.6425   3.606098    -0.0197     2.5131     0.3252     86.000     86.000    35.1542    292.618     98.582 0.0000e+00
       6386     87.326     7.6427   3.606129    -0.0148     2.5133     0.3238     86.500     86.500    35.1540    292.727     98.618 0.0000e+00
       6648     87.831     7.6429   3.606163    -0.0127     2.5127     0.3278     87.000     87.000    35.1540    292.625     98.585 0.0000e+00
