Data/CTD_13.cnv
* Sea-Bird SBE 9 Data File:
* FileName = C:\Users\ctd-user\Desktop\CTD_data\OC4920\CTD_13.hex
* Software Version Seasave V 7.26.2.13
* Temperature SN = 6313
* Conductivity SN = 4758
* Number of Bytes Per Scan = 28
* Number of Voltage Words = 3
* Number of Scans Averaged by the Deck Unit = 1
* NMEA Latitude = 57 48.82 N
* NMEA Longitude = 010 46.28 E
* NMEA UTC (Time) = May 07 2025 12:13:01
** Station: test
** Operator: Operator 1
** Ship: 7720 Skagerak
** Cruise: 7720-2025-01
** Latitude [GG MM.mm N]:
** Longitude [GG MM.mm E]:
** Pumps: PrimaryPump: 1820 # SecondaryPump:
** EventIDs: EventID: 3decf26d-821b-4112-8042-a2c98b568458 # ParentEventID:
** Additional Sampling:
** Metadata admin: MPROG: Other # PROJ: Other # ORDERER: GU # SLABO: GU # ALABO: GU # REFSK: ingen
** Metadata conditions: WADEP: 10 # WINSP: 1 # WINDIR: 02 # AIRPRES: 1000 # AIRTEMP: 1 # WEATH: 9 # CLOUD: 9 # WAVES: 9 # ICEOB: 9 # COMNT_VISIT:
** LIMS Job:
# nquan = 13                                
# nvalues = 12669                       
# units = specified
# name 0 = scan: Scan Count
# name 1 = prDM: Pressure, Digiquartz [db]
# name 2 = t090C: Temperature [ITS-90, deg C]
# name 3 = c0S/m: Conductivity [S/m]
# name 4 = flECO-AFL: Fluorescence, WET Labs ECO-AFL/FL [mg/m^3]
# name 5 = sbeox0V: Oxygen raw, SBE 43 [V]
# name 6 = turbWETntu0: Turbidity, WET Labs ECO [NTU]
# name 7 = depSM: Depth [salt water, m]
# name 8 = depSM: Depth [salt water, m], lat = 57.8137
# name 9 = sal00: Salinity, Practical [PSU]
# name 10 = sbeox0Mm/L: Oxygen, SBE 43 [umol/l], WS = 2
# name 11 = sbeox0PS: Oxygen, SBE 43 [% saturation], WS = 2
# name 12 = flag: flag
# span 0 =          1,      12669       
# span 1 =     -1.542,     77.553       
# span 2 =     7.6595,    11.2821       
# span 3 =   0.024863,   3.656270       
# span 4 =    -0.4809,    48.2221       
# span 5 =     1.5563,     2.7554       
# span 6 =    -0.1078,     0.9491       
# span 7 =     -1.528,     76.821       
# span 8 =     -1.528,     76.821       
# span 9 =     0.1692,    35.2228       
# span 10 =    180.787,    315.028      
# span 11 =     50.751,    109.131      
# span 12 = 0.0000e+00, 0.0000e+00      
# interval = seconds: 0.0416667
# start_time = May 07 2025 12:13:01 [NMEA time, header]
# bad_flag = -9.990e-29
*END*
[from data line 5112]
       5113      4.786     9.1885   3.512840     2.6791     2.3047     0.2601      4.742      4.742    32.7152    244.402     83.894 -9.990e-29
       5114      4.785     9.1939   3.513444     2.6719     2.3031     0.2605      4.740      4.741    32.7165    244.192     83.832 -9.990e-29
       5115      4.784     9.1983   3.513937     2.6638     2.3015     0.2610      4.739      4.740    32.7175    243.987     83.771 -9.990e-29
       5116      4.785     9.2024   3.514442     2.6547     2.2999     0.2614      4.740      4.741    32.7190    243.783     83.709 -9.990e-29
       5117      4.786     9.2062   3.514874     2.6445     2.2983     0.2620      4.741      4.742    32.7200    243.582     83.647 -9.990e-29
       5118      4.786     9.2111   3.515316     2.6332     2.2968     0.2625      4.742      4.742    32.7200    243.389     83.590 -9.990e-29
       5119      4.786     9.2161   3.515752     2.6207     2.2952     0.2632      4.742      4.742    32.7200    243.183     83.529 -9.990e-29
       5120      4.786     9.2209   3.516188     2.6079     2.2936     0.2638      4.741      4.742    32.7201    242.976     83.467 -9.990e-29
       5121      4.786     9.2238   3.516540     2.5955     2.2920     0.2645      4.741      4.742    32.7210    242.778     83.404 -9.990e-29
       5122      4.786     9.2259   3.516806     2.5839     2.2904     0.2650      4.742      4.742    32.7219    242.582     83.341 -9.990e-29
       5123      4.786     9.2277   3.517030     2.5731     2.2889     0.2655      4.741      4.742    32.7225    242.401     83.283 -9.990e-29
       5124      4.787     9.2287   3.517303     2.5630     2.2874     0.2660      4.742      4.743    32.7244    242.219     83.223 -9.990e-29
       5125      4.788     9.2294   3.517500     2.5534     2.2859     0.2663      4.743      4.744    32.7258    242.038     83.163 -9.990e-29
       5126      4.788     9.2295   3.517617     2.5444     2.2844     0.2667      4.744      4.744    32.7270    241.862     83.104 -9.990e-29
       5127      4.788     9.2305   3.517737     2.5359     2.2829     0.2670      4.744      4.744    32.7273    241.685     83.045 -9.990e-29
       5128      4.788     9.2336   3.517930     2.5277     2.2814     0.2674      4.743      4.744    32.7264    241.501     82.987 -9.990e-29
       5129      4.789     9.2388   3.518195     2.5199     2.2799     0.2677      4.744      4.745    32.7244    241.310     82.929 -9.990e-29
       5130      4.790     9.2433   3.518488     2.5123     2.2785     0.2679      4.745      4.746    32.7233    241.137     82.878 -9.990e-29
       5131      4.791     9.2460   3.518714     2.5049     2.2770     0.2682      4.746      4.747    32.7232    240.958     82.821 -9.990e-29
       5132      4.792     9.2468   3.518911     2.4976     2.2756     0.2685      4.747      4.748    32.7245    240.799     82.769 -9.990e-29
       5133      4.793     9.2473   3.519123     2.4905     2.2741     0.2687      4.748      4.749    32.7262    240.628     82.711 -9.990e-29
       5134      4.793     9.2488   3.519350     2.4834     2.2726     0.2690      4.749      4.749    32.7272    240.453     82.654 -9.990e-29
       5135      4.795     9.2496   3.519558     2.4764     2.2712     0.2691      4.751      4.751    32.7286    240.293     82.602 -9.990e-29
       5136      4.799     9.2493   3.519797     2.4694     2.2697     0.2693      4.754      4.755    32.7313    240.122     82.544 -9.990e-29
       5137      4.800     9.2485   3.520022     2.4624     2.2682     0.2695      4.755      4.756    32.7344    239.952     82.486 -9.990e-29
       5138      4.800     9.2477   3.520176     2.4552     2.2668     0.2697      4.755      4.756    32.7367    239.798     82.433 -9.990e-29
       5139      4.800     9.2466   3.520324     2.4479     2.2654     0.2699      4.756      4.756    32.7392    239.645     82.379 -9.990e-29
       5140      4.799     9.2462   3.520509     2.4404     2.2640     0.2701      4.755      4.755    32.7415    239.490     82.326 -9.990e-29
       5141      4.798     9.2460   3.520624     2.4326     2.2627     0.2703      4.754      4.754    32.7429    239.347     82.278 -9.990e-29
       5142      4.798     9.2458   3.520681     2.4244     2.2613     0.2704      4.754      4.754    32.7437    239.190     82.224 -9.990e-29
       5143      4.798     9.2457   3.520714     2.4158     2.2599     0.2706      4.754      4.754    32.7441    239.033     82.170 -9.990e-29
       5144      4.798     9.2455   3.520746     2.4068     2.2585     0.2707      4.754      4.754    32.7446    238.875     82.115 -9.990e-29
       5145      4.799     9.2455   3.520833     2.3976     2.2572     0.2709      4.755      4.755    32.7455    238.728     82.065 -9.990e-29
       5146      4.801     9.2457   3.520837     2.3884     2.2558     0.2710      4.757      4.757    32.7454    238.566     82.010 -9.990e-29
       5147      4.802     9.2461   3.520855     2.3798     2.2544     0.2712      4.758      4.758    32.7452    238.401     81.954 -9.990e-29
       5148      4.802     9.2460   3.520893     2.3719     2.2529     0.2714      4.758      4.758    32.7457    238.223     81.893 -9.990e-29
       5149      4.804     9.2462   3.521022     2.3644     2.2515     0.2716      4.760      4.760    32.7468    238.056     81.836 -9.990e-29
       5150      4.805     9.2462   3.521208     2.3575     2.2502     0.2718      4.761      4.760    32.7487    237.904     81.785 -9.990e-29
       5151      4.805     9.2466   3.521474     2.3509     2.2490     0.2719      4.761      4.760    32.7511    237.761     81.738 -9.990e-29
       5152      4.805     9.2473   3.521904     2.3448     2.2478     0.2721      4.761      4.760    32.7549    237.614     81.691 -9.990e-29
       5153      4.806     9.2490   3.522292     2.3390     2.2466     0.2723      4.762      4.761    32.7574    237.463     81.643 -9.990e-29
       5154      4.807     9.2512   3.522676     2.3334     2.2454     0.2724      4.763      4.762    32.7593    237.309     81.595 -9.990e-29
       5155      4.808     9.2534   3.523042     2.3281     2.2441     0.2726      4.764      4.763    32.7611    237.143     81.543 -9.990e-29
       5156      4.811     9.2560   3.523255     2.3230     2.2427     0.2728      4.767      4.766    32.7609    236.964     81.486 -9.990e-29
       5157      4.813     9.2591   3.523382     2.3181     2.2413     0.2730      4.769      4.768    32.7594    236.786     81.429 -9.990e-29
       5158      4.816     9.2615   3.523465     2.3132     2.2399     0.2732      4.771      4.771    32.7580    236.610     81.372 -9.990e-29
       5159      4.817     9.2639   3.523496     2.3083     2.2385     0.2735      4.773      4.772    32.7561    236.433     81.315 -9.990e-29
       5160      4.819     9.2677   3.523513     2.3035     2.2372     0.2737      4.775      4.774    32.7528    236.264     81.262 -9.990e-29
       5161      4.821     9.2727   3.523482     2.2986     2.2359     0.2739      4.776      4.776    32.7479    236.090     81.208 -9.990e-29
       5162      4.822     9.2738   3.523524     2.2937     2.2347     0.2742      4.778      4.777    32.7473    235.941     81.159 -9.990e-29
       5163      4.824     9.2741   3.523475     2.2887     2.2334     0.2744      4.780      4.779    32.7465    235.781     81.104 -9.990e-29
       5164      4.826     9.2742   3.523544     2.2836     2.2322     0.2747      4.782      4.781    32.7472    235.634     81.054 -9.990e-29
       5165      4.829     9.2740   3.523629     2.2783     2.2309     0.2749      4.784      4.784    32.7482    235.474     80.999 -9.990e-29
       5166      4.831     9.2733   3.523806     2.2728     2.2296     0.2752      4.786      4.786    32.7507    235.313     80.944 -9.990e-29
       5167      4.833     9.2730   3.524055     2.2671     2.2283     0.2756      4.788      4.788    32.7535    235.147     80.888 -9.990e-29
       5168      4.835     9.2756   3.524322     2.2611     2.2270     0.2759      4.790      4.790    32.7539    234.968     80.831 -9.990e-29
       5169      4.837     9.2800   3.524589     2.2547     2.2258     0.2763      4.792      4.792    32.7526    234.794     80.778 -9.990e-29
       5170      4.839     9.2847   3.524768     2.2480     2.2245     0.2767      4.794      4.794    32.7502    234.607     80.721 -9.990e-29
       5171      4.842     9.2886   3.524910     2.2413     2.2232     0.2771      4.797      4.797    32.7481    234.423     80.663 -9.990e-29
       5172      4.843     9.2913   3.525046     2.2348     2.2219     0.2775      4.798      4.798    32.7470    234.243     80.606 -9.990e-29
       5173      4.846     9.2931   3.525251     2.2286     2.2207     0.2778      4.800      4.801    32.7474    234.079     80.553 -9.990e-29
       5174      4.849     9.2935   3.525384     2.2227     2.2195     0.2781      4.803      4.804    32.7485    233.920     80.499 -9.990e-29
       5175      4.851     9.2921   3.525482     2.2170     2.2182     0.2783      4.806      4.806    32.7507    233.756     80.442 -9.990e-29
       5176      4.854     9.2909   3.525616     2.2116     2.2170     0.2785      4.809      4.809    32.7532    233.607     80.390 -9.990e-29
       5177      4.857     9.2901   3.525798     2.2062     2.2157     0.2786      4.812      4.812    32.7558    233.445     80.334 -9.990e-29
       5178      4.860     9.2901   3.525989     2.2011     2.2145     0.2787      4.815      4.815    32.7578    233.297     80.284 -9.990e-29
       5179      4.862     9.2898   3.526203     2.1960     2.2133     0.2787      4.817      4.817    32.7603    233.152     80.235 -9.990e-29
       5180      4.865     9.2902   3.526378     2.1910     2.2122     0.2786      4.820      4.820    32.7617    233.020     80.191 -9.990e-29
       5181      4.868     9.2908   3.526566     2.1859     2.2110     0.2785      4.823      4.823    32.7631    232.873     80.142 -9.990e-29
       5182      4.871     9.2914   3.526759     2.1809     2.2098     0.2784      4.826      4.826    32.7646    232.725     80.093 -9.990e-29
       5183      4.874     9.2919   3.526929     2.1757     2.2086     0.2782      4.829      4.829    32.7659    232.575     80.043 -9.990e-29
       5184      4.876     9.2923   3.527009     2.1704     2.2073     0.2779      4.831      4.831    32.7663    232.411     79.987 -9.990e-29
       5185      4.878     9.2927   3.527084     2.1648     2.2061     0.2776      4.833      4.833    32.7667    232.259     79.936 -9.990e-29
       5186      4.882     9.2926   3.527198     2.1590     2.2049     0.2772      4.837      4.837    32.7680    232.109     79.885 -9.990e-29
       5187      4.884     9.2927   3.527354     2.1529     2.2036     0.2768      4.839      4.839    32.7695    231.944     79.829 -9.990e-29
       5188      4.886     9.2921   3.527537     2.1464     2.2024     0.2762      4.841      4.841    32.7719    231.795     79.778 -9.990e-29
       5189      4.887     9.2915   3.527726     2.1396     2.2012     0.2755      4.842      4.842    32.7744    231.646     79.727 -9.990e-29
       5190      4.889     9.2911   3.527887     2.1324     2.1999     0.2747      4.844      4.844    32.7765    231.482     79.670 -9.990e-29
       5191      4.892     9.2904   3.527999     2.1247     2.1986     0.2739      4.847      4.847    32.7783    231.318     79.614 -9.990e-29
       5192      4.894     9.2903   3.528060     2.1165     2.1973     0.2729      4.849      4.849    32.7790    231.152     79.557 -9.990e-29
       5193      4.896     9.2898   3.527989     2.1078     2.1960     0.2719      4.851      4.851    32.7787    230.988     79.499 -9.990e-29
       5194      4.899     9.2897   3.527938     2.0985     2.1948     0.2708      4.854      4.854    32.7783    230.838     79.447 -9.990e-29
       5195      4.903     9.2897   3.527792     2.0885     2.1936     0.2695      4.857      4.858    32.7768    230.688     79.395 -9.990e-29
       5196      4.906     9.2893   3.527557     2.0781     2.1925     0.2681      4.860      4.861    32.7747    230.555     79.348 -9.990e-29
       5197      4.908     9.2895   3.527306     2.0679     2.1914     0.2668      4.862      4.863    32.7719    230.418     79.299 -9.990e-29
       5198      4.910     9.2894   3.526960     2.0585     2.1902     0.2656      4.865      4.865    32.7685    230.271     79.247 -9.990e-29
       5199      4.912     9.2895   3.526609     2.0500     2.1891     0.2645      4.867      4.866    32.7647    230.139     79.199 -9.990e-29
       5200      4.913     9.2898   3.526140     2.0422     2.1880     0.2635      4.868      4.867    32.7596    230.010     79.153 -9.990e-29
       5201      4.913     9.2901   3.525428     2.0351     2.1869     0.2626      4.868      4.867    32.7520    229.887     79.107 -9.990e-29
       5202      4.915     9.2899   3.524457     2.0286     2.1858     0.2618      4.869      4.869    32.7422    229.768     79.061 -9.990e-29
       5203      4.917     9.2903   3.523238     2.0227     2.1847     0.2611      4.871      4.871    32.7292    229.653     79.016 -9.990e-29
       5204      4.918     9.2906   3.521667     2.0173     2.1836     0.2605      4.872      4.872    32.7127    229.546     78.971 -9.990e-29
       5205      4.920     9.2905   3.519609     2.0124     2.1825     0.2599      4.874      4.874    32.6916    229.450     78.927 -9.990e-29
       5206      4.921     9.2906   3.516841     2.0080     2.1814     0.2595      4.876      4.875    32.6629    229.366     78.883 -9.990e-29
       5207      4.922     9.2909   3.512823     2.0040     2.1802     0.2591      4.877      4.876    32.6212    229.287     78.836 -9.990e-29
       5208      4.924     9.2908   3.507287     2.0005     2.1790     0.2587      4.879      4.878    32.5642    229.231     78.787 -9.990e-29
       5209      4.925     9.2909   3.500307     1.9973     2.1778     0.2583      4.880      4.879    32.4921    229.194     78.738 -9.990e-29
       5210      4.926     9.2908   3.491873     1.9944     2.1767     0.2580      4.881      4.880    32.4053    229.192     78.693 -9.990e-29
       5211      4.927     9.2907   3.482561     1.9920     2.1755     0.2578      4.882      4.881    32.3094    229.189     78.643 -9.990e-29
       5212      4.930     9.2905   3.470904     1.9898     2.1744     0.2575      4.885      4.884    32.1895    229.234     78.598 -9.990e-29
       5213      4.931     9.2904   3.457015     1.9879     2.1732     0.2573      4.886      4.885    32.0466    229.298     78.547 -9.990e-29
       5214      4.931     9.2906   3.440026     1.9864     2.1720     0.2572      4.886      4.885    31.8717    229.408     78.496 -9.990e-29
       5215      4.932     9.2912   3.421076     1.9851     2.1708     0.2571      4.887      4.886    31.6764    229.543     78.445 -9.990e-29
       5216      4.933     9.2918   3.402585     1.9841     2.1697     0.2571      4.888      4.887    31.4860    229.685     78.398 -9.990e-29
       5217      4.934     9.2925   3.385744     1.9833     2.1685     0.2572      4.889      4.888    31.3126    229.784     78.346 -9.990e-29
       5218      4.934     9.2932   3.371752     1.9829     2.1674     0.2574      4.889      4.888    31.1685    229.851     78.297 -9.990e-29
       5219      4.935     9.2938   3.365385     1.9826     2.1663     0.2575      4.890      4.889    31.1027    229.803     78.248 -9.990e-29
       5220      4.935     9.2932   3.362788     1.9827     2.1652     0.2578      4.890      4.889    31.0766    229.701     78.200 -9.990e-29
       5221      4.935     9.2919   3.362015     1.9830     2.1640     0.2580      4.889      4.889    31.0698    229.562     78.147 -9.990e-29
       5222      4.934     9.2912   3.361383     1.9835     2.1629     0.2583      4.889      4.888    31.0639    229.434     78.099 -9.990e-29
