Data/CTD_02_avg.cnv
* Sea-Bird SBE 9 Data File:
* FileName = C:\Users\ctd-user\Desktop\CTD_data\OC4920\CTD_02.hex
* Software Version Seasave V 7.26.2.13
* Temperature SN = 6313
* Conductivity SN = 4758
* Number of Bytes Per Scan = 28
* Number of Voltage Words = 3
* Number of Scans Averaged by the Deck Unit = 1
* NMEA Latitude = 57 23.27 N
* NMEA Longitude = 010 54.87 E
* NMEA UTC (Time) = May 06 2025 11:38:10
** Station: test
** Operator: Operator 1
** Ship: 7720 Skagerak
** Cruise: 7720-2025-01
** Latitude [GG MM.mm N]:
** Longitude [GG MM.mm E]:
** Pumps: PrimaryPump: 1820 # SecondaryPump:
** EventIDs: EventID: 3decf26d-821b-4112-8042-a2c98b568458 # ParentEventID:
** Additional Sampling:
** Metadata admin: MPROG: Other # PROJ: Other # ORDERER: GU # SLABO: GU # ALABO: GU # REFSK: ingen
** Metadata conditions: WADEP: 10 # WINSP: 1 # WINDIR: 02 # AIRPRES: 1000 # AIRTEMP: 1 # WEATH: 9 # CLOUD: 9 # WAVES: 9 # ICEOB: 9 # COMNT_VISIT:
** LIMS Job:
# nquan = 13
# nvalues = 17                          
# units = specified
# name 0 = scan: Scan Count
# name 1 = prDM: Pressure, Digiquartz [db]
# name 2 = t090C: Temperature [ITS-90, deg C]
# name 3 = c0S/m: Conductivity [S/m]
# name 4 = flECO-AFL: Fluorescence, WET Labs ECO-AFL/FL [mg/m^3]
# name 5 = sbeox0V: Oxygen raw, SBE 43 [V]
# name 6 = turbWETntu0: Turbidity, WET Labs ECO [NTU]
# name 7 = depSM: Depth [salt water, m]
# name 8 = depSM: Depth [salt water, m], lat = 57.3878
# name 9 = sal00: Salinity, Practical [PSU]
# name 10 = sbeox0Mm/L: Oxygen, SBE 43 [umol/l], WS = 2
# name 11 = sbeox0PS: Oxygen, SBE 43 [% saturation], WS = 2
# name 12 = flag: flag
# span 0 =       3007,       6260       
# span 1 =      0.505,      8.579       
# span 2 =     9.6757,    10.7763       
# span 3 =   2.822861,   3.348776       
# span 4 =     0.1769,     3.2393       
# span 5 =     2.0604,     2.7587       
# span 6 =     0.2581,     0.3407       
# span 7 =      0.500,      8.500       
# span 8 =      0.500,      8.500       
# span 9 =    24.6059,    30.6033       
# span 10 =    224.428,    320.786      
# span 11 =     74.990,    109.168      
# span 12 = 0.0000e+00, 0.0000e+00      
# interval = meters: 0.5                
# start_time = May 06 2025 11:38:10 [NMEA time, header]
# bad_flag = -9.990e-29
*END*
       3007      0.505    10.7689   2.826435     0.1769     2.3521     0.3300      0.500      0.500    24.6260    256.252     86.477 0.0000e+00
       3086      1.009    10.7763   2.825565     0.1946     2.2527     0.3248      1.000      1.000    24.6125    244.217     82.422 0.0000e+00
       3139      1.514    10.7756   2.824964     0.2135     2.2041     0.3287      1.500      1.500    24.6070    239.854     80.945 0.0000e+00
       3172      2.019    10.7736   2.824730     0.2373     2.1847     0.3407      2.000      2.000    24.6059    237.346     80.095 0.0000e+00
       3213      2.523    10.7611   2.824379     0.2543     2.1600     0.3326      2.500      2.500    24.6108    234.232     79.025 0.0000e+00
       3266      3.028    10.5485   2.823634     0.2868     2.1351     0.3287      3.000      3.000    24.7471    231.648     77.858 0.0000e+00
       3410      3.533    10.2224   2.822861     0.3710     2.0649     0.3262      3.500      3.500    24.9615    224.428     74.990 0.0000e+00
       3550      4.037    10.0614   2.828353     0.5792     2.0604     0.3013      4.000      4.000    25.1262    226.278     75.419 0.0000e+00
       5085      4.542     9.9821   3.161528     0.8278     2.7270     0.2581      4.500      4.500    28.4654    320.786    108.904 0.0000e+00
       5798      5.047    10.0681   3.199947     1.0441     2.7417     0.2813      5.000      5.000    28.7878    317.517    108.359 0.0000e+00
       5870      5.551    10.0940   3.249029     1.5098     2.7494     0.2657      5.500      5.500    29.2555    317.629    108.781 0.0000e+00
       5924      6.056    10.0334   3.265459     1.6509     2.7534     0.3005      6.000      6.000    29.4685    318.233    108.991 0.0000e+00
       5973      6.561     9.8506   3.320678     1.9930     2.7580     0.2775      6.500      6.500    30.1735    318.590    109.168 0.0000e+00
       6034      7.065     9.7039   3.346363     2.5824     2.7587     0.2897      7.000      7.000    30.5555    318.671    109.111 0.0000e+00
       6072      7.570     9.6886   3.346055     3.1872     2.7560     0.3202      7.500      7.500    30.5652    317.924    108.825 0.0000e+00
       6141      8.075     9.6903   3.346911     3.2393     2.7556     0.3183      8.000      8.000    30.5722    318.496    109.030 0.0000e+00
       6260      8.579     9.6757   3.348776     3.1583     2.7534     0.3162      8.500      8.500    30.6033    318.106    108.883 0.0000e+00
