Data/CTD_01_avg.cnv
* Sea-Bird SBE 9 Data File:
* FileName = C:\Users\ctd-user\Desktop\CTD_data\OC4920\CTD_01.hex
* Software Version Seasave V 7.26.2.13
* Temperature SN = 6313
* Conductivity SN = 4758
* Number of Bytes Per Scan = 28
* Number of Voltage Words = 3
* Number of Scans Averaged by the Deck Unit = 1
* NMEA Latitude = 57 33.55 N
* NMEA Longitude = 011 31.36 E
* NMEA UTC (Time) = May 06 2025 09:08:45
** Station: test
** Operator: Operator 1
** Ship: 7720 Skagerak
** Cruise: 7720-2025-01
** Latitude [GG MM.mm N]:
** Longitude [GG MM.mm E]:
** Pumps: PrimaryPump: 1820 # SecondaryPump:
** EventIDs: EventID: 3decf26d-821b-4112-8042-a2c98b568458 # ParentEventID:
** Additional Sampling:
** Metadata admin: MPROG: Other # PROJ: Other # ORDERER: GU # SLABO: GU # ALABO: GU # REFSK: ingen
** Metadata conditions: WADEP: 10 # WINSP: 1 # WINDIR: 02 # AIRPRES: 1000 # AIRTEMP: 1 # WEATH: 9 # CLOUD: 9 # WAVES: 9 # ICEOB: 9 # COMNT_VISIT:
** LIMS Job:
# nquan = 18
# nvalues = 137                         
# units = specified
# name 0 = scan: Scan Count
# name 1 = prDM: Pressure, Digiquartz [db]
# name 2 = t090C: Temperature [ITS-90, deg C]
# name 3 = c0S/m: Conductivity [S/m]
# name 4 = flECO-AFL: Fluorescence, WET Labs ECO-AFL/FL [mg/m^3]
# name 5 = sbeox0V: Oxygen raw, SBE 43 [V]
# name 6 = turbWETntu0: Turbidity, WET Labs ECO [NTU]
# name 7 = depSM: Depth [salt water, m]
# name 8 = depSM: Depth [salt water, m], lat = 57.5592
# name 9 = sal00: Salinity, Practical [PSU]
# name 10 = sbeox0Mg/L: Oxygen, SBE 43 [mg/l], WS = 2
# name 11 = sbeox0Mm/L: Oxygen, SBE 43 [umol/l], WS = 2
# name 12 = sbeox0PS: Oxygen, SBE 43 [% saturation], WS = 2
# name 13 = depSM: Depth [salt water, m], lat = 57.5592
# name 14 = sal00: Salinity, Practical [PSU]
# name 15 = sbeox0Mm/L: Oxygen, SBE 43 [umol/l], WS = 2
# name 16 = sbeox0PS: Oxygen, SBE 43 [% saturation], WS = 2
# name 17 = flag: flag
# span 0 =       5266,       9955       
# span 1 =      0.505,     69.150       
# span 2 =     7.3924,    10.6829       
# span 3 =   2.889585,   3.548794       
# span 4 =     0.0779,     4.2682       
# span 5 =     2.3727,     2.7184       
# span 6 =     0.1927,     0.4152       
# span 7 =      0.500,     68.500       
# span 8 =      0.500,     68.500       
# span 9 =    25.2917,    34.6022       
# span 10 =     8.6251,    10.1241      
# span 11 =    269.538,    316.383      
# span 12 =     90.846,    107.057      
# span 13 =      0.500,     68.500      
# span 14 =    25.2917,    34.6022      
# span 15 =    269.538,    316.383      
# span 16 =     90.846,    107.057      
# span 17 = 0.0000e+00, 0.0000e+00      
# interval = meters: 0.5                
# start_time = May 06 2025 09:08:45 [NMEA time, header]
# bad_flag = -9.990e-29
*END*
[from data line 81]
       7126     41.386     7.6210   3.526276     0.2203     2.4127     0.2998     41.000     41.000    34.3328     8.9227    278.837     93.390     41.000    34.3328    278.837     93.390 0.0000e+00
       7148     41.891     7.6527   3.529433     0.2194     2.4151     0.3030     41.500     41.500    34.3354     8.9268    278.968     93.502     41.500    34.3354    278.968     93.502 0.0000e+00
       7172     42.396     7.7142   3.534537     0.1988     2.4174     0.3026     42.000     42.000    34.3296     8.9250    278.910     93.609     42.000    34.3296    278.910     93.609 0.0000e+00
       7196     42.900     7.7358   3.542334     0.1592     2.4200     0.3033     42.500     42.500    34.3922     8.9271    278.975     93.715     42.500    34.3922    278.975     93.715 0.0000e+00
       7218     43.405     7.7307   3.543263     0.1198     2.4213     0.3063     43.000     43.000    34.4071     8.9244    278.892     93.686     43.000    34.4071    278.892     93.686 0.0000e+00
       7239     43.910     7.7183   3.542828     0.1006     2.4220     0.3066     43.500     43.500    34.4144     8.9214    278.799     93.633     43.500    34.4144    278.799     93.633 0.0000e+00
       7262     44.415     7.7142   3.542516     0.1115     2.4217     0.3077     44.000     44.000    34.4149     8.9167    278.650     93.574     44.000    34.4149    278.650     93.574 0.0000e+00
       7286     44.919     7.7116   3.543428     0.0882     2.4213     0.3114     44.500     44.500    34.4270     8.9148    278.590     93.556     44.500    34.4270    278.590     93.556 0.0000e+00
       7308     45.424     7.7015   3.543281     0.0841     2.4207     0.3081     45.000     45.000    34.4352     8.9146    278.584     93.538     45.000    34.4352    278.584     93.538 0.0000e+00
       7330     45.929     7.6935   3.542555     0.0998     2.4207     0.3063     45.500     45.500    34.4350     8.9197    278.744     93.574     45.500    34.4350    278.744     93.574 0.0000e+00
       7354     46.434     7.6798   3.542031     0.1017     2.4203     0.3054     46.000     46.000    34.4427     8.9155    278.614     93.507     46.000    34.4427    278.614     93.507 0.0000e+00
       7378     46.939     7.6455   3.540377     0.0982     2.4194     0.3057     46.500     46.500    34.4585     8.9159    278.625     93.447     46.500    34.4585    278.625     93.447 0.0000e+00
       7402     47.443     7.6173   3.538322     0.1043     2.4183     0.3087     47.000     47.000    34.4639     8.9218    278.809     93.453     47.000    34.4639    278.809     93.453 0.0000e+00
       7423     47.948     7.6033   3.537563     0.1051     2.4185     0.3082     47.500     47.500    34.4693     8.9276    278.991     93.487     47.500    34.4693    278.991     93.487 0.0000e+00
       7443     48.453     7.5824   3.536979     0.0976     2.4177     0.3054     48.000     48.000    34.4835     8.9156    278.617     93.327     48.000    34.4835    278.617     93.327 0.0000e+00
       7465     48.958     7.5677   3.536296     0.0926     2.4156     0.3124     48.500     48.500    34.4904     8.9127    278.527     93.269     48.500    34.4904    278.527     93.269 0.0000e+00
       7490     49.462     7.5675   3.536332     0.0814     2.4158     0.3147     49.000     49.000    34.4908     8.9341    279.195     93.493     49.000    34.4908    279.195     93.493 0.0000e+00
       7517     49.967     7.5616   3.536569     0.0779     2.4166     0.3163     49.500     49.500    34.4990     8.9275    278.990     93.417     49.500    34.4990    278.990     93.417 0.0000e+00
       7540     50.472     7.5513   3.536005     0.0780     2.4154     0.3186     50.000     50.000    34.5028     8.9198    278.747     93.316     50.000    34.5028    278.747     93.316 0.0000e+00
       7560     50.977     7.5481   3.535745     0.0798     2.4149     0.3267     50.500     50.500    34.5030     8.9256    278.931     93.371     50.500    34.5030    278.931     93.371 0.0000e+00
       7579     51.482     7.5367   3.535543     0.0878     2.4151     0.3295     51.000     51.000    34.5119     8.9355    279.237     93.455     51.000    34.5119    279.237     93.455 0.0000e+00
       7600     51.986     7.5227   3.534711     0.0953     2.4157     0.3277     51.500     51.500    34.5165     8.9443    279.512     93.520     51.500    34.5165    279.512     93.520 0.0000e+00
       7626     52.491     7.5243   3.533957     0.0955     2.4166     0.3255     52.000     52.000    34.5065     8.9456    279.553     93.531     52.000    34.5065    279.553     93.531 0.0000e+00
       7653     52.996     7.5192   3.534296     0.0893     2.4163     0.3268     52.500     52.500    34.5150     8.9325    279.146     93.389     52.500    34.5150    279.146     93.389 0.0000e+00
       7678     53.501     7.5202   3.534078     0.0871     2.4146     0.3265     53.000     53.000    34.5114     8.9191    278.726     93.248     53.000    34.5114    278.726     93.248 0.0000e+00
       7700     54.006     7.5203   3.534651     0.0940     2.4132     0.3538     53.500     53.500    34.5172     8.9162    278.637     93.222     53.500    34.5172    278.637     93.222 0.0000e+00
       7720     54.510     7.4933   3.534427     0.0955     2.4124     0.4010     54.000     54.000    34.5414     8.9164    278.641     93.181     54.000    34.5414    278.641     93.181 0.0000e+00
       7741     55.015     7.4823   3.533466     0.0961     2.4106     0.3609     54.500     54.500    34.5417     8.9027    278.214     93.016     54.500    34.5417    278.214     93.016 0.0000e+00
       7764     55.520     7.4646   3.532706     0.0965     2.4085     0.3406     55.000     55.000    34.5508     8.9091    278.412     93.050     55.000    34.5508    278.412     93.050 0.0000e+00
       7786     56.025     7.4529   3.531571     0.0966     2.4084     0.3535     55.500     55.500    34.5499     8.9143    278.574     93.079     55.500    34.5499    278.574     93.079 0.0000e+00
       7809     56.529     7.4347   3.530600     0.0965     2.4069     0.3524     56.000     56.000    34.5572     8.9017    278.182     92.914     56.000    34.5572    278.182     92.914 0.0000e+00
       7833     57.034     7.4237   3.529563     0.0974     2.4052     0.3410     56.500     56.500    34.5567     8.9028    278.215     92.901     56.500    34.5567    278.215     92.901 0.0000e+00
       7858     57.539     7.4161   3.528867     0.1034     2.4046     0.3394     57.000     57.000    34.5564     8.9075    278.365     92.935     57.000    34.5564    278.365     92.935 0.0000e+00
       7883     58.044     7.4114   3.528631     0.1056     2.4038     0.3436     57.500     57.500    34.5584     8.9031    278.225     92.879     57.500    34.5584    278.225     92.879 0.0000e+00
       7905     58.549     7.4079   3.528730     0.0995     2.4032     0.3493     58.000     58.000    34.5626     8.9057    278.309     92.903     58.000    34.5626    278.309     92.903 0.0000e+00
       7925     59.053     7.4052   3.528994     0.1022     2.4032     0.3558     58.500     58.500    34.5679     8.9119    278.500     92.964     58.500    34.5679    278.500     92.964 0.0000e+00
       7945     59.558     7.4032   3.529062     0.1100     2.4036     0.3611     59.000     59.000    34.5705     8.9207    278.777     93.054     59.000    34.5705    278.777     93.054 0.0000e+00
       7966     60.063     7.4022   3.529085     0.1136     2.4048     0.3606     59.500     59.500    34.5715     8.9339    279.187     93.189     59.500    34.5715    279.187     93.189 0.0000e+00
       7990     60.568     7.4018   3.529046     0.1153     2.4062     0.3676     60.000     60.000    34.5712     8.9265    278.957     93.111     60.000    34.5712    278.957     93.111 0.0000e+00
       8015     61.073     7.4007   3.529043     0.1217     2.4048     0.3780     60.500     60.500    34.5720     8.9037    278.244     92.872     60.500    34.5720    278.244     92.872 0.0000e+00
       8039     61.577     7.3992   3.529105     0.1144     2.4030     0.3821     61.000     61.000    34.5739     8.8989    278.094     92.820     61.000    34.5739    278.094     92.820 0.0000e+00
       8062     62.082     7.3964   3.529234     0.1075     2.4018     0.3768     61.500     61.500    34.5778     8.8996    278.115     92.823     61.500    34.5778    278.115     92.823 0.0000e+00
       8084     62.587     7.3950   3.529404     0.1130     2.4014     0.3751     62.000     62.000    34.5808     8.9055    278.299     92.884     62.000    34.5808    278.299     92.884 0.0000e+00
       8106     63.092     7.3944   3.529373     0.1155     2.4014     0.3821     62.500     62.500    34.5809     8.9003    278.138     92.828     62.500    34.5809    278.138     92.828 0.0000e+00
       8128     63.597     7.3927   3.529512     0.1242     2.4000     0.3802     63.000     63.000    34.5838     8.8882    277.759     92.700     63.000    34.5838    277.759     92.700 0.0000e+00
       8150     64.102     7.3928   3.529788     0.1464     2.3988     0.3912     63.500     63.500    34.5865     8.8852    277.668     92.672     63.500    34.5865    277.668     92.672 0.0000e+00
       8172     64.606     7.3925   3.530072     0.1378     2.3979     0.3976     64.000     64.000    34.5897     8.8932    277.916     92.756     64.000    34.5897    277.916     92.756 0.0000e+00
       8196     65.111     7.3924   3.530168     0.1207     2.3990     0.4049     64.500     64.500    34.5905     8.9095    278.424     92.926     64.500    34.5905    278.424     92.926 0.0000e+00
       8222     65.616     7.3933   3.530342     0.1060     2.3997     0.3955     65.000     65.000    34.5913     8.8906    277.836     92.732     65.000    34.5913    277.836     92.732 0.0000e+00
       8245     66.121     7.3964   3.530573     0.1084     2.3971     0.3943     65.500     65.500    34.5904     8.8712    277.229     92.535     65.500    34.5904    277.229     92.535 0.0000e+00
       8266     66.626     7.3998   3.531303     0.1156     2.3963     0.4062     66.000     66.000    34.5947     8.8851    277.664     92.690     66.000    34.5947    277.664     92.690 0.0000e+00
       8286     67.130     7.3984   3.531583     0.1285     2.3969     0.4152     66.500     66.500    34.5990     8.8978    278.059     92.821     66.500    34.5990    278.059     92.821 0.0000e+00
       8307     67.635     7.3974   3.531169     0.1493     2.3979     0.4132     67.000     67.000    34.5952     8.9037    278.245     92.879     67.000    34.5952    278.245     92.879 0.0000e+00
       8331     68.140     7.3996   3.531355     0.1384     2.3984     0.4082     67.500     67.500    34.5948     8.8976    278.055     92.820     67.500    34.5948    278.055     92.820 0.0000e+00
       8406     68.645     7.4018   3.531825     0.1305     2.3967     0.3938     68.000     68.000    34.5974     8.8832    277.605     92.676     68.000    34.5974    277.605     92.676 0.0000e+00
       9955     69.150     7.4078   3.532836     0.1233     2.3936     0.3849     68.500     68.500    34.6022     8.8796    277.493     92.654     68.500    34.6022    277.493     92.654 0.0000e+00
