Data/CTD_13_avg.cnv
* Sea-Bird SBE 9 Data File:
* FileName = C:\Users\ctd-user\Desktop\CTD_data\OC4920\CTD_13.hex
* Software Version Seasave V 7.26.2.13
* Temperature SN = 6313
* Conductivity SN = 4758
* Number of Bytes Per Scan = 28
* Number of Voltage Words = 3
* Number of Scans Averaged by the Deck Unit = 1
* NMEA Latitude = 57 48.82 N
* NMEA Longitude = 010 46.28 E
* NMEA UTC (Time) = May 07 2025 12:13:01
** Station: test
** Operator: Operator 1
** Ship: 7720 Skagerak
** Cruise: 7720-2025-01
** Latitude [GG MM.mm N]:
** Longitude [GG MM.mm E]:
** Pumps: PrimaryPump: 1820 # SecondaryPump:
** EventIDs: EventID: 3decf26d-821b-4112-8042-a2c98b568458 # ParentEventID:
** Additional Sampling:
** Metadata admin: MPROG: Other # PROJ: Other # ORDERER: GU # SLABO: GU # ALABO: GU # REFSK: ingen
** Metadata conditions: WADEP: 10 # WINSP: 1 # WINDIR: 02 # AIRPRES: 1000 # AIRTEMP: 1 # WEATH: 9 # CLOUD: 9 # WAVES: 9 # ICEOB: 9 # COMNT_VISIT:
** LIMS Job:
# nquan = 13
# nvalues = 154                         
# units = specified
# name 0 = scan: Scan Count
# name 1 = prDM: Pressure, Digiquartz [db]
# name 2 = t090C: Temperature [ITS-90, deg C]
# name 3 = c0S/m: Conductivity [S/m]
# name 4 = flECO-AFL: Fluorescence, WET Labs ECO-AFL/FL [mg/m^3]
# name 5 = sbeox0V: Oxygen raw, SBE 43 [V]
# name 6 = turbWETntu0: Turbidity, WET Labs ECO [NTU]
# name 7 = depSM: Depth [salt water, m]
# name 8 = depSM: Depth [salt water, m], lat = 57.8137
# name 9 = sal00: Salinity, Practical [PSU]
# name 10 = sbeox0Mm/L: Oxygen, SBE 43 [umol/l], WS = 2
# name 11 = sbeox0PS: Oxygen, SBE 43 [% saturation], WS = 2
# name 12 = flag: flag
# span 0 =       4767,      12714       
# span 1 =      0.505,     77.734       
# span 2 =     7.6597,    10.5457       
# span 3 =   2.249191,   3.834305       
# span 4 =     0.0037,     3.0234       
# span 5 =     1.8330,     2.6221       
# span 6 =     0.1912,     0.8585       
# span 7 =      0.500,     77.000       
# span 8 =      0.500,     77.000       
# span 9 =    19.9303,    35.8717       
# span 10 =    197.936,    303.634      
# span 11 =     66.235,    103.888      
# span 12 = 0.0000e+00, 0.0000e+00      
# interval = meters: 0.5                
# start_time = May 07 2025 12:13:01 [NMEA time, header]
# bad_flag = -9.990e-29
*END*
[from data line 112]
      11636     57.035     7.8611   3.619267     0.0437     2.5857     0.2057     56.500     56.500    35.0910    301.410    102.003 0.0000e+00
      11659     57.540     7.8645   3.618868     0.0577     2.5895     0.2049     57.000     57.000    35.0830    301.975    102.197 0.0000e+00
      11680     58.045     7.8750   3.619769     0.1051     2.5908     0.2045     57.500     57.500    35.0819    301.640    102.107 0.0000e+00
      11702     58.550     7.9628   3.623518     0.0915     2.5919     0.2043     58.000     58.000    35.0339    301.160    102.114 0.0000e+00
      11723     59.055     8.0520   3.637738     0.0816     2.5923     0.2043     58.500     58.500    35.0971    300.183    102.029 0.0000e+00
      11745     59.560     8.1146   3.643273     0.1094     2.5915     0.2011     59.000     59.000    35.0936    299.360    101.890 0.0000e+00
      11769     60.064     8.1683   3.653964     0.1653     2.5903     0.1949     59.500     59.500    35.1541    298.665    101.816 0.0000e+00
      11794     60.569     8.1662   3.656104     0.2170     2.5886     0.1916     60.000     60.000    35.1789    298.364    101.725 0.0000e+00
      11817     61.074     8.1335   3.654285     0.2025     2.5876     0.1945     60.500     60.500    35.1919    298.356    101.656 0.0000e+00
      11839     61.579     8.1002   3.651826     0.1837     2.5851     0.1953     61.000     61.000    35.1988    297.866    101.418 0.0000e+00
      11861     62.084     8.0444   3.646900     0.1599     2.5819     0.1944     61.500     61.500    35.2017    297.583    101.197 0.0000e+00
      11884     62.588     7.9976   3.642759     0.1465     2.5776     0.1912     62.000     62.000    35.2040    297.239    100.976 0.0000e+00
      11907     63.093     7.9454   3.636280     0.1230     2.5737     0.1937     62.500     62.500    35.1866    297.340    100.880 0.0000e+00
      11930     63.598     7.9237   3.633279     0.0982     2.5710     0.1960     63.000     63.000    35.1758    297.213    100.781 0.0000e+00
      11953     64.103     7.8600   3.629725     0.0796     2.5675     0.1980     63.500     63.500    35.2015    296.961    100.568 0.0000e+00
      11977     64.608     7.7935   3.621640     0.0647     2.5637     0.2076     64.000     64.000    35.1810    297.089    100.447 0.0000e+00
      11999     65.113     7.7643   3.617283     0.0498     2.5610     0.2196     64.500     64.500    35.1630    297.026    100.348 0.0000e+00
      12019     65.617     7.7559   3.615479     0.0374     2.5582     0.2250     65.000     65.000    35.1518    296.592    100.175 0.0000e+00
      12041     66.122     7.7549   3.615167     0.0270     2.5545     0.2364     65.500     65.500    35.1491    295.872     99.928 0.0000e+00
      12067     66.627     7.7525   3.614966     0.0277     2.5500     0.2472     66.000     66.000    35.1491    295.582     99.825 0.0000e+00
      12091     67.132     7.7526   3.614940     0.0385     2.5474     0.2432     66.500     66.500    35.1485    295.352     99.746 0.0000e+00
      12113     67.637     7.7375   3.614694     0.0208     2.5447     0.2468     67.000     67.000    35.1608    295.181     99.663 0.0000e+00
      12134     68.142     7.7079   3.611952     0.0167     2.5429     0.2525     67.500     67.500    35.1608    295.007     99.538 0.0000e+00
      12157     68.646     7.6850   3.610312     0.0203     2.5393     0.2574     68.000     68.000    35.1660    294.479     99.312 0.0000e+00
      12181     69.151     7.6661   3.606945     0.0147     2.5365     0.2733     68.500     68.500    35.1482    294.742     99.346 0.0000e+00
      12205     69.656     7.6676   3.606928     0.0122     2.5354     0.2890     69.000     69.000    35.1463    294.815     99.373 0.0000e+00
      12227     70.161     7.6637   3.606851     0.0146     2.5344     0.2905     69.500     69.500    35.1492    294.729     99.337 0.0000e+00
      12248     70.666     7.6614   3.606424     0.0069     2.5335     0.2949     70.000     70.000    35.1466    294.581     99.280 0.0000e+00
      12270     71.171     7.6638   3.606552     0.0047     2.5324     0.2962     70.500     70.500    35.1453    294.456     99.243 0.0000e+00
      12295     71.675     7.6641   3.606696     0.0043     2.5312     0.2971     71.000     71.000    35.1463    294.242     99.172 0.0000e+00
      12322     72.180     7.6652   3.606842     0.0042     2.5294     0.2991     71.500     71.500    35.1466    293.894     99.057 0.0000e+00
      12347     72.685     7.6621   3.606741     0.0045     2.5278     0.2940     72.000     72.000    35.1484    293.722     98.993 0.0000e+00
      12369     73.190     7.6599   3.606607     0.0060     2.5265     0.3018     72.500     72.500    35.1488    293.639     98.961 0.0000e+00
      12389     73.695     7.6597   3.606477     0.0124     2.5253     0.3136     73.000     73.000    35.1474    293.540     98.926 0.0000e+00
      12411     74.200     7.6599   3.606503     0.0121     2.5248     0.3218     73.500     73.500    35.1472    293.842     99.028 0.0000e+00
      12437     74.705     7.6606   3.606585     0.0054     2.5254     0.3135     74.000     74.000    35.1471    293.784     99.010 0.0000e+00
      12464     75.209     7.6603   3.606664     0.0043     2.5235     0.3023     74.500     74.500    35.1481    293.032     98.757 0.0000e+00
      12487     75.714     7.6609   3.606641     0.0041     2.5215     0.3073     75.000     75.000    35.1469    292.960     98.733 0.0000e+00
      12506     76.219     7.6613   3.606787     0.0037     2.5208     0.3093     75.500     75.500    35.1479    293.328     98.859 0.0000e+00
      12526     76.724     7.6613   3.606798     0.0040     2.5217     0.3063     76.000     76.000    35.1477    293.785     99.013 0.0000e+00
      12552     77.229     7.6616   3.606844     0.0042     2.5227     0.3062     76.500     76.500    35.1477    293.750     99.002 0.0000e+00
      12714     77.734     7.6612   3.606881     0.0042 -9.990e-29     0.2777     77.000     77.000    35.1480 -9.990e-29 -9.990e-29 0.0000e+00
