Data/CTD_05_avg.cnv
* Sea-Bird SBE 9 Data File:
* FileName = C:\Users\ctd-user\Desktop\CTD_data\OC4920\CTD_05.hex
* Software Version Seasave V 7.26.2.13
* Temperature SN = 6313
* Conductivity SN = 4758
* Number of Bytes Per Scan = 28
* Number of Voltage Words = 3
* Number of Scans Averaged by the Deck Unit = 1
* NMEA Latitude = 57 56.89 N
* NMEA Longitude = 010 47.07 E
* NMEA UTC (Time) = May 07 2025 08:44:53
** Station: test
** Operator: Operator 1
** Ship: 7720 Skagerak
** Cruise: 7720-2025-01
** Latitude [GG MM.mm N]:
** Longitude [GG MM.mm E]:
** Pumps: PrimaryPump: 1820 # SecondaryPump:
** EventIDs: EventID: 3decf26d-821b-4112-8042-a2c98b568458 # ParentEventID:
** Additional Sampling:
** Metadata admin: MPROG: Other # PROJ: Other # ORDERER: GU # SLABO: GU # ALABO: GU # REFSK: ingen
** Metadata conditions: WADEP: 10 # WINSP: 1 # WINDIR: 02 # AIRPRES: 1000 # AIRTEMP: 1 # WEATH: 9 # CLOUD: 9 # WAVES: 9 # ICEOB: 9 # COMNT_VISIT:
** LIMS Job:
# nquan = 13
# nvalues = 351                         
# units = specified
# name 0 = scan: Scan Count
# name 1 = prDM: Pressure, Digiquartz [db]
# name 2 = t090C: Temperature [ITS-90, deg C]
# name 3 = c0S/m: Conductivity [S/m]
# name 4 = flECO-AFL: Fluorescence, WET Labs ECO-AFL/FL [mg/m^3]
# name 5 = sbeox0V: Oxygen raw, SBE 43 [V]
# name 6 = turbWETntu0: Turbidity, WET Labs ECO [NTU]
# name 7 = depSM: Depth [salt water, m]
# name 8 = depSM: Depth [salt water, m], lat = 57.9482
# name 9 = sal00: Salinity, Practical [PSU]
# name 10 = sbeox0Mm/L: Oxygen, SBE 43 [umol/l], WS = 2
# name 11 = sbeox0PS: Oxygen, SBE 43 [% saturation], WS = 2
# name 12 = flag: flag
# span 0 =       1292,       9991       
# span 1 =      0.505,    177.217       
# span 2 =     7.7690,    10.4701       
# span 3 =   3.254100,   3.670043       
# span 4 =    -0.0505,     2.4274       
# span 5 =     2.4992,     2.7288       
# span 6 =     0.1579,     1.0532       
# span 7 =      0.500,    175.500       
# span 8 =      0.500,    175.500       
# span 9 =    29.0598,    35.2851       
# span 10 =    291.864,    312.692      
# span 11 =     98.917,    107.720      
# span 12 = 0.0000e+00, 0.0000e+00      
# interval = meters: 0.5                
# start_time = May 07 2025 08:44:53 [NMEA time, header]
# bad_flag = -9.990e-29
*END*
       1292      0.505    10.4029   3.254100     0.3386     2.6512     1.0532      0.500      0.500    29.0598    303.853    104.636 0.0000e+00
       1473      1.009    10.3726   3.261421     0.3753     2.7218     0.9515      1.000      1.000    29.1562    311.138    107.142 0.0000e+00
       1488      1.514    10.3710   3.260752     0.3974     2.7206     0.8402      1.500      1.500    29.1507    311.288    107.186 0.0000e+00
       1513      2.019    10.3731   3.261081     0.4117     2.7217     0.6923      2.000      2.000    29.1521    311.388    107.226 0.0000e+00
       1544      2.523    10.3759   3.261865     0.4510     2.7224     0.6311      2.500      2.500    29.1574    311.535    107.287 0.0000e+00
       1567      3.028    10.3764   3.262251     0.4873     2.7227     0.5982      3.000      3.000    29.1606    311.192    107.172 0.0000e+00
       1585      3.533    10.3710   3.262622     0.5286     2.7214     0.5665      3.500      3.500    29.1684    311.073    107.124 0.0000e+00
       1606      4.037    10.3696   3.262682     0.5954     2.7216     0.5347      4.000      4.000    29.1700    311.618    107.309 0.0000e+00
       1632      4.542    10.3688   3.262886     0.6928     2.7239     0.4994      4.500      4.500    29.1724    312.332    107.555 0.0000e+00
       1657      5.047    10.3839   3.264900     0.7911     2.7273     0.4565      5.000      5.000    29.1800    312.692    107.720 0.0000e+00
       1678      5.552    10.4239   3.272658     0.8081     2.7288     0.4235      5.500      5.500    29.2245    311.622    107.475 0.0000e+00
       1697      6.056    10.4701   3.282756     0.8864     2.7257     0.3998      6.000      6.000    29.2870    309.603    106.929 0.0000e+00
       1719      6.561    10.4647   3.291236     0.9699     2.7188     0.3777      6.500      6.500    29.3749    308.553    106.614 0.0000e+00
       1746      7.066    10.3075   3.290121     1.0250     2.7129     0.3568      7.000      7.000    29.4909    307.838    106.081 0.0000e+00
       1775      7.570    10.1078   3.354971     1.1633     2.6981     0.3428      7.500      7.500    30.3016    305.730    105.441 0.0000e+00
       1797      8.075    10.0021   3.396369     1.5037     2.6951     0.3337      8.000      8.000    30.8062    306.206    105.702 0.0000e+00
       1817      8.580     9.3103   3.449401     1.8988     2.6903     0.3224      8.500      8.500    31.9537    307.143    105.195 0.0000e+00
       1837      9.084     8.7646   3.562814     2.2401     2.6809     0.3068      9.000      9.000    33.6310    305.049    104.348 0.0000e+00
       1859      9.589     8.5877   3.577832     2.4274     2.6667     0.2948      9.500      9.500    33.9567    303.013    103.462 0.0000e+00
       1882     10.094     8.5349   3.577172     2.2217     2.6515     0.2783     10.000     10.000    34.0003    300.964    102.671 0.0000e+00
       1906     10.598     8.4871   3.576266     1.8657     2.6346     0.2673     10.500     10.500    34.0367    299.073    101.941 0.0000e+00
       1931     11.103     8.4195   3.574627     1.6885     2.6192     0.2595     11.000     11.000    34.0844    298.068    101.477 0.0000e+00
       1956     11.608     8.3083   3.567240     1.6517     2.6076     0.2604     11.500     11.500    34.1136    297.926    101.195 0.0000e+00
       1977     12.113     8.2456   3.560185     1.5019     2.5995     0.2559     12.000     12.000    34.0991    297.828    101.011 0.0000e+00
       1998     12.617     8.2698   3.558811     1.2880     2.5936     0.2435     12.500     12.500    34.0608    297.475    100.920 0.0000e+00
       2018     13.122     8.2688   3.569744     1.1256     2.5894     0.2315     13.000     13.000    34.1779    296.983    100.828 0.0000e+00
       2040     13.627     8.2399   3.570929     1.0655     2.5854     0.2233     13.500     13.500    34.2184    297.015    100.800 0.0000e+00
       2065     14.131     8.2210   3.570607     1.0225     2.5840     0.2176     14.000     14.000    34.2332    297.683    100.994 0.0000e+00
       2092     14.636     8.1859   3.569654     0.9508     2.5840     0.2139     14.500     14.500    34.2570    297.835    100.982 0.0000e+00
       2117     15.141     8.1841   3.571157     0.8824     2.5826     0.2072     15.000     15.000    34.2746    297.240    100.787 0.0000e+00
       2140     15.646     8.1954   3.573726     0.7828     2.5802     0.2043     15.500     15.500    34.2908    296.711    100.644 0.0000e+00
       2161     16.150     8.1663   3.574883     0.7268     2.5782     0.2003     16.000     16.000    34.3313    296.483    100.528 0.0000e+00
       2180     16.655     8.1512   3.574570     0.7131     2.5757     0.1983     16.500     16.500    34.3425    296.379    100.466 0.0000e+00
       2198     17.160     8.1199   3.576387     0.6777     2.5748     0.1948     17.000     17.000    34.3924    297.159    100.692 0.0000e+00
       2221     17.664     8.0664   3.573057     0.5981     2.5772     0.1900     17.500     17.500    34.4092    298.553    101.054 0.0000e+00
       2255     18.169     8.0315   3.569290     0.5542     2.5816     0.1883     18.000     18.000    34.4029    299.309    101.226 0.0000e+00
       2284     18.674     8.0230   3.568939     0.5244     2.5844     0.1883     18.500     18.500    34.4072    300.011    101.447 0.0000e+00
       2303     19.179     8.0095   3.570327     0.5088     2.5876     0.1880     19.000     19.000    34.4351    300.673    101.658 0.0000e+00
       2321     19.683     8.0050   3.571113     0.4883     2.5904     0.1871     19.500     19.500    34.4478    300.884    101.728 0.0000e+00
       2341     20.188     8.0175   3.573967     0.4536     2.5922     0.1842     20.000     20.000    34.4658    300.722    101.714 0.0000e+00
       2366     20.693     8.0540   3.578614     0.4229     2.5940     0.1827     20.500     20.500    34.4794    300.652    101.782 0.0000e+00
       2390     21.197     8.0887   3.586310     0.3905     2.5955     0.1829     21.000     21.000    34.5274    300.350    101.791 0.0000e+00
       2412     21.702     8.1041   3.589012     0.3940     2.5958     0.1821     21.500     21.500    34.5409    299.974    101.708 0.0000e+00
       2437     22.207     8.1213   3.590661     0.4050     2.5953     0.1823     22.000     22.000    34.5414    299.714    101.659 0.0000e+00
       2460     22.712     8.1529   3.594122     0.4051     2.5956     0.1819     22.500     22.500    34.5470    300.221    101.907 0.0000e+00
       2482     23.216     8.2102   3.600938     0.3963     2.5989     0.1815     23.000     23.000    34.5630    300.599    102.178 0.0000e+00
       2506     23.721     8.2942   3.611736     0.3784     2.6019     0.1812     23.500     23.500    34.5953    300.165    102.244 0.0000e+00
       2531     24.226     8.3344   3.620588     0.3565     2.6041     0.1790     24.000     24.000    34.6498    299.900    102.281 0.0000e+00
       2555     24.731     8.4053   3.627684     0.3481     2.6060     0.1764     24.500     24.500    34.6551    299.908    102.450 0.0000e+00
       2578     25.235     8.4314   3.636336     0.3474     2.6095     0.1785     25.000     25.000    34.7211    300.272    102.678 0.0000e+00
       2600     25.740     8.4297   3.638861     0.2928     2.6120     0.1763     25.500     25.500    34.7495    300.134    102.646 0.0000e+00
       2621     26.245     8.4291   3.640069     0.2599     2.6127     0.1803     26.000     26.000    34.7627    300.131    102.652 0.0000e+00
       2642     26.749     8.4284   3.641692     0.2487     2.6144     0.1806     26.500     26.500    34.7804    300.930    102.936 0.0000e+00
       2664     27.254     8.4194   3.641556     0.2466     2.6185     0.1762     27.000     27.000    34.7876    301.694    103.181 0.0000e+00
       2691     27.759     8.4350   3.643631     0.2423     2.6219     0.1725     27.500     27.500    34.7940    301.653    103.207 0.0000e+00
       2717     28.264     8.4381   3.645042     0.2312     2.6238     0.1718     28.000     28.000    34.8056    301.628    103.214 0.0000e+00
       2739     28.768     8.4363   3.645396     0.2159     2.6244     0.1714     28.500     28.500    34.8109    301.668    103.227 0.0000e+00
       2759     29.273     8.4224   3.645280     0.2020     2.6256     0.1717     29.000     29.000    34.8232    302.016    103.322 0.0000e+00
       2784     29.778     8.4140   3.644236     0.1895     2.6264     0.1718     29.500     29.500    34.8202    301.749    103.209 0.0000e+00
       2811     30.283     8.4077   3.644459     0.1811     2.6243     0.1697     29.999     30.000    34.8286    300.809    102.879 0.0000e+00
       2833     30.787     8.4050   3.644280     0.1711     2.6209     0.1662     30.500     30.500    34.8291    300.405    102.735 0.0000e+00
       2852     31.292     8.4059   3.646496     0.1641     2.6194     0.1659     31.000     31.000    34.8516    300.514    102.789 0.0000e+00
       2871     31.797     8.4015   3.647598     0.1469     2.6186     0.1697     31.500     31.500    34.8674    300.733    102.865 0.0000e+00
       2894     32.302     8.3937   3.647763     0.1353     2.6186     0.1711     32.000     32.000    34.8766    300.821    102.883 0.0000e+00
       2921     32.806     8.3798   3.647964     0.1331     2.6176     0.1680     32.500     32.500    34.8923    300.501    102.752 0.0000e+00
       2950     33.311     8.3689   3.648179     0.1349     2.6161     0.1685     33.000     33.000    34.9052    300.378    102.694 0.0000e+00
       2974     33.816     8.3579   3.648297     0.1447     2.6144     0.1678     33.500     33.500    34.9171    299.499    102.376 0.0000e+00
       2994     34.321     8.3509   3.648463     0.1507     2.6098     0.1692     34.000     34.000    34.9256    298.705    102.094 0.0000e+00
       3013     34.826     8.3430   3.648384     0.1561     2.6071     0.1715     34.500     34.500    34.9323    299.625    102.395 0.0000e+00
       3035     35.330     8.3261   3.649438     0.1659     2.6103     0.1720     35.000     35.000    34.9602    301.229    102.923 0.0000e+00
       3061     35.835     8.3071   3.649820     0.1694     2.6147     0.1723     35.500     35.500    34.9829    302.158    103.212 0.0000e+00
       3086     36.340     8.3035   3.650420     0.1710     2.6206     0.1706     36.000     36.000    34.9926    303.241    103.580 0.0000e+00
       3109     36.845     8.3004   3.651046     0.1811     2.6249     0.1671     36.500     36.500    35.0021    303.290    103.596 0.0000e+00
       3131     37.349     8.3005   3.651454     0.2148     2.6273     0.1691     37.000     37.000    35.0062    303.851    103.790 0.0000e+00
       3153     37.854     8.3214   3.653069     0.2464     2.6323     0.1677     37.500     37.500    35.0023    304.583    104.087 0.0000e+00
       3180     38.359     8.3460   3.659555     0.2582     2.6361     0.1696     38.000     38.000    35.0468    304.318    104.083 0.0000e+00
       3209     38.864     8.3525   3.662257     0.2524     2.6380     0.1702     38.500     38.500    35.0688    303.906    103.973 0.0000e+00
       3232     39.368     8.3485   3.663121     0.2569     2.6375     0.1659     39.000     39.000    35.0818    303.636    103.880 0.0000e+00
       3250     39.873     8.3475   3.663577     0.2588     2.6371     0.1645     39.500     39.500    35.0874    303.785    103.932 0.0000e+00
       3269     40.378     8.3576   3.666570     0.2538     2.6378     0.1643     40.000     40.000    35.1090    303.870    103.999 0.0000e+00
       3293     40.883     8.3545   3.668044     0.2348     2.6374     0.1640     40.500     40.500    35.1276    303.293    103.807 0.0000e+00
       3322     41.387     8.3534   3.668425     0.2024     2.6351     0.1640     41.000     41.000    35.1325    303.143    103.757 0.0000e+00
       3351     41.892     8.3481   3.668556     0.1882     2.6355     0.1655     41.500     41.500    35.1389    303.532    103.882 0.0000e+00
       3376     42.397     8.3418   3.668743     0.1792     2.6348     0.1677     42.000     42.000    35.1470    302.909    103.659 0.0000e+00
       3397     42.902     8.3360   3.669239     0.1694     2.6322     0.1681     42.500     42.500    35.1578    302.257    103.430 0.0000e+00
       3416     43.407     8.3261   3.669555     0.1615     2.6298     0.1648     43.000     43.000    35.1709    302.173    103.387 0.0000e+00
       3436     43.911     8.3103   3.670043     0.1406     2.6282     0.1634     43.500     43.500    35.1916    302.105    103.341 0.0000e+00
       3460     44.416     8.2931   3.669390     0.1175     2.6261     0.1592     44.000     44.000    35.2017    302.138    103.320 0.0000e+00
       3489     44.921     8.2840   3.668478     0.0871     2.6251     0.1617     44.500     44.500    35.2007    302.180    103.313 0.0000e+00
       3517     45.426     8.2789   3.667971     0.0769     2.6231     0.1638     45.000     45.000    35.2003    301.497    103.067 0.0000e+00
       3543     45.931     8.2659   3.667421     0.0717     2.6194     0.1637     45.500     45.500    35.2071    300.882    102.832 0.0000e+00
       3566     46.435     8.2349   3.665811     0.0585     2.6164     0.1637     46.000     46.000    35.2208    301.207    102.881 0.0000e+00
       3587     46.940     8.2232   3.663613     0.0460     2.6164     0.1600     46.500     46.500    35.2087    301.895    103.080 0.0000e+00
       3607     47.445     8.2195   3.663291     0.0401     2.6173     0.1605     47.000     47.000    35.2087    302.267    103.199 0.0000e+00
       3627     47.950     8.2172   3.663012     0.0329     2.6185     0.1612     47.500     47.500    35.2078    302.229    103.180 0.0000e+00
       3652     48.454     8.2166   3.662932     0.0286     2.6177     0.1599     48.000     48.000    35.2073    301.626    102.972 0.0000e+00
       3682     48.959     8.2160   3.662956     0.0303     2.6150     0.1603     48.500     48.500    35.2079    301.052    102.776 0.0000e+00
       3710     49.464     8.2171   3.663266     0.0223     2.6127     0.1606     49.000     49.000    35.2099    301.004    102.763 0.0000e+00
       3734     49.969     8.2080   3.663286     0.0209     2.6118     0.1636     49.500     49.500    35.2190    301.076    102.773 0.0000e+00
       3755     50.474     8.1852   3.662097     0.0158     2.6112     0.1646     50.000     50.000    35.2289    300.997    102.700 0.0000e+00
       3775     50.978     8.1686   3.660186     0.0071     2.6097     0.1626     50.500     50.500    35.2249    300.775    102.583 0.0000e+00
       3797     51.483     8.1704   3.659288     0.0047     2.6077     0.1582     51.000     51.000    35.2132    300.211    102.387 0.0000e+00
       3822     51.988     8.1805   3.660629     0.0042     2.6038     0.1579     51.500     51.500    35.2172    299.463    102.158 0.0000e+00
       3849     52.493     8.1965   3.662108     0.0041     2.5995     0.1634     52.000     52.000    35.2167    298.372    101.822 0.0000e+00
       3874     52.998     8.2047   3.663967     0.0037     2.5940     0.1646     52.500     52.500    35.2281    297.503    101.551 0.0000e+00
       3896     53.502     8.2153   3.665221     0.0012     2.5894     0.1634     53.000     53.000    35.2307    296.942    101.385 0.0000e+00
       3920     54.007     8.2131   3.665975    -0.0065     2.5857     0.1597     53.500     53.500    35.2407    296.684    101.299 0.0000e+00
       3944     54.512     8.2119   3.666128    -0.0038     2.5821     0.1610     54.000     54.000    35.2433    295.962    101.052 0.0000e+00
       3966     55.017     8.2188   3.666105    -0.0073     2.5777     0.1601     54.500     54.500    35.2358    295.223    100.810 0.0000e+00
       3987     55.522     8.2226   3.667844    -0.0138     2.5737     0.1601     55.000     55.000    35.2504    294.694    100.648 0.0000e+00
       4010     56.027     8.2189   3.667646    -0.0211     2.5694     0.1632     55.500     55.500    35.2518    294.148    100.454 0.0000e+00
