Data/CTD_07.cnv
* Sea-Bird SBE 9 Data File:
* FileName = C:\Users\ctd-user\Desktop\CTD_data\OC4920\CTD_07.hex
* Software Version Seasave V 7.26.2.13
* Temperature SN = 6313
* Conductivity SN = 4758
* Number of Bytes Per Scan = 28
* Number of Voltage Words = 3
* Number of Scans Averaged by the Deck Unit = 1
* NMEA Latitude = 57 54.83 N
* NMEA Longitude = 010 46.77 E
* NMEA UTC (Time) = May 07 2025 09:38:52
** Station: test
** Operator: Operator 1
** Ship: 7720 Skagerak
** Cruise: 7720-2025-01
** Latitude [GG MM.mm N]:
** Longitude [GG MM.mm E]:
** Pumps: PrimaryPump: 1820 # SecondaryPump:
** EventIDs: EventID: 3decf26d-821b-4112-8042-a2c98b568458 # ParentEventID:
** Additional Sampling:
** Metadata admin: MPROG: Other # PROJ: Other # ORDERER: GU # SLABO: GU # ALABO: GU # REFSK: ingen
** Metadata conditions: WADEP: 10 # WINSP: 1 # WINDIR: 02 # AIRPRES: 1000 # AIRTEMP: 1 # WEATH: 9 # CLOUD: 9 # WAVES: 9 # ICEOB: 9 # COMNT_VISIT:
** LIMS Job:
# nquan = 13                                
# nvalues = 9824                        
# units = specified
# name 0 = scan: Scan Count
# name 1 = prDM: Pressure, Digiquartz [db]
# name 2 = t090C: Temperature [ITS-90, deg C]
# name 3 = c0S/m: Conductivity [S/m]
# name 4 = flECO-AFL: Fluorescence, WET Labs ECO-AFL/FL [mg/m^3]
# name 5 = sbeox0V: Oxygen raw, SBE 43 [V]
# name 6 = turbWETntu0: Turbidity, WET Labs ECO [NTU]
# name 7 = depSM: Depth [salt water, m]
# name 8 = depSM: Depth [salt water, m], lat = 57.9138
# name 9 = sal00: Salinity, Practical [PSU]
# name 10 = sbeox0Mm/L: Oxygen, SBE 43 [umol/l], WS = 2
# name 11 = sbeox0PS: Oxygen, SBE 43 [% saturation], WS = 2
# name 12 = flag: flag
# span 0 =          1,       9824       
# span 1 =     -1.511,    149.329       
# span 2 =     7.7892,    10.5887       
# span 3 =   0.094447,   3.682084       
# span 4 =    -0.1040,     4.2526       
# span 5 =     2.1644,     2.8289       
# span 6 =     0.1639,     0.9086       
# span 7 =     -1.497,    147.893       
# span 8 =     -1.497,    147.893       
# span 9 =     0.6854,    35.2845       
# span 10 =    232.375,    401.265      
# span 11 =     80.143,    114.027      
# span 12 = 0.0000e+00, 0.0000e+00      
# interval = seconds: 0.0416667
# start_time = May 07 2025 09:38:52 [NMEA time, header]
# bad_flag = -9.990e-29
*END*
[from data line 6112]
       6113     82.066     7.8462   3.629376    -0.0324     2.5409     0.2296     81.291     81.290    35.2028    294.831     99.816 0.0000e+00
       6114     82.084     7.8463   3.629376    -0.0324     2.5409     0.2296     81.308     81.308    35.2026    294.847     99.822 0.0000e+00
       6115     82.103     7.8463   3.629394    -0.0324     2.5409     0.2296     81.326     81.327    35.2028    294.865     99.828 0.0000e+00
       6116     82.121     7.8463   3.629405    -0.0324     2.5408     0.2296     81.345     81.344    35.2029    294.867     99.829 0.0000e+00
       6117     82.139     7.8464   3.629406    -0.0324     2.5408     0.2296     81.363     81.362    35.2028    294.881     99.834 0.0000e+00
       6118     82.157     7.8463   3.629405    -0.0324     2.5407     0.2296     81.381     81.380    35.2029    294.879     99.833 0.0000e+00
       6119     82.175     7.8463   3.629429    -0.0324     2.5407     0.2296     81.399     81.398    35.2032    294.892     99.838 0.0000e+00
       6120     82.192     7.8461   3.629386    -0.0324     2.5406     0.2296     81.415     81.415    35.2029    294.893     99.837 0.0000e+00
       6121     82.209     7.8462   3.629392    -0.0324     2.5405     0.2296     81.431     81.432    35.2029    294.893     99.837 0.0000e+00
       6122     82.226     7.8463   3.629404    -0.0324     2.5404     0.2296     81.448     81.448    35.2029    294.893     99.837 0.0000e+00
       6123     82.242     7.8463   3.629434    -0.0324     2.5403     0.2295     81.464     81.464    35.2032    294.892     99.838 0.0000e+00
       6124     82.257     7.8463   3.629392    -0.0324     2.5402     0.2294     81.479     81.479    35.2027    294.893     99.837 0.0000e+00
       6125     82.272     7.8463   3.629392    -0.0324     2.5402     0.2293     81.494     81.494    35.2027    294.907     99.842 0.0000e+00
       6126     82.287     7.8462   3.629427    -0.0324     2.5402     0.2292     81.509     81.509    35.2032    294.922     99.847 0.0000e+00
       6127     82.302     7.8463   3.629439    -0.0324     2.5403     0.2291     81.524     81.524    35.2032    294.954     99.858 0.0000e+00
       6128     82.316     7.8463   3.629439    -0.0324     2.5403     0.2289     81.538     81.538    35.2032    294.973     99.865 0.0000e+00
       6129     82.330     7.8463   3.629439    -0.0324     2.5403     0.2288     81.552     81.551    35.2032    294.994     99.872 0.0000e+00
       6130     82.344     7.8461   3.629438    -0.0324     2.5403     0.2286     81.565     81.565    35.2034    295.015     99.879 0.0000e+00
       6131     82.357     7.8461   3.629438    -0.0324     2.5403     0.2285     81.578     81.578    35.2034    295.037     99.886 0.0000e+00
       6132     82.371     7.8459   3.629455    -0.0324     2.5403     0.2282     81.592     81.592    35.2038    295.056     99.893 0.0000e+00
       6133     82.385     7.8458   3.629394    -0.0324     2.5403     0.2280     81.606     81.606    35.2032    295.075     99.898 0.0000e+00
       6134     82.401     7.8458   3.629418    -0.0324     2.5403     0.2278     81.622     81.622    35.2035    295.092     99.904 0.0000e+00
       6135     82.417     7.8459   3.629437    -0.0324     2.5404     0.2275     81.638     81.638    35.2035    295.124     99.915 0.0000e+00
       6136     82.433     7.8458   3.629436    -0.0324     2.5406     0.2273     81.653     81.653    35.2036    295.175     99.932 0.0000e+00
       6137     82.448     7.8459   3.629436    -0.0324     2.5407     0.2270     81.668     81.668    35.2035    295.210     99.944 0.0000e+00
       6138     82.462     7.8459   3.629436    -0.0324     2.5408     0.2267     81.682     81.682    35.2035    295.244     99.956 0.0000e+00
       6139     82.477     7.8461   3.629437    -0.0324     2.5409     0.2264     81.697     81.697    35.2033    295.277     99.968 0.0000e+00
       6140     82.492     7.8460   3.629436    -0.0324     2.5410     0.2261     81.712     81.712    35.2034    295.312     99.979 0.0000e+00
       6141     82.506     7.8458   3.629435    -0.0324     2.5410     0.2258     81.725     81.726    35.2036    295.330     99.985 0.0000e+00
       6142     82.520     7.8461   3.629436    -0.0324     2.5410     0.2256     81.740     81.740    35.2033    295.344     99.990 0.0000e+00
       6143     82.534     7.8460   3.629406    -0.0324     2.5411     0.2255     81.753     81.753    35.2031    295.374    100.000 0.0000e+00
       6144     82.547     7.8459   3.629405    -0.0324     2.5412     0.2253     81.766     81.766    35.2031    295.402    100.009 0.0000e+00
       6145     82.561     7.8461   3.629376    -0.0324     2.5413     0.2252     81.779     81.780    35.2026    295.428    100.018 0.0000e+00
       6146     82.575     7.8459   3.629387    -0.0324     2.5413     0.2251     81.794     81.794    35.2029    295.440    100.022 0.0000e+00
       6147     82.589     7.8459   3.629399    -0.0324     2.5413     0.2250     81.808     81.808    35.2031    295.449    100.025 0.0000e+00
       6148     82.603     7.8459   3.629398    -0.0324     2.5413     0.2249     81.821     81.822    35.2030    295.456    100.027 0.0000e+00
       6149     82.617     7.8459   3.629422    -0.0324     2.5414     0.2248     81.835     81.836    35.2033    295.474    100.034 0.0000e+00
       6150     82.633     7.8459   3.629452    -0.0324     2.5415     0.2247     81.851     81.851    35.2036    295.490    100.039 0.0000e+00
       6151     82.649     7.8460   3.629410    -0.0324     2.5416     0.2246     81.867     81.867    35.2030    295.505    100.044 0.0000e+00
       6152     82.665     7.8456   3.629421    -0.0324     2.5417     0.2246     81.883     81.883    35.2036    295.522    100.049 0.0000e+00
       6153     82.680     7.8459   3.629452    -0.0324     2.5418     0.2246     81.898     81.898    35.2036    295.533    100.054 0.0000e+00
       6154     82.697     7.8459   3.629422    -0.0324     2.5418     0.2246     81.914     81.915    35.2032    295.532    100.053 0.0000e+00
       6155     82.713     7.8458   3.629427    -0.0324     2.5419     0.2246     81.930     81.931    35.2034    295.546    100.058 0.0000e+00
       6156     82.731     7.8456   3.629402    -0.0324     2.5418     0.2247     81.948     81.948    35.2033    295.531    100.052 0.0000e+00
       6157     82.747     7.8459   3.629421    -0.0324     2.5418     0.2248     81.964     81.964    35.2032    295.525    100.051 0.0000e+00
       6158     82.764     7.8458   3.629433    -0.0324     2.5419     0.2249     81.981     81.981    35.2034    295.536    100.055 0.0000e+00
       6159     82.782     7.8459   3.629403    -0.0324     2.5420     0.2251     81.998     81.999    35.2030    295.545    100.057 0.0000e+00
       6160     82.800     7.8453   3.629418    -0.0324     2.5421     0.2253     82.017     82.017    35.2038    295.556    100.060 0.0000e+00
       6161     82.818     7.8450   3.629447    -0.0324     2.5422     0.2255     82.035     82.035    35.2044    295.567    100.064 0.0000e+00
       6162     82.834     7.8452   3.629460    -0.0324     2.5422     0.2258     82.051     82.051    35.2043    295.561    100.062 0.0000e+00
       6163     82.852     7.8450   3.629405    -0.0324     2.5423     0.2261     82.068     82.068    35.2039    295.574    100.066 0.0000e+00
       6164     82.871     7.8449   3.629392    -0.0324     2.5423     0.2264     82.087     82.087    35.2038    295.574    100.065 0.0000e+00
       6165     82.890     7.8450   3.629399    -0.0324     2.5423     0.2267     82.106     82.106    35.2038    295.573    100.066 0.0000e+00
       6166     82.909     7.8453   3.629442    -0.0324     2.5423     0.2269     82.125     82.125    35.2040    295.571    100.066 0.0000e+00
       6167     82.929     7.8452   3.629405    -0.0324     2.5424     0.2272     82.145     82.145    35.2037    295.584    100.069 0.0000e+00
       6168     82.950     7.8451   3.629417    -0.0324     2.5424     0.2275     82.165     82.165    35.2039    295.581    100.068 0.0000e+00
       6169     82.972     7.8451   3.629429    -0.0324     2.5425     0.2277     82.186     82.187    35.2040    295.594    100.073 0.0000e+00
       6170     82.993     7.8449   3.629428    -0.0324     2.5426     0.2280     82.207     82.208    35.2042    295.608    100.077 0.0000e+00
       6171     83.014     7.8450   3.629399    -0.0324     2.5427     0.2282     82.229     82.229    35.2037    295.623    100.082 0.0000e+00
       6172     83.036     7.8450   3.629393    -0.0324     2.5428     0.2285     82.250     82.251    35.2037    295.638    100.087 0.0000e+00
       6173     83.058     7.8447   3.629368    -0.0324     2.5428     0.2287     82.272     82.272    35.2037    295.638    100.087 0.0000e+00
       6174     83.080     7.8445   3.629337    -0.0324     2.5428     0.2288     82.294     82.294    35.2036    295.640    100.087 0.0000e+00
       6175     83.101     7.8442   3.629354    -0.0324     2.5428     0.2290     82.316     82.315    35.2040    295.640    100.086 0.0000e+00
       6176     83.123     7.8439   3.629334    -0.0324     2.5428     0.2292     82.337     82.337    35.2041    295.642    100.087 0.0000e+00
       6177     83.146     7.8439   3.629346    -0.0324     2.5428     0.2293     82.360     82.359    35.2042    295.642    100.087 0.0000e+00
       6178     83.170     7.8439   3.629358    -0.0324     2.5429     0.2295     82.383     82.383    35.2043    295.658    100.092 0.0000e+00
       6179     83.194     7.8437   3.629333    -0.0324     2.5430     0.2296     82.407     82.407    35.2043    295.676    100.098 0.0000e+00
       6180     83.218     7.8437   3.629345    -0.0324     2.5431     0.2297     82.430     82.431    35.2044    295.693    100.103 0.0000e+00
       6181     83.242     7.8436   3.629375    -0.0324     2.5431     0.2297     82.455     82.455    35.2048    295.692    100.103 0.0000e+00
       6182     83.267     7.8437   3.629363    -0.0324     2.5432     0.2298     82.479     82.479    35.2045    295.703    100.107 0.0000e+00
       6183     83.292     7.8437   3.629357    -0.0324     2.5432     0.2299     82.504     82.504    35.2045    295.699    100.106 0.0000e+00
       6184     83.317     7.8438   3.629357    -0.0324     2.5432     0.2300     82.529     82.529    35.2044    295.694    100.104 0.0000e+00
       6185     83.344     7.8435   3.629302    -0.0324     2.5432     0.2302     82.556     82.556    35.2041    295.695    100.104 0.0000e+00
       6186     83.371     7.8436   3.629272    -0.0324     2.5432     0.2303     82.582     82.582    35.2036    295.693    100.103 0.0000e+00
       6187     83.397     7.8434   3.629284    -0.0324     2.5433     0.2304     82.608     82.608    35.2039    295.704    100.106 0.0000e+00
       6188     83.422     7.8434   3.629241    -0.0324     2.5434     0.2305     82.633     82.633    35.2035    295.713    100.109 0.0000e+00
       6189     83.447     7.8433   3.629247    -0.0324     2.5435     0.2305     82.658     82.658    35.2036    295.719    100.111 0.0000e+00
       6190     83.473     7.8435   3.629260    -0.0324     2.5436     0.2306     82.683     82.683    35.2035    295.718    100.111 0.0000e+00
       6191     83.499     7.8437   3.629260    -0.0324     2.5435     0.2306     82.709     82.709    35.2033    295.687    100.101 0.0000e+00
       6192     83.526     7.8434   3.629259    -0.0324     2.5435     0.2307     82.736     82.736    35.2036    295.673    100.096 0.0000e+00
       6193     83.553     7.8439   3.629208    -0.0324     2.5436     0.2307     82.763     82.763    35.2025    295.670    100.095 0.0000e+00
       6194     83.581     7.8434   3.629194    -0.0324     2.5436     0.2308     82.790     82.790    35.2029    295.656    100.089 0.0000e+00
       6195     83.608     7.8439   3.629196    -0.0324     2.5438     0.2308     82.817     82.817    35.2024    295.666    100.094 0.0000e+00
       6196     83.635     7.8439   3.629196    -0.0324     2.5439     0.2308     82.844     82.844    35.2024    295.664    100.093 0.0000e+00
       6197     83.662     7.8438   3.629171    -0.0324     2.5439     0.2307     82.871     82.871    35.2022    295.649    100.087 0.0000e+00
       6198     83.690     7.8439   3.629237    -0.0324     2.5440     0.2307     82.898     82.898    35.2028    295.643    100.086 0.0000e+00
       6199     83.717     7.8440   3.629208    -0.0324     2.5439     0.2307     82.925     82.925    35.2023    295.607    100.074 0.0000e+00
       6200     83.743     7.8439   3.629219    -0.0324     2.5440     0.2308     82.952     82.951    35.2026    295.598    100.071 0.0000e+00
       6201     83.771     7.8439   3.629201    -0.0324     2.5440     0.2308     82.979     82.978    35.2023    295.571    100.061 0.0000e+00
       6202     83.801     7.8438   3.629195    -0.0324     2.5441     0.2309     83.008     83.008    35.2024    295.557    100.056 0.0000e+00
       6203     83.829     7.8439   3.629195    -0.0324     2.5442     0.2309     83.036     83.036    35.2023    295.541    100.051 0.0000e+00
       6204     83.856     7.8440   3.629219    -0.0324     2.5442     0.2309     83.063     83.063    35.2024    295.513    100.042 0.0000e+00
       6205     83.884     7.8441   3.629202    -0.0324     2.5442     0.2309     83.090     83.090    35.2021    295.487    100.033 0.0000e+00
       6206     83.912     7.8439   3.629195    -0.0324     2.5442     0.2309     83.118     83.118    35.2022    295.462    100.024 0.0000e+00
       6207     83.941     7.8442   3.629196    -0.0324     2.5441     0.2309     83.147     83.147    35.2019    295.422    100.011 0.0000e+00
       6208     83.969     7.8444   3.629220    -0.0324     2.5441     0.2309     83.175     83.175    35.2020    295.397    100.003 0.0000e+00
       6209     83.997     7.8444   3.629250    -0.0324     2.5442     0.2309     83.202     83.202    35.2023    295.386    100.000 0.0000e+00
       6210     84.024     7.8443   3.629262    -0.0324     2.5442     0.2309     83.229     83.229    35.2025    295.363     99.992 0.0000e+00
       6211     84.051     7.8444   3.629279    -0.0324     2.5441     0.2309     83.256     83.256    35.2025    295.324     99.979 0.0000e+00
       6212     84.080     7.8445   3.629244    -0.0324     2.5440     0.2309     83.284     83.284    35.2021    295.287     99.966 0.0000e+00
       6213     84.108     7.8444   3.629274    -0.0324     2.5439     0.2308     83.312     83.312    35.2025    295.251     99.954 0.0000e+00
       6214     84.135     7.8444   3.629268    -0.0324     2.5437     0.2308     83.339     83.339    35.2024    295.200     99.937 0.0000e+00
       6215     84.161     7.8445   3.629280    -0.0324     2.5436     0.2307     83.364     83.365    35.2024    295.162     99.924 0.0000e+00
       6216     84.187     7.8446   3.629250    -0.0324     2.5436     0.2307     83.390     83.390    35.2020    295.135     99.915 0.0000e+00
       6217     84.212     7.8447   3.629275    -0.0324     2.5436     0.2307     83.415     83.415    35.2021    295.106     99.905 0.0000e+00
       6218     84.238     7.8449   3.629292    -0.0324     2.5435     0.2307     83.440     83.441    35.2021    295.063     99.891 0.0000e+00
       6219     84.263     7.8444   3.629314    -0.0324     2.5435     0.2308     83.466     83.466    35.2028    295.038     99.882 0.0000e+00
       6220     84.290     7.8440   3.629295    -0.0324     2.5434     0.2308     83.492     83.492    35.2030    295.001     99.869 0.0000e+00
       6221     84.316     7.8436   3.629311    -0.0324     2.5433     0.2307     83.518     83.518    35.2036    294.965     99.856 0.0000e+00
       6222     84.341     7.8431   3.629321    -0.0324     2.5432     0.2306     83.543     83.543    35.2042    294.930     99.844 0.0000e+00
