Data/CTD_10.cnv
* Sea-Bird SBE 9 Data File:
* FileName = C:\Users\ctd-user\Desktop\CTD_data\OC4920\CTD_10.hex
* Software Version Seasave V 7.26.2.13
* Temperature SN = 6313
* Conductivity SN = 4758
* Number of Bytes Per Scan = 28
* Number of Voltage Words = 3
* Number of Scans Averaged by the Deck Unit = 1
* NMEA Latitude = 57 51.81 N
* NMEA Longitude = 010 46.60 E
* NMEA UTC (Time) = May 07 2025 11:11:29
** Station: test
** Operator: Operator 1
** Ship: 7720 Skagerak
** Cruise: 7720-2025-01
** Latitude [GG MM.mm N]:
** Longitude [GG MM.mm E]:
** Pumps: PrimaryPump: 1820 # SecondaryPump:
** EventIDs: EventID: 3decf26d-821b-4112-8042-a2c98b568458 # ParentEventID:
** Additional Sampling:
** Metadata admin: MPROG: Other # PROJ: Other # ORDERER: GU # SLABO: GU # ALABO: GU # REFSK: ingen
** Metadata conditions: WADEP: 10 # WINSP: 1 # WINDIR: 02 # AIRPRES: 1000 # AIRTEMP: 1 # WEATH: 9 # CLOUD: 9 # WAVES: 9 # ICEOB: 9 # COMNT_VISIT:
** LIMS Job:
# nquan = 13                                
# nvalues = 7125                        
# units = specified
# name 0 = scan: Scan Count
# name 1 = prDM: Pressure, Digiquartz [db]
# name 2 = t090C: Temperature [ITS-90, deg C]
# name 3 = c0S/m: Conductivity [S/m]
# name 4 = flECO-AFL: Fluorescence, WET Labs ECO-AFL/FL [mg/m^3]
# name 5 = sbeox0V: Oxygen raw, SBE 43 [V]
# name 6 = turbWETntu0: Turbidity, WET Labs ECO [NTU]
# name 7 = depSM: Depth [salt water, m]
# name 8 = depSM: Depth [salt water, m], lat = 57.8635
# name 9 = sal00: Salinity, Practical [PSU]
# name 10 = sbeox0Mm/L: Oxygen, SBE 43 [umol/l], WS = 2
# name 11 = sbeox0PS: Oxygen, SBE 43 [% saturation], WS = 2
# name 12 = flag: flag
# span 0 =          1,       7125       
# span 1 =     -1.032,    110.100       
# span 2 =     7.7068,    10.4038       
# span 3 =   3.401606,   3.676512       
# span 4 =    -0.0304,     8.4467       
# span 5 =     2.0594,     2.8960       
# span 6 =     0.1743,     0.4013       
# span 7 =     -1.022,    109.052       
# span 8 =     -1.022,    109.052       
# span 9 =    30.5509,    35.2401       
# span 10 =    216.555,    339.893      
# span 11 =     75.234,    117.213      
# span 12 = 0.0000e+00, 0.0000e+00      
# interval = seconds: 0.0416667
# start_time = May 07 2025 11:11:29 [NMEA time, header]
# bad_flag = -9.990e-29
*END*
[from data line 5001]
       5002     70.646     7.8002   3.622243    -0.0141     2.5371     0.2280     69.980     69.980    35.1777    294.206     99.485 0.0000e+00
       5003     70.669     7.8004   3.621999    -0.0141     2.5371     0.2280     70.003     70.003    35.1749    294.220     99.489 0.0000e+00
       5004     70.692     7.8005   3.621821    -0.0141     2.5370     0.2281     70.025     70.026    35.1729    294.219     99.487 0.0000e+00
       5005     70.713     7.8012   3.622026    -0.0141     2.5370     0.2280     70.046     70.047    35.1744    294.223     99.491 0.0000e+00
       5006     70.735     7.8011   3.622265    -0.0141     2.5369     0.2279     70.068     70.068    35.1770    294.216     99.490 0.0000e+00
       5007     70.756     7.7992   3.622468    -0.0141     2.5368     0.2278     70.089     70.089    35.1811    294.222     99.491 0.0000e+00
       5008     70.777     7.7973   3.622538    -0.0141     2.5368     0.2277     70.110     70.110    35.1838    294.246     99.496 0.0000e+00
       5009     70.799     7.7972   3.622520    -0.0141     2.5368     0.2275     70.131     70.132    35.1837    294.263     99.502 0.0000e+00
       5010     70.820     7.7965   3.622548    -0.0141     2.5369     0.2274     70.152     70.152    35.1847    294.298     99.512 0.0000e+00
       5011     70.842     7.7948   3.622685    -0.0141     2.5369     0.2272     70.173     70.174    35.1879    294.320     99.518 0.0000e+00
       5012     70.864     7.7950   3.622752    -0.0141     2.5370     0.2271     70.196     70.196    35.1884    294.349     99.529 0.0000e+00
       5013     70.887     7.7959   3.622780    -0.0141     2.5370     0.2269     70.218     70.219    35.1878    294.362     99.535 0.0000e+00
       5014     70.909     7.7966   3.622801    -0.0141     2.5370     0.2267     70.240     70.241    35.1873    294.374     99.540 0.0000e+00
       5015     70.932     7.7970   3.622897    -0.0141     2.5370     0.2265     70.263     70.263    35.1879    294.385     99.545 0.0000e+00
       5016     70.955     7.7974   3.622911    -0.0141     2.5371     0.2262     70.286     70.286    35.1876    294.412     99.555 0.0000e+00
       5017     70.978     7.7973   3.622911    -0.0141     2.5373     0.2259     70.309     70.309    35.1877    294.454     99.569 0.0000e+00
       5018     71.001     7.7944   3.622800    -0.0141     2.5374     0.2257     70.331     70.332    35.1895    294.497     99.578 0.0000e+00
       5019     71.024     7.7902   3.622510    -0.0141     2.5374     0.2255     70.354     70.355    35.1905    294.536     99.583 0.0000e+00
       5020     71.046     7.7874   3.622321    -0.0141     2.5374     0.2253     70.376     70.376    35.1913    294.562     99.586 0.0000e+00
       5021     71.069     7.7863   3.622341    -0.0141     2.5373     0.2252     70.398     70.399    35.1926    294.557     99.582 0.0000e+00
       5022     71.093     7.7858   3.622233    -0.0141     2.5373     0.2251     70.422     70.423    35.1920    294.564     99.583 0.0000e+00
       5023     71.117     7.7850   3.622134    -0.0141     2.5373     0.2250     70.447     70.447    35.1917    294.570     99.583 0.0000e+00
       5024     71.141     7.7845   3.622151    -0.0141     2.5372     0.2249     70.470     70.470    35.1924    294.559     99.579 0.0000e+00
       5025     71.163     7.7847   3.622254    -0.0141     2.5372     0.2249     70.493     70.492    35.1933    294.555     99.579 0.0000e+00
       5026     71.186     7.7847   3.622332    -0.0141     2.5371     0.2249     70.515     70.515    35.1941    294.540     99.574 0.0000e+00
       5027     71.210     7.7849   3.622297    -0.0141     2.5371     0.2249     70.538     70.539    35.1935    294.539     99.574 0.0000e+00
       5028     71.234     7.7840   3.622289    -0.0141     2.5371     0.2250     70.563     70.563    35.1943    294.541     99.573 0.0000e+00
       5029     71.258     7.7837   3.622187    -0.0141     2.5371     0.2251     70.586     70.586    35.1935    294.539     99.571 0.0000e+00
       5030     71.282     7.7840   3.621790    -0.0141     2.5370     0.2253     70.610     70.610    35.1889    294.526     99.564 0.0000e+00
       5031     71.306     7.7844   3.621368    -0.0141     2.5370     0.2255     70.634     70.634    35.1839    294.525     99.562 0.0000e+00
       5032     71.331     7.7845   3.621214    -0.0141     2.5370     0.2257     70.659     70.659    35.1821    294.517     99.558 0.0000e+00
       5033     71.356     7.7842   3.621142    -0.0141     2.5370     0.2259     70.684     70.683    35.1816    294.509     99.554 0.0000e+00
       5034     71.381     7.7834   3.621056    -0.0141     2.5371     0.2261     70.708     70.708    35.1815    294.517     99.555 0.0000e+00
       5035     71.404     7.7833   3.621056    -0.0141     2.5371     0.2264     70.731     70.731    35.1816    294.506     99.551 0.0000e+00
       5036     71.427     7.7829   3.621037    -0.0141     2.5372     0.2268     70.754     70.754    35.1818    294.509     99.551 0.0000e+00
       5037     71.451     7.7837   3.621064    -0.0141     2.5372     0.2271     70.778     70.777    35.1813    294.492     99.547 0.0000e+00
       5038     71.475     7.7837   3.621095    -0.0141     2.5372     0.2276     70.802     70.801    35.1816    294.480     99.543 0.0000e+00
       5039     71.500     7.7833   3.621100    -0.0141     2.5372     0.2280     70.827     70.826    35.1820    294.469     99.539 0.0000e+00
       5040     71.526     7.7831   3.621028    -0.0141     2.5372     0.2285     70.852     70.852    35.1814    294.458     99.535 0.0000e+00
       5041     71.552     7.7839   3.621031    -0.0141     2.5373     0.2290     70.878     70.877    35.1806    294.455     99.535 0.0000e+00
       5042     71.579     7.7830   3.621052    -0.0141     2.5374     0.2295     70.905     70.904    35.1818    294.465     99.537 0.0000e+00
       5043     71.606     7.7818   3.621037    -0.0141     2.5375     0.2301     70.931     70.931    35.1828    294.477     99.539 0.0000e+00
       5044     71.631     7.7813   3.621029    -0.0141     2.5375     0.2306     70.956     70.956    35.1832    294.471     99.536 0.0000e+00
       5045     71.655     7.7806   3.620956    -0.0141     2.5374     0.2311     70.980     70.979    35.1831    294.453     99.528 0.0000e+00
       5046     71.680     7.7803   3.620878    -0.0141     2.5374     0.2315     71.005     71.004    35.1826    294.446     99.525 0.0000e+00
       5047     71.706     7.7800   3.620895    -0.0141     2.5373     0.2319     71.030     71.030    35.1830    294.423     99.517 0.0000e+00
       5048     71.731     7.7797   3.620943    -0.0141     2.5373     0.2323     71.055     71.055    35.1838    294.413     99.513 0.0000e+00
       5049     71.755     7.7803   3.621034    -0.0141     2.5372     0.2326     71.079     71.078    35.1842    294.381     99.504 0.0000e+00
       5050     71.779     7.7810   3.621020    -0.0141     2.5372     0.2329     71.103     71.102    35.1833    294.364     99.499 0.0000e+00
       5051     71.804     7.7817   3.621029    -0.0141     2.5371     0.2332     71.127     71.127    35.1827    294.330     99.489 0.0000e+00
       5052     71.828     7.7818   3.621013    -0.0141     2.5370     0.2334     71.152     71.151    35.1824    294.298     99.478 0.0000e+00
       5053     71.854     7.7821   3.621008    -0.0141     2.5369     0.2336     71.177     71.177    35.1821    294.262     99.466 0.0000e+00
       5054     71.880     7.7817   3.620887    -0.0141     2.5369     0.2337     71.203     71.202    35.1811    294.246     99.460 0.0000e+00
       5055     71.907     7.7816   3.620744    -0.0141     2.5369     0.2339     71.230     71.229    35.1797    294.226     99.451 0.0000e+00
       5056     71.933     7.7820   3.620627    -0.0141     2.5368     0.2340     71.255     71.255    35.1780    294.186     99.438 0.0000e+00
       5057     71.958     7.7824   3.620617    -0.0141     2.5368     0.2340     71.280     71.280    35.1775    294.158     99.429 0.0000e+00
       5058     71.983     7.7823   3.620600    -0.0141     2.5367     0.2340     71.305     71.304    35.1774    294.121     99.416 0.0000e+00
       5059     72.009     7.7818   3.620568    -0.0141     2.5366     0.2340     71.330     71.330    35.1775    294.089     99.404 0.0000e+00
       5060     72.035     7.7816   3.620604    -0.0141     2.5365     0.2339     71.356     71.356    35.1781    294.055     99.393 0.0000e+00
       5061     72.061     7.7815   3.620670    -0.0141     2.5365     0.2339     71.382     71.382    35.1789    294.036     99.386 0.0000e+00
       5062     72.087     7.7815   3.620742    -0.0141     2.5365     0.2338     71.408     71.407    35.1797    294.016     99.380 0.0000e+00
       5063     72.112     7.7817   3.620869    -0.0141     2.5364     0.2336     71.433     71.432    35.1808    293.982     99.370 0.0000e+00
       5064     72.136     7.7813   3.620885    -0.0141     2.5363     0.2335     71.456     71.456    35.1814    293.955     99.361 0.0000e+00
       5065     72.159     7.7807   3.620860    -0.0141     2.5362     0.2334     71.479     71.479    35.1817    293.931     99.351 0.0000e+00
       5066     72.184     7.7800   3.620816    -0.0141     2.5362     0.2332     71.503     71.503    35.1819    293.926     99.348 0.0000e+00
       5067     72.208     7.7797   3.620834    -0.0141     2.5361     0.2329     71.527     71.527    35.1824    293.906     99.341 0.0000e+00
       5068     72.231     7.7799   3.620847    -0.0141     2.5360     0.2327     71.550     71.550    35.1824    293.885     99.334 0.0000e+00
       5069     72.254     7.7801   3.620889    -0.0141     2.5360     0.2324     71.573     71.573    35.1826    293.881     99.333 0.0000e+00
       5070     72.279     7.7799   3.620836    -0.0141     2.5359     0.2322     71.598     71.597    35.1822    293.865     99.327 0.0000e+00
       5071     72.305     7.7787   3.620766    -0.0141     2.5359     0.2320     71.623     71.623    35.1827    293.872     99.327 0.0000e+00
       5072     72.329     7.7779   3.620746    -0.0141     2.5358     0.2318     71.647     71.647    35.1832    293.862     99.323 0.0000e+00
       5073     72.352     7.7778   3.620746    -0.0141     2.5357     0.2317     71.670     71.670    35.1833    293.851     99.319 0.0000e+00
       5074     72.374     7.7779   3.620700    -0.0141     2.5356     0.2315     71.692     71.692    35.1827    293.841     99.315 0.0000e+00
       5075     72.397     7.7784   3.620779    -0.0141     2.5355     0.2314     71.715     71.714    35.1831    293.832     99.313 0.0000e+00
       5076     72.421     7.7794   3.620765    -0.0141     2.5353     0.2312     71.738     71.738    35.1819    293.809     99.307 0.0000e+00
       5077     72.444     7.7800   3.620709    -0.0141     2.5351     0.2311     71.761     71.761    35.1807    293.792     99.302 0.0000e+00
       5078     72.466     7.7808   3.620665    -0.0141     2.5350     0.2310     71.783     71.783    35.1794    293.793     99.303 0.0000e+00
       5079     72.487     7.7806   3.620634    -0.0141     2.5348     0.2309     71.804     71.803    35.1792    293.787     99.301 0.0000e+00
       5080     72.510     7.7784   3.620645    -0.0141     2.5346     0.2309     71.826     71.826    35.1816    293.792     99.299 0.0000e+00
       5081     72.532     7.7776   3.620696    -0.0141     2.5345     0.2308     71.848     71.848    35.1829    293.804     99.302 0.0000e+00
       5082     72.553     7.7768   3.620640    -0.0141     2.5345     0.2307     71.869     71.869    35.1831    293.834     99.310 0.0000e+00
       5083     72.573     7.7750   3.620515    -0.0141     2.5345     0.2306     71.889     71.889    35.1835    293.870     99.319 0.0000e+00
       5084     72.594     7.7740   3.620404    -0.0141     2.5344     0.2306     71.909     71.909    35.1833    293.887     99.322 0.0000e+00
       5085     72.616     7.7728   3.620401    -0.0141     2.5343     0.2305     71.931     71.931    35.1845    293.904     99.326 0.0000e+00
       5086     72.637     7.7717   3.620385    -0.0141     2.5342     0.2304     71.952     71.952    35.1854    293.925     99.331 0.0000e+00
       5087     72.656     7.7713   3.620467    -0.0141     2.5342     0.2304     71.971     71.971    35.1867    293.958     99.342 0.0000e+00
       5088     72.676     7.7708   3.620573    -0.0141     2.5342     0.2303     71.991     71.991    35.1884    293.992     99.354 0.0000e+00
       5089     72.696     7.7706   3.620651    -0.0141     2.5341     0.2303     72.011     72.010    35.1894    294.010     99.360 0.0000e+00
       5090     72.717     7.7710   3.620665    -0.0141     2.5341     0.2302     72.031     72.031    35.1891    294.041     99.371 0.0000e+00
       5091     72.738     7.7725   3.620599    -0.0141     2.5340     0.2301     72.052     72.052    35.1869    294.056     99.378 0.0000e+00
       5092     72.760     7.7744   3.620440    -0.0141     2.5339     0.2301     72.074     72.074    35.1832    294.071     99.385 0.0000e+00
       5093     72.780     7.7756   3.620368    -0.0141     2.5339     0.2300     72.094     72.094    35.1812    294.103     99.398 0.0000e+00
       5094     72.800     7.7764   3.620311    -0.0141     2.5338     0.2299     72.114     72.113    35.1798    294.126     99.406 0.0000e+00
       5095     72.821     7.7775   3.620233    -0.0141     2.5338     0.2299     72.134     72.134    35.1778    294.163     99.420 0.0000e+00
       5096     72.840     7.7781   3.620164    -0.0141     2.5338     0.2298     72.153     72.153    35.1765    294.202     99.433 0.0000e+00
       5097     72.858     7.7780   3.620075    -0.0141     2.5338     0.2298     72.171     72.171    35.1756    294.245     99.447 0.0000e+00
       5098     72.876     7.7782   3.619980    -0.0141     2.5339     0.2298     72.189     72.189    35.1744    294.299     99.465 0.0000e+00
       5099     72.892     7.7786   3.619905    -0.0141     2.5340     0.2297     72.205     72.205    35.1732    294.351     99.483 0.0000e+00
       5100     72.908     7.7788   3.619840    -0.0141     2.5341     0.2297     72.221     72.220    35.1722    294.402     99.500 0.0000e+00
       5101     72.924     7.7789   3.619806    -0.0141     2.5343     0.2297     72.237     72.236    35.1718    294.466     99.521 0.0000e+00
       5102     72.941     7.7786   3.619894    -0.0141     2.5345     0.2296     72.253     72.253    35.1730    294.526     99.542 0.0000e+00
       5103     72.959     7.7782   3.620000    -0.0141     2.5346     0.2296     72.271     72.271    35.1746    294.570     99.557 0.0000e+00
       5104     72.977     7.7771   3.620069    -0.0141     2.5346     0.2296     72.289     72.289    35.1764    294.602     99.566 0.0000e+00
       5105     72.995     7.7758   3.620195    -0.0141     2.5346     0.2296     72.307     72.307    35.1791    294.630     99.575 0.0000e+00
       5106     73.013     7.7763   3.620287    -0.0141     2.5346     0.2296     72.324     72.324    35.1795    294.650     99.583 0.0000e+00
       5107     73.031     7.7771   3.620332    -0.0141     2.5346     0.2296     72.342     72.342    35.1792    294.671     99.592 0.0000e+00
       5108     73.048     7.7772   3.620435    -0.0141     2.5346     0.2296     72.359     72.359    35.1802    294.696     99.601 0.0000e+00
       5109     73.065     7.7779   3.620450    -0.0141     2.5347     0.2296     72.376     72.376    35.1797    294.734     99.615 0.0000e+00
       5110     73.084     7.7780   3.620516    -0.0141     2.5349     0.2296     72.394     72.395    35.1803    294.789     99.634 0.0000e+00
       5111     73.103     7.7759   3.620581    -0.0141     2.5350     0.2296     72.413     72.414    35.1831    294.840     99.649 0.0000e+00
