Data/CTD_05.cnv
* Sea-Bird SBE 9 Data File:
* FileName = C:\Users\ctd-user\Desktop\CTD_data\OC4920\CTD_05.hex
* Software Version Seasave V 7.26.2.13
* Temperature SN = 6313
* Conductivity SN = 4758
* Number of Bytes Per Scan = 28
* Number of Voltage Words = 3
* Number of Scans Averaged by the Deck Unit = 1
* NMEA Latitude = 57 56.89 N
* NMEA Longitude = 010 47.07 E
* NMEA UTC (Time) = May 07 2025 08:44:53
** Station: test
** Operator: Operator 1
** Ship: 7720 Skagerak
** Cruise: 7720-2025-01
** Latitude [GG MM.mm N]:
** Longitude [GG MM.mm E]:
** Pumps: PrimaryPump: 1820 # SecondaryPump:
** EventIDs: EventID: 3decf26d-821b-4112-8042-a2c98b568458 # ParentEventID:
** Additional Sampling:
** Metadata admin: MPROG: Other # PROJ: Other # ORDERER: GU # SLABO: GU # ALABO: GU # REFSK: ingen
** Metadata conditions: WADEP: 10 # WINSP: 1 # WINDIR: 02 # AIRPRES: 1000 # AIRTEMP: 1 # WEATH: 9 # CLOUD: 9 # WAVES: 9 # ICEOB: 9 # COMNT_VISIT:
** LIMS Job:
# nquan = 13                                
# nvalues = 9997                        
# units = specified
# name 0 = scan: Scan Count
# name 1 = prDM: Pressure, Digiquartz [db]
# name 2 = t090C: Temperature [ITS-90, deg C]
# name 3 = c0S/m: Conductivity [S/m]
# name 4 = flECO-AFL: Fluorescence, WET Labs ECO-AFL/FL [mg/m^3]
# name 5 = sbeox0V: Oxygen raw, SBE 43 [V]
# name 6 = turbWETntu0: Turbidity, WET Labs ECO [NTU]
# name 7 = depSM: Depth [salt water, m]
# name 8 = depSM: Depth [salt water, m], lat = 57.9482
# name 9 = sal00: Salinity, Practical [PSU]
# name 10 = sbeox0Mm/L: Oxygen, SBE 43 [umol/l], WS = 2
# name 11 = sbeox0PS: Oxygen, SBE 43 [% saturation], WS = 2
# name 12 = flag: flag
# span 0 =          1,       9997       
# span 1 =     -0.415,    177.086       
# span 2 =     7.7684,    10.5308       
# span 3 =   3.244558,   3.670287       
# span 4 =    -0.0505,     2.4530       
# span 5 =     2.2823,     2.7292       
# span 6 =     0.1571,     1.2065       
# span 7 =     -0.411,    175.370       
# span 8 =     -0.411,    175.370       
# span 9 =    28.9673,    35.3238       
# span 10 =    247.014,    313.463      
# span 11 =     85.304,    107.952      
# span 12 = 0.0000e+00, 0.0000e+00      
# interval = seconds: 0.0416667
# start_time = May 07 2025 08:44:53 [NMEA time, header]
# bad_flag = -9.990e-29
*END*
[from data line 112]
        113     -0.102    10.4182   3.290578     0.3523     2.3574     1.1884     -0.101     -0.101    29.4085    258.755     89.336 -9.990e-29
        114     -0.107    10.4182   3.290624     0.3524     2.3573     1.1881     -0.106     -0.106    29.4090    258.715     89.322 -9.990e-29
        115     -0.112    10.4182   3.290722     0.3524     2.3571     1.1877     -0.111     -0.111    29.4100    258.658     89.303 -9.990e-29
        116     -0.117    10.4181   3.290865     0.3525     2.3569     1.1874     -0.115     -0.116    29.4115    258.600     89.284 -9.990e-29
        117     -0.121    10.4184   3.290963     0.3526     2.3568     1.1871     -0.120     -0.120    29.4122    258.555     89.269 -9.990e-29
        118     -0.127    10.4180   3.291146     0.3526     2.3567     1.1868     -0.126     -0.126    29.4143    258.508     89.253 -9.990e-29
        119     -0.132    10.4186   3.291395     0.3527     2.3566     1.1865     -0.131     -0.131    29.4163    258.453     89.237 -9.990e-29
        120     -0.137    10.4182   3.291623     0.3528     2.3564     1.1863     -0.135     -0.136    29.4189    258.388     89.215 -9.990e-29
        121     -0.141    10.4184   3.291940     0.3528     2.3562     1.1861     -0.139     -0.140    29.4219    258.319     89.193 -9.990e-29
        122     -0.145    10.4185   3.292170     0.3528     2.3561     1.1859     -0.144     -0.144    29.4241    258.265     89.176 -9.990e-29
        123     -0.149    10.4185   3.292388     0.3528     2.3560     1.1858     -0.148     -0.148    29.4262    258.212     89.159 -9.990e-29
        124     -0.153    10.4185   3.292521     0.3528     2.3558     1.1856     -0.151     -0.152    29.4275    258.144     89.136 -9.990e-29
        125     -0.155    10.4187   3.292602     0.3527     2.3556     1.1855     -0.154     -0.154    29.4282    258.075     89.113 -9.990e-29
        126     -0.158    10.4189   3.292678     0.3527     2.3554     1.1853     -0.156     -0.157    29.4288    258.004     89.089 -9.990e-29
        127     -0.162    10.4190   3.292753     0.3527     2.3553     1.1852     -0.160     -0.160    29.4294    257.943     89.069 -9.990e-29
        128     -0.166    10.4193   3.292863     0.3527     2.3551     1.1850     -0.164     -0.164    29.4303    257.863     89.043 -9.990e-29
        129     -0.169    10.4192   3.292931     0.3527     2.3549     1.1848     -0.167     -0.167    29.4310    257.784     89.015 -9.990e-29
        130     -0.172    10.4194   3.293018     0.3527     2.3547     1.1845     -0.170     -0.170    29.4317    257.702     88.988 -9.990e-29
        131     -0.172    10.4196   3.293099     0.3527     2.3544     1.1843     -0.170     -0.170    29.4324    257.603     88.954 -9.990e-29
        132     -0.171    10.4200   3.293198     0.3527     2.3541     1.1840     -0.169     -0.169    29.4330    257.502     88.921 -9.990e-29
        133     -0.170    10.4199   3.293192     0.3527     2.3539     1.1836     -0.168     -0.168    29.4331    257.416     88.891 -9.990e-29
        134     -0.169    10.4203   3.293147     0.3527     2.3536     1.1833     -0.167     -0.167    29.4323    257.315     88.856 -9.990e-29
        135     -0.169    10.4208   3.292994     0.3527     2.3534     1.1829     -0.167     -0.167    29.4304    257.227     88.826 -9.990e-29
        136     -0.166    10.4212   3.292754     0.3527     2.3531     1.1826     -0.164     -0.164    29.4277    257.127     88.791 -9.990e-29
        137     -0.162    10.4216   3.292421     0.3527     2.3527     1.1822     -0.161     -0.160    29.4240    257.014     88.750 -9.990e-29
        138     -0.159    10.4216   3.292008     0.3527     2.3524     1.1818     -0.157     -0.158    29.4200    256.915     88.714 -9.990e-29
        139     -0.155    10.4218   3.291469     0.3527     2.3521     1.1815     -0.154     -0.154    29.4145    256.816     88.677 -9.990e-29
        140     -0.151    10.4220   3.290906     0.3527     2.3518     1.1811     -0.149     -0.150    29.4087    256.715     88.639 -9.990e-29
        141     -0.145    10.4221   3.290292     0.3527     2.3516     1.1808     -0.143     -0.144    29.4026    256.626     88.605 -9.990e-29
        142     -0.138    10.4221   3.289597     0.3526     2.3512     1.1805     -0.136     -0.137    29.3957    256.510     88.561 -9.990e-29
        143     -0.131    10.4225   3.288862     0.3525     2.3509     1.1802     -0.129     -0.130    29.3881    256.408     88.522 -9.990e-29
        144     -0.123    10.4226   3.288207     0.3522     2.3505     1.1799     -0.121     -0.122    29.3815    256.293     88.479 -9.990e-29
        145     -0.114    10.4230   3.287646     0.3520     2.3502     1.1796     -0.113     -0.113    29.3756    256.189     88.441 -9.990e-29
        146     -0.106    10.4229   3.287249     0.3518     2.3499     1.1792     -0.105     -0.105    29.3718    256.085     88.402 -9.990e-29
        147     -0.098    10.4233   3.286906     0.3516     2.3495     1.1789     -0.097     -0.097    29.3681    255.964     88.359 -9.990e-29
        148     -0.090    10.4231   3.286554     0.3513     2.3490     1.1786     -0.089     -0.089    29.3648    255.834     88.312 -9.990e-29
        149     -0.081    10.4235   3.286183     0.3511     2.3486     1.1783     -0.080     -0.080    29.3608    255.715     88.270 -9.990e-29
        150     -0.072    10.4234   3.285855     0.3509     2.3481     1.1780     -0.071     -0.071    29.3576    255.586     88.223 -9.990e-29
        151     -0.063    10.4238   3.285535     0.3506     2.3475     1.1777     -0.062     -0.062    29.3541    255.440     88.172 -9.990e-29
        152     -0.054    10.4236   3.285213     0.3504     2.3470     1.1774     -0.053     -0.053    29.3511    255.313     88.126 -9.990e-29
        153     -0.046    10.4237   3.284966     0.3501     2.3465     1.1772     -0.045     -0.046    29.3485    255.184     88.080 -9.990e-29
        154     -0.038    10.4236   3.284821     0.3498     2.3460     1.1769     -0.038     -0.038    29.3472    255.057     88.035 -9.990e-29
        155     -0.030    10.4238   3.284696     0.3495     2.3454     1.1767     -0.029     -0.030    29.3458    254.916     87.986 -9.990e-29
        156     -0.021    10.4238   3.284696     0.3491     2.3448     1.1764     -0.020     -0.021    29.3458    254.775     87.937 -9.990e-29
        157     -0.013    10.4239   3.284816     0.3488     2.3442     1.1761     -0.013     -0.013    29.3469    254.633     87.889 -9.990e-29
        158     -0.006    10.4236   3.285062     0.3484     2.3436     1.1758     -0.006     -0.006    29.3496    254.494     87.842 -9.990e-29
        159      0.001    10.4240   3.285327     0.3480     2.3430     1.1754      0.001      0.001    29.3519    254.353     87.795 -9.990e-29
        160      0.008    10.4238   3.285602     0.3476     2.3425     1.1750      0.008      0.008    29.3547    254.232     87.755 -9.990e-29
        161      0.015    10.4239   3.286021     0.3471     2.3419     1.1745      0.015      0.015    29.3588    254.098     87.711 -9.990e-29
        162      0.022    10.4243   3.286678     0.3467     2.3412     1.1740      0.022      0.022    29.3650    253.949     87.664 -9.990e-29
        163      0.028    10.4244   3.287396     0.3461     2.3406     1.1736      0.028      0.028    29.3720    253.818     87.623 -9.990e-29
        164      0.034    10.4248   3.288069     0.3456     2.3399     1.1731      0.034      0.034    29.3783    253.677     87.578 -9.990e-29
        165      0.040    10.4249   3.288568     0.3451     2.3392     1.1726      0.040      0.040    29.3832    253.546     87.536 -9.990e-29
        166      0.046    10.4252   3.288949     0.3447     2.3385     1.1722      0.045      0.046    29.3867    253.422     87.496 -9.990e-29
        167      0.050    10.4254   3.289151     0.3443     2.3379     1.1719      0.050      0.050    29.3885    253.318     87.461 -9.990e-29
        168      0.054    10.4256   3.289300     0.3441     2.3373     1.1716      0.054      0.053    29.3898    253.218     87.428 -9.990e-29
        169      0.059    10.4258   3.289381     0.3439     2.3367     1.1713      0.058      0.058    29.3905    253.123     87.396 -9.990e-29
        170      0.062    10.4259   3.289468     0.3437     2.3361     1.1710      0.061      0.061    29.3913    253.034     87.366 -9.990e-29
        171      0.063    10.4259   3.289508     0.3437     2.3354     1.1707      0.063      0.062    29.3917    252.934     87.332 -9.990e-29
        172      0.065    10.4258   3.289559     0.3437     2.3348     1.1704      0.064      0.064    29.3922    252.853     87.304 -9.990e-29
        173      0.067    10.4256   3.289644     0.3438     2.3341     1.1701      0.066      0.066    29.3932    252.761     87.272 -9.990e-29
        174      0.069    10.4252   3.289729     0.3439     2.3335     1.1698      0.069      0.068    29.3944    252.685     87.246 -9.990e-29
        175      0.072    10.4250   3.289797     0.3441     2.3328     1.1695      0.072      0.071    29.3952    252.596     87.215 -9.990e-29
        176      0.074    10.4249   3.289876     0.3444     2.3321     1.1692      0.074      0.073    29.3961    252.508     87.185 -9.990e-29
        177      0.075    10.4246   3.289990     0.3448     2.3314     1.1690      0.075      0.074    29.3975    252.422     87.155 -9.990e-29
        178      0.075    10.4248   3.290111     0.3452     2.3308     1.1688      0.075      0.074    29.3985    252.351     87.132 -9.990e-29
        179      0.076    10.4244   3.290207     0.3458     2.3301     1.1686      0.076      0.075    29.3998    252.272     87.105 -9.990e-29
        180      0.075    10.4244   3.290334     0.3463     2.3295     1.1684      0.075      0.074    29.4010    252.208     87.083 -9.990e-29
        181      0.074    10.4244   3.290442     0.3470     2.3289     1.1682      0.074      0.073    29.4021    252.144     87.062 -9.990e-29
        182      0.074    10.4245   3.290535     0.3477     2.3282     1.1680      0.073      0.073    29.4029    252.068     87.036 -9.990e-29
        183      0.071    10.4242   3.290659     0.3484     2.3276     1.1679      0.071      0.070    29.4044    252.008     87.016 -9.990e-29
        184      0.068    10.4244   3.290770     0.3493     2.3270     1.1677      0.067      0.067    29.4054    251.948     86.996 -9.990e-29
        185      0.065    10.4243   3.290855     0.3502     2.3265     1.1676      0.065      0.064    29.4063    251.906     86.982 -9.990e-29
        186      0.063    10.4246   3.290930     0.3513     2.3261     1.1674      0.062      0.062    29.4068    251.877     86.972 -9.990e-29
        187      0.060    10.4242   3.290964     0.3525     2.3256     1.1672      0.060      0.059    29.4074    251.835     86.957 -9.990e-29
        188      0.058    10.4243   3.291021     0.3538     2.3251     1.1669      0.058      0.057    29.4079    251.789     86.942 -9.990e-29
        189      0.055    10.4246   3.291074     0.3552     2.3247     1.1666      0.055      0.054    29.4082    251.755     86.931 -9.990e-29
        190      0.051    10.4244   3.291090     0.3567     2.3242     1.1663      0.051      0.051    29.4085    251.708     86.915 -9.990e-29
        191      0.048    10.4247   3.291132     0.3580     2.3237     1.1660      0.047      0.048    29.4087    251.655     86.897 -9.990e-29
        192      0.044    10.4248   3.291149     0.3592     2.3231     1.1657      0.043      0.044    29.4088    251.589     86.875 -9.990e-29
        193      0.039    10.4248   3.291200     0.3603     2.3226     1.1655      0.039      0.039    29.4093    251.536     86.857 -9.990e-29
        194      0.033    10.4248   3.291206     0.3613     2.3221     1.1652      0.033      0.033    29.4094    251.481     86.838 -9.990e-29
        195      0.027    10.4251   3.291213     0.3623     2.3215     1.1648      0.026      0.027    29.4092    251.408     86.813 -9.990e-29
        196      0.022    10.4249   3.291235     0.3632     2.3210     1.1645      0.022      0.022    29.4096    251.347     86.792 -9.990e-29
        197      0.019    10.4251   3.291242     0.3640     2.3205     1.1642      0.018      0.019    29.4095    251.280     86.769 -9.990e-29
        198      0.015    10.4250   3.291264     0.3648     2.3199     1.1639      0.015      0.015    29.4098    251.195     86.740 -9.990e-29
        199      0.010    10.4249   3.291321     0.3656     2.3193     1.1635      0.011      0.010    29.4104    251.106     86.709 -9.990e-29
        200      0.005    10.4251   3.291327     0.3663     2.3188     1.1631      0.005      0.005    29.4103    251.025     86.681 -9.990e-29
        201     -0.000    10.4250   3.291379     0.3669     2.3183     1.1627      0.000     -0.000    29.4109    250.939     86.652 -9.990e-29
        202     -0.006    10.4249   3.291498     0.3675     2.3179     1.1623     -0.005     -0.006    29.4122    250.862     86.626 -9.990e-29
        203     -0.011    10.4249   3.291561     0.3679     2.3174     1.1618     -0.011     -0.011    29.4128    250.769     86.594 -9.990e-29
        204     -0.016    10.4248   3.291629     0.3683     2.3170     1.1613     -0.015     -0.016    29.4136    250.684     86.565 -9.990e-29
        205     -0.020    10.4251   3.291751     0.3685     2.3165     1.1608     -0.019     -0.020    29.4145    250.581     86.530 -9.990e-29
        206     -0.024    10.4254   3.291821     0.3687     2.3161     1.1602     -0.023     -0.024    29.4150    250.490     86.499 -9.990e-29
        207     -0.028    10.4252   3.291906     0.3689     2.3156     1.1596     -0.027     -0.028    29.4160    250.381     86.462 -9.990e-29
        208     -0.032    10.4254   3.292016     0.3691     2.3152     1.1590     -0.031     -0.032    29.4169    250.283     86.429 -9.990e-29
        209     -0.037    10.4252   3.292113     0.3693     2.3147     1.1583     -0.036     -0.037    29.4180    250.169     86.390 -9.990e-29
        210     -0.041    10.4252   3.292245     0.3695     2.3142     1.1575     -0.040     -0.041    29.4193    250.053     86.351 -9.990e-29
        211     -0.045    10.4249   3.292353     0.3697     2.3136     1.1567     -0.044     -0.045    29.4207    249.924     86.306 -9.990e-29
        212     -0.049    10.4252   3.292487     0.3697     2.3130     1.1558     -0.048     -0.049    29.4217    249.791     86.261 -9.990e-29
        213     -0.052    10.4249   3.292571     0.3698     2.3125     1.1548     -0.051     -0.052    29.4228    249.674     86.221 -9.990e-29
        214     -0.055    10.4252   3.292710     0.3698     2.3119     1.1538     -0.054     -0.054    29.4240    249.542     86.177 -9.990e-29
        215     -0.059    10.4251   3.292773     0.3698     2.3113     1.1527     -0.058     -0.058    29.4247    249.413     86.132 -9.990e-29
        216     -0.062    10.4249   3.292904     0.3698     2.3108     1.1517     -0.061     -0.061    29.4261    249.297     86.093 -9.990e-29
        217     -0.063    10.4255   3.293050     0.3698     2.3102     1.1508     -0.062     -0.062    29.4271    249.165     86.049 -9.990e-29
        218     -0.064    10.4254   3.293165     0.3698     2.3095     1.1500     -0.063     -0.063    29.4283    249.025     86.001 -9.990e-29
        219     -0.066    10.4258   3.293332     0.3699     2.3088     1.1493     -0.065     -0.065    29.4296    248.886     85.955 -9.990e-29
        220     -0.068    10.4256   3.293435     0.3699     2.3081     1.1487     -0.067     -0.067    29.4308    248.752     85.908 -9.990e-29
        221     -0.069    10.4259   3.293557     0.3698     2.3073     1.1482     -0.068     -0.068    29.4318    248.605     85.859 -9.990e-29
        222     -0.069    10.4258   3.293607     0.3698     2.3065     1.1478     -0.068     -0.068    29.4324    248.464     85.810 -9.990e-29
