Data/CTD_16.cnv
* Sea-Bird SBE 9 Data File:
* FileName = C:\Users\ctd-user\Desktop\CTD_data\OC4920\CTD_16.hex
* Software Version Seasave V 7.26.2.13
* Temperature SN = 6313
* Conductivity SN = 4758
* Number of Bytes Per Scan = 28
* Number of Voltage Words = 3
* Number of Scans Averaged by the Deck Unit = 1
* NMEA Latitude = 57 45.68 N
* NMEA Longitude = 010 46.07 E
* NMEA UTC (Time) = May 07 2025 13:17:45
** Station: test
** Operator: Operator 1
** Ship: 7720 Skagerak
** Cruise: 7720-2025-01
** Latitude [GG MM.mm N]:
** Longitude [GG MM.mm E]:
** Pumps: PrimaryPump: 1820 # SecondaryPump:
** EventIDs: EventID: 3decf26d-821b-4112-8042-a2c98b568458 # ParentEventID:
** Additional Sampling:
** Metadata admin: MPROG: Other # PROJ: Other # ORDERER: GU # SLABO: GU # ALABO: GU # REFSK: ingen
** Metadata conditions: WADEP: 10 # WINSP: 1 # WINDIR: 02 # AIRPRES: 1000 # AIRTEMP: 1 # WEATH: 9 # CLOUD: 9 # WAVES: 9 # ICEOB: 9 # COMNT_VISIT:
** LIMS Job:
# nquan = 13                                
# nvalues = 6316                        
# units = specified
# name 0 = scan: Scan Count
# name 1 = prDM: Pressure, Digiquartz [db]
# name 2 = t090C: Temperature [ITS-90, deg C]
# name 3 = c0S/m: Conductivity [S/m]
# name 4 = flECO-AFL: Fluorescence, WET Labs ECO-AFL/FL [mg/m^3]
# name 5 = sbeox0V: Oxygen raw, SBE 43 [V]
# name 6 = turbWETntu0: Turbidity, WET Labs ECO [NTU]
# name 7 = depSM: Depth [salt water, m]
# name 8 = depSM: Depth [salt water, m], lat = 57.7613
# name 9 = sal00: Salinity, Practical [PSU]
# name 10 = sbeox0Mm/L: Oxygen, SBE 43 [umol/l], WS = 2
# name 11 = sbeox0PS: Oxygen, SBE 43 [% saturation], WS = 2
# name 12 = flag: flag
# span 0 =          1,       6316       
# span 1 =     -1.563,     33.953       
# span 2 =     7.7638,    11.0556       
# span 3 =   0.102048,   3.614273       
# span 4 =    -0.1113,     5.1594       
# span 5 =     1.6810,     2.7425       
# span 6 =    -0.0444,     2.0473       
# span 7 =     -1.548,     33.637       
# span 8 =     -1.549,     33.636       
# span 9 =     0.7141,    35.0279       
# span 10 =    188.408,    315.286      
# span 11 =     56.994,    108.447      
# span 12 = 0.0000e+00, 0.0000e+00      
# interval = seconds: 0.0416667
# start_time = May 07 2025 13:17:45 [NMEA time, header]
# bad_flag = -9.990e-29
*END*
[from data line 3667]
       3668      9.502     8.6428   3.572662     0.9234     2.2629     0.3546      9.414      9.414    33.8493    283.271     96.773 -9.990e-29
       3669      9.503     8.6431   3.572628     0.9261     2.2679     0.3546      9.415      9.415    33.8487    283.250     96.766 -9.990e-29
       3670      9.505     8.6431   3.572634     0.9284     2.2729     0.3546      9.417      9.417    33.8487    283.236     96.761 -9.990e-29
       3671      9.506     8.6438   3.572570     0.9304     2.2777     0.3547      9.418      9.418    33.8474    283.196     96.748 -9.990e-29
       3672      9.507     8.6440   3.572524     0.9321     2.2825     0.3547      9.419      9.419    33.8467    283.168     96.738 -9.990e-29
       3673      9.508     8.6442   3.572536     0.9334     2.2872     0.3548      9.420      9.420    33.8466    283.133     96.727 -9.990e-29
       3674      9.511     8.6442   3.572476     0.9345     2.2917     0.3548      9.423      9.423    33.8460    283.083     96.709 -9.990e-29
       3675      9.514     8.6447   3.572478     0.9353     2.2961     0.3549      9.426      9.426    33.8455    283.025     96.690 -9.990e-29
       3676      9.518     8.6448   3.572484     0.9359     2.3004     0.3550      9.430      9.430    33.8455    282.967     96.671 -9.990e-29
       3677      9.521     8.6452   3.572438     0.9361     2.3047     0.3551      9.433      9.433    33.8446    282.920     96.655 -9.990e-29
       3678      9.523     8.6450   3.572425     0.9361     2.3089     0.3552      9.435      9.435    33.8447    282.875     96.639 -9.990e-29
       3679      9.525     8.6453   3.572396     0.9357     2.3130     0.3553      9.437      9.437    33.8441    282.825     96.623 -9.990e-29
       3680      9.527     8.6454   3.572390     0.9351     2.3169     0.3554      9.439      9.439    33.8439    282.759     96.600 -9.990e-29
       3681      9.529     8.6457   3.572374     0.9341     2.3208     0.3556      9.441      9.441    33.8435    282.704     96.582 -9.990e-29
       3682      9.531     8.6460   3.572387     0.9329     2.3245     0.3557      9.443      9.443    33.8433    282.630     96.557 -9.990e-29
       3683      9.533     8.6466   3.572418     0.9313     2.3281     0.3559      9.445      9.445    33.8431    282.551     96.531 -9.990e-29
       3684      9.535     8.6496   3.572441     0.9295     2.3316     0.3561      9.447      9.447    33.8405    282.453     96.502 -9.990e-29
       3685      9.539     8.6535   3.572425     0.9274     2.3350     0.3563      9.451      9.451    33.8365    282.346     96.472 -9.990e-29
       3686      9.542     8.6563   3.572483     0.9249     2.3384     0.3565      9.453      9.454    33.8345    282.253     96.444 -9.990e-29
       3687      9.543     8.6561   3.572500     0.9221     2.3416     0.3568      9.455      9.455    33.8348    282.160     96.413 -9.990e-29
       3688      9.545     8.6551   3.572561     0.9189     2.3448     0.3571      9.457      9.457    33.8364    282.079     96.384 -9.990e-29
       3689      9.549     8.6545   3.572534     0.9153     2.3479     0.3574      9.460      9.460    33.8367    281.990     96.352 -9.990e-29
       3690      9.552     8.6543   3.572592     0.9113     2.3510     0.3578      9.464      9.463    33.8375    281.905     96.323 -9.990e-29
       3691      9.554     8.6569   3.572263     0.9071     2.3539     0.3582      9.466      9.465    33.8316    281.791     96.286 -9.990e-29
       3692      9.555     8.6600   3.565319     0.9029     2.3568     0.3585      9.467      9.466    33.7555    281.809     96.252 -9.990e-29
       3693      9.556     8.6620   3.557629     0.8989     2.3596     0.3588      9.467      9.467    33.6726    281.842     96.215 -9.990e-29
       3694      9.556     8.6631   3.557556     0.8951     2.3623     0.3591      9.468      9.467    33.6708    281.726     96.177 -9.990e-29
       3695      9.558     8.6639   3.563856     0.8915     2.3650     0.3593      9.470      9.469    33.7364    281.499     96.142 -9.990e-29
       3696      9.561     8.6639   3.576736     0.8881     2.3676     0.3595      9.473      9.472    33.8720    281.142     96.105 -9.990e-29
       3697      9.564     8.6641   3.589394     0.8849     2.3702     0.3597      9.476      9.475    34.0051    280.798     96.070 -9.990e-29
       3698      9.565     8.6641   3.596248     0.8818     2.3726     0.3599      9.476      9.476    34.0774    280.548     96.030 -9.990e-29
       3699      9.565     8.6643   3.599204     0.8789     2.3750     0.3601      9.476      9.476    34.1083    280.380     95.992 -9.990e-29
       3700      9.566     8.6643   3.600513     0.8760     2.3773     0.3602      9.477      9.477    34.1221    280.240     95.953 -9.990e-29
       3701      9.566     8.6644   3.601233     0.8732     2.3795     0.3603      9.477      9.477    34.1296    280.106     95.912 -9.990e-29
       3702      9.566     8.6646   3.601828     0.8705     2.3817     0.3604      9.477      9.477    34.1357    279.985     95.875 -9.990e-29
       3703      9.567     8.6646   3.602786     0.8678     2.3839     0.3605      9.478      9.478    34.1458    279.868     95.841 -9.990e-29
       3704      9.567     8.6639   3.604068     0.8651     2.3860     0.3606      9.478      9.478    34.1600    279.744     95.805 -9.990e-29
       3705      9.567     8.6625   3.605045     0.8624     2.3881     0.3607      9.478      9.478    34.1717    279.635     95.772 -9.990e-29
       3706      9.568     8.6609   3.605467     0.8597     2.3901     0.3608      9.479      9.479    34.1777    279.533     95.738 -9.990e-29
       3707      9.568     8.6586   3.605268     0.8570     2.3920     0.3609      9.480      9.479    34.1778    279.438     95.701 -9.990e-29
       3708      9.567     8.6569   3.604743     0.8544     2.3938     0.3610      9.479      9.478    34.1739    279.340     95.661 -9.990e-29
       3709      9.566     8.6574   3.604381     0.8517     2.3955     0.3611      9.477      9.477    34.1696    279.217     95.617 -9.990e-29
       3710      9.566     8.6593   3.604245     0.8490     2.3971     0.3612      9.477      9.477    34.1663    279.076     95.571 -9.990e-29
       3711      9.566     8.6618   3.604206     0.8462     2.3987     0.3612      9.477      9.477    34.1635    278.939     95.528 -9.990e-29
       3712      9.565     8.6633   3.604152     0.8433     2.4001     0.3613      9.476      9.476    34.1615    278.786     95.477 -9.990e-29
       3713      9.564     8.6641   3.604143     0.8402     2.4015     0.3614      9.476      9.475    34.1606    278.643     95.429 -9.990e-29
       3714      9.563     8.6644   3.604143     0.8369     2.4028     0.3615      9.475      9.474    34.1603    278.494     95.379 -9.990e-29
       3715      9.562     8.6644   3.604143     0.8335     2.4042     0.3616      9.473      9.473    34.1603    278.369     95.336 -9.990e-29
       3716      9.560     8.6643   3.604017     0.8300     2.4055     0.3617      9.472      9.471    34.1591    278.238     95.290 -9.990e-29
       3717      9.558     8.6621   3.603680     0.8265     2.4068     0.3618      9.469      9.469    34.1577    278.129     95.247 -9.990e-29
       3718      9.555     8.6623   3.603371     0.8234     2.4080     0.3618      9.466      9.466    34.1542    277.999     95.201 -9.990e-29
       3719      9.552     8.6631   3.602773     0.8206     2.4092     0.3618      9.464      9.463    34.1471    277.879     95.157 -9.990e-29
       3720      9.551     8.6636   3.602184     0.8181     2.4103     0.3618      9.462      9.462    34.1404    277.756     95.112 -9.990e-29
       3721      9.549     8.6643   3.602151     0.8159     2.4114     0.3618      9.461      9.460    34.1394    277.631     95.070 -9.990e-29
       3722      9.547     8.6636   3.602665     0.8140     2.4125     0.3618      9.459      9.458    34.1455    277.514     95.032 -9.990e-29
       3723      9.544     8.6608   3.603482     0.8124     2.4136     0.3618      9.456      9.456    34.1568    277.410     94.998 -9.990e-29
       3724      9.541     8.6568   3.604151     0.8112     2.4147     0.3619      9.453      9.453    34.1678    277.325     94.967 -9.990e-29
       3725      9.539     8.6527   3.604403     0.8103     2.4158     0.3619      9.451      9.451    34.1744    277.255     94.938 -9.990e-29
       3726      9.535     8.6486   3.604406     0.8098     2.4168     0.3618      9.447      9.447    34.1784    277.186     94.908 -9.990e-29
       3727      9.531     8.6452   3.604262     0.8095     2.4177     0.3618      9.443      9.443    34.1802    277.110     94.876 -9.990e-29
       3728      9.528     8.6421   3.603994     0.8095     2.4186     0.3617      9.440      9.440    34.1803    277.042     94.847 -9.990e-29
       3729      9.524     8.6401   3.603505     0.8100     2.4193     0.3616      9.436      9.436    34.1771    276.953     94.810 -9.990e-29
       3730      9.520     8.6381   3.603295     0.8107     2.4201     0.3615      9.432      9.432    34.1768    276.881     94.781 -9.990e-29
       3731      9.516     8.6356   3.603381     0.8116     2.4208     0.3613      9.428      9.428    34.1802    276.801     94.750 -9.990e-29
       3732      9.512     8.6333   3.603462     0.8130     2.4215     0.3612      9.424      9.424    34.1832    276.728     94.722 -9.990e-29
       3733      9.509     8.6312   3.603442     0.8146     2.4221     0.3610      9.421      9.421    34.1851    276.648     94.692 -9.990e-29
       3734      9.506     8.6294   3.603358     0.8165     2.4228     0.3607      9.418      9.418    34.1859    276.589     94.668 -9.990e-29
       3735      9.502     8.6274   3.602726     0.8188     2.4235     0.3605      9.414      9.414    34.1812    276.548     94.647 -9.990e-29
       3736      9.497     8.6248   3.601598     0.8215     2.4241     0.3602      9.409      9.409    34.1718    276.512     94.623 -9.990e-29
       3737      9.493     8.6223   3.600155     0.8246     2.4247     0.3599      9.405      9.405    34.1590    276.485     94.601 -9.990e-29
       3738      9.491     8.6200   3.598694     0.8282     2.4252     0.3596      9.403      9.403    34.1458    276.448     94.575 -9.990e-29
       3739      9.488     8.6177   3.597193     0.8323     2.4257     0.3593      9.400      9.400    34.1322    276.415     94.551 -9.990e-29
       3740      9.484     8.6157   3.595973     0.8370     2.4261     0.3590      9.396      9.396    34.1212    276.365     94.523 -9.990e-29
       3741      9.480     8.6141   3.595046     0.8422     2.4265     0.3586      9.392      9.392    34.1130    276.312     94.496 -9.990e-29
       3742      9.475     8.6125   3.594320     0.8477     2.4270     0.3583      9.388      9.387    34.1069    276.273     94.476 -9.990e-29
       3743      9.471     8.6109   3.593524     0.8530     2.4274     0.3579      9.384      9.383    34.1000    276.226     94.453 -9.990e-29
       3744      9.468     8.6096   3.592687     0.8580     2.4280     0.3576      9.381      9.380    34.0925    276.212     94.440 -9.990e-29
       3745      9.465     8.6083   3.591809     0.8624     2.4285     0.3573      9.378      9.377    34.0844    276.188     94.424 -9.990e-29
       3746      9.462     8.6073   3.590802     0.8665     2.4290     0.3570      9.374      9.374    34.0748    276.169     94.410 -9.990e-29
       3747      9.458     8.6063   3.589616     0.8701     2.4295     0.3568      9.371      9.370    34.0632    276.158     94.397 -9.990e-29
       3748      9.454     8.6053   3.588062     0.8734     2.4300     0.3566      9.367      9.366    34.0478    276.158     94.385 -9.990e-29
       3749      9.450     8.6045   3.586520     0.8764     2.4304     0.3564      9.363      9.362    34.0323    276.146     94.370 -9.990e-29
       3750      9.446     8.6034   3.585132     0.8791     2.4309     0.3562      9.359      9.358    34.0187    276.150     94.361 -9.990e-29
       3751      9.443     8.6028   3.584061     0.8814     2.4313     0.3560      9.355      9.355    34.0080    276.135     94.348 -9.990e-29
       3752      9.438     8.6018   3.583143     0.8836     2.4316     0.3559      9.351      9.351    33.9993    276.108     94.331 -9.990e-29
       3753      9.435     8.6016   3.582241     0.8854     2.4319     0.3557      9.348      9.348    33.9899    276.080     94.316 -9.990e-29
       3754      9.433     8.6013   3.581546     0.8870     2.4322     0.3556      9.346      9.346    33.9829    276.051     94.301 -9.990e-29
       3755      9.431     8.6011   3.580940     0.8884     2.4325     0.3555      9.344      9.344    33.9767    276.022     94.287 -9.990e-29
       3756      9.428     8.6014   3.580294     0.8896     2.4328     0.3554      9.341      9.341    33.9696    275.991     94.272 -9.990e-29
       3757      9.426     8.6011   3.579914     0.8906     2.4331     0.3554      9.338      9.339    33.9659    275.959     94.258 -9.990e-29
       3758      9.423     8.6011   3.579577     0.8913     2.4334     0.3553      9.336      9.336    33.9623    275.924     94.244 -9.990e-29
       3759      9.420     8.6011   3.579132     0.8919     2.4337     0.3553      9.333      9.333    33.9576    275.892     94.230 -9.990e-29
       3760      9.416     8.6011   3.578705     0.8923     2.4340     0.3553      9.329      9.329    33.9531    275.863     94.218 -9.990e-29
       3761      9.413     8.6010   3.578313     0.8924     2.4343     0.3553      9.325      9.326    33.9491    275.837     94.206 -9.990e-29
       3762      9.411     8.6011   3.577952     0.8924     2.4345     0.3553      9.324      9.324    33.9452    275.798     94.191 -9.990e-29
       3763      9.410     8.6011   3.577579     0.8922     2.4348     0.3554      9.322      9.323    33.9412    275.774     94.180 -9.990e-29
       3764      9.409     8.6010   3.577176     0.8918     2.4349     0.3554      9.321      9.322    33.9371    275.725     94.161 -9.990e-29
       3765      9.406     8.6014   3.576240     0.8912     2.4351     0.3555      9.319      9.319    33.9268    275.697     94.146 -9.990e-29
       3766      9.404     8.6020   3.575169     0.8904     2.4353     0.3556      9.316      9.317    33.9149    275.671     94.131 -9.990e-29
       3767      9.403     8.6021   3.574137     0.8894     2.4355     0.3556      9.316      9.316    33.9040    275.649     94.117 -9.990e-29
       3768      9.404     8.6023   3.573427     0.8885     2.4357     0.3557      9.317      9.317    33.8963    275.621     94.103 -9.990e-29
       3769      9.404     8.6023   3.573231     0.8877     2.4359     0.3558      9.317      9.317    33.8942    275.588     94.091 -9.990e-29
       3770      9.405     8.6024   3.572971     0.8871     2.4361     0.3559      9.317      9.318    33.8914    275.560     94.079 -9.990e-29
       3771      9.405     8.6030   3.572642     0.8867     2.4363     0.3561      9.318      9.318    33.8873    275.533     94.069 -9.990e-29
       3772      9.405     8.6032   3.572341     0.8865     2.4364     0.3563      9.318      9.318    33.8840    275.495     94.055 -9.990e-29
       3773      9.405     8.6036   3.571981     0.8864     2.4364     0.3565      9.318      9.318    33.8798    275.447     94.036 -9.990e-29
       3774      9.404     8.6037   3.571578     0.8865     2.4364     0.3567      9.317      9.317    33.8754    275.401     94.018 -9.990e-29
       3775      9.404     8.6039   3.571308     0.8869     2.4364     0.3569      9.317      9.317    33.8724    275.355     94.001 -9.990e-29
       3776      9.403     8.6034   3.571300     0.8874     2.4365     0.3572      9.316      9.316    33.8728    275.323     93.989 -9.990e-29
       3777      9.402     8.6030   3.571263     0.8882     2.4366     0.3574      9.315      9.315    33.8728    275.293     93.978 -9.990e-29
