Data/CTD_13.cnv
* Sea-Bird SBE 9 Data File:
* FileName = C:\Users\ctd-user\Desktop\CTD_data\OC4920\CTD_13.hex
* Software Version Seasave V 7.26.2.13
* Temperature SN = 6313
* Conductivity SN = 4758
* Number of Bytes Per Scan = 28
* Number of Voltage Words = 3
* Number of Scans Averaged by the Deck Unit = 1
* NMEA Latitude = 57 48.82 N
* NMEA Longitude = 010 46.28 E
* NMEA UTC (Time) = May 07 2025 12:13:01
** Station: test
** Operator: Operator 1
** Ship: 7720 Skagerak
** Cruise: 7720-2025-01
** Latitude [GG MM.mm N]:
** Longitude [GG MM.mm E]:
** Pumps: PrimaryPump: 1820 # SecondaryPump:
** EventIDs: EventID: 3decf26d-821b-4112-8042-a2c98b568458 # ParentEventID:
** Additional Sampling:
** Metadata admin: MPROG: Other # PROJ: Other # ORDERER: GU # SLABO: GU # ALABO: GU # REFSK: ingen
** Metadata conditions: WADEP: 10 # WINSP: 1 # WINDIR: 02 # AIRPRES: 1000 # AIRTEMP: 1 # WEATH: 9 # CLOUD: 9 # WAVES: 9 # ICEOB: 9 # COMNT_VISIT:
** LIMS Job:
# nquan = 13                                
# nvalues = 12669                       
# units = specified
# name 0 = scan: Scan Count
# name 1 = prDM: Pressure, Digiquartz [db]
# name 2 = t090C: Temperature [ITS-90, deg C]
# name 3 = c0S/m: Conductivity [S/m]
# name 4 = flECO-AFL: Fluorescence, WET Labs ECO-AFL/FL [mg/m^3]
# name 5 = sbeox0V: Oxygen raw, SBE 43 [V]
# name 6 = turbWETntu0: Turbidity, WET Labs ECO [NTU]
# name 7 = depSM: Depth [salt water, m]
# name 8 = depSM: Depth [salt water, m], lat = 57.8137
# name 9 = sal00: Salinity, Practical [PSU]
# name 10 = sbeox0Mm/L: Oxygen, SBE 43 [umol/l], WS = 2
# name 11 = sbeox0PS: Oxygen, SBE 43 [% saturation], WS = 2
# name 12 = flag: flag
# span 0 =          1,      12669       
# span 1 =     -1.542,     77.553       
# span 2 =     7.6595,    11.2821       
# span 3 =   0.024863,   3.656270       
# span 4 =    -0.4809,    48.2221       
# span 5 =     1.5563,     2.7554       
# span 6 =    -0.1078,     0.9491       
# span 7 =     -1.528,     76.821       
# span 8 =     -1.528,     76.821       
# span 9 =     0.1692,    35.2228       
# span 10 =    180.787,    315.028      
# span 11 =     50.751,    109.131      
# span 12 = 0.0000e+00, 0.0000e+00      
# interval = seconds: 0.0416667
# start_time = May 07 2025 12:13:01 [NMEA time, header]
# bad_flag = -9.990e-29
*END*
[from data line 9445]
       9446      8.594     8.5378   3.615530     0.4549     2.5158     0.2658      8.515      8.514    34.4041    284.231     97.223 -9.990e-29
       9447      8.621     8.5368   3.615523     0.4531     2.5156     0.2660      8.541      8.541    34.4050    284.233     97.222 -9.990e-29
       9448      8.646     8.5357   3.615498     0.4512     2.5154     0.2662      8.566      8.566    34.4057    284.240     97.223 -9.990e-29
       9449      8.670     8.5347   3.615558     0.4493     2.5152     0.2665      8.589      8.590    34.4073    284.249     97.225 -9.990e-29
       9450      8.692     8.5332   3.615513     0.4473     2.5149     0.2667      8.611      8.611    34.4083    284.251     97.223 -9.990e-29
       9451      8.715     8.5316   3.615516     0.4451     2.5148     0.2668      8.634      8.634    34.4099    284.281     97.230 -9.990e-29
       9452      8.738     8.5300   3.615531     0.4429     2.5146     0.2670      8.656      8.657    34.4116    284.296     97.233 -9.990e-29
       9453      8.760     8.5287   3.615494     0.4405     2.5145     0.2673      8.678      8.679    34.4125    284.326     97.241 -9.990e-29
       9454      8.784     8.5270   3.615515     0.4380     2.5145     0.2676      8.702      8.703    34.4144    284.369     97.254 -9.990e-29
       9455      8.808     8.5256   3.615483     0.4355     2.5145     0.2679      8.726      8.726    34.4154    284.410     97.265 -9.990e-29
       9456      8.831     8.5237   3.615544     0.4331     2.5144     0.2682      8.748      8.749    34.4179    284.436     97.272 -9.990e-29
       9457      8.852     8.5229   3.615562     0.4309     2.5142     0.2685      8.770      8.770    34.4188    284.443     97.273 -9.990e-29
       9458      8.875     8.5219   3.615537     0.4288     2.5141     0.2687      8.793      8.793    34.4195    284.468     97.280 -9.990e-29
       9459      8.898     8.5205   3.615564     0.4270     2.5139     0.2689      8.816      8.815    34.4212    284.479     97.281 -9.990e-29
       9460      8.920     8.5193   3.615557     0.4252     2.5138     0.2691      8.838      8.837    34.4223    284.505     97.288 -9.990e-29
       9461      8.942     8.5181   3.615507     0.4236     2.5136     0.2693      8.859      8.859    34.4229    284.518     97.290 -9.990e-29
       9462      8.963     8.5179   3.615484     0.4221     2.5135     0.2694      8.880      8.880    34.4228    284.539     97.297 -9.990e-29
       9463      8.983     8.5172   3.615437     0.4207     2.5134     0.2696      8.900      8.900    34.4230    284.565     97.304 -9.990e-29
       9464      9.003     8.5162   3.615412     0.4194     2.5134     0.2698      8.920      8.920    34.4237    284.606     97.317 -9.990e-29
       9465      9.023     8.5150   3.615363     0.4182     2.5133     0.2699      8.940      8.939    34.4243    284.635     97.325 -9.990e-29
       9466      9.043     8.5119   3.615299     0.4170     2.5132     0.2701      8.959      8.959    34.4267    284.675     97.333 -9.990e-29
       9467      9.061     8.5097   3.615317     0.4159     2.5130     0.2703      8.977      8.977    34.4290    284.694     97.336 -9.990e-29
       9468      9.081     8.5069   3.615279     0.4149     2.5129     0.2704      8.997      8.997    34.4313    284.729     97.344 -9.990e-29
       9469      9.103     8.5035   3.615287     0.4139     2.5128     0.2705      9.018      9.019    34.4347    284.766     97.351 -9.990e-29
       9470      9.124     8.4999   3.615252     0.4130     2.5128     0.2706      9.039      9.039    34.4379    284.820     97.364 -9.990e-29
       9471      9.143     8.4972   3.615209     0.4121     2.5128     0.2708      9.058      9.058    34.4401    284.869     97.376 -9.990e-29
       9472      9.163     8.4945   3.615189     0.4113     2.5128     0.2709      9.078      9.078    34.4425    284.918     97.388 -9.990e-29
       9473      9.184     8.4920   3.615134     0.4105     2.5129     0.2710      9.098      9.099    34.4443    284.981     97.406 -9.990e-29
       9474      9.202     8.4876   3.615137     0.4097     2.5129     0.2712      9.117      9.117    34.4486    285.038     97.418 -9.990e-29
       9475      9.220     8.4832   3.615100     0.4089     2.5129     0.2713      9.134      9.134    34.4525    285.093     97.430 -9.990e-29
       9476      9.238     8.4803   3.615085     0.4081     2.5129     0.2714      9.153      9.152    34.4552    285.141     97.442 -9.990e-29
       9477      9.257     8.4781   3.615019     0.4074     2.5129     0.2714      9.171      9.171    34.4567    285.185     97.453 -9.990e-29
       9478      9.276     8.4758   3.614924     0.4066     2.5128     0.2714      9.190      9.190    34.4579    285.215     97.459 -9.990e-29
       9479      9.295     8.4738   3.614865     0.4059     2.5127     0.2715      9.209      9.209    34.4592    285.245     97.466 -9.990e-29
       9480      9.315     8.4701   3.614722     0.4051     2.5127     0.2715      9.228      9.229    34.4613    285.299     97.478 -9.990e-29
       9481      9.334     8.4674   3.614619     0.4043     2.5126     0.2716      9.248      9.247    34.4628    285.334     97.485 -9.990e-29
       9482      9.354     8.4645   3.614479     0.4035     2.5127     0.2717      9.268      9.267    34.4642    285.396     97.500 -9.990e-29
       9483      9.374     8.4625   3.614343     0.4027     2.5127     0.2717      9.288      9.287    34.4647    285.437     97.510 -9.990e-29
       9484      9.395     8.4601   3.614229     0.4018     2.5128     0.2718      9.308      9.308    34.4658    285.490     97.524 -9.990e-29
       9485      9.414     8.4565   3.614068     0.4009     2.5129     0.2719      9.327      9.327    34.4676    285.547     97.537 -9.990e-29
       9486      9.433     8.4535   3.613964     0.4000     2.5130     0.2719      9.346      9.346    34.4695    285.597     97.548 -9.990e-29
       9487      9.451     8.4493   3.613837     0.3990     2.5131     0.2720      9.364      9.363    34.4722    285.649     97.559 -9.990e-29
       9488      9.471     8.4457   3.613736     0.3979     2.5132     0.2721      9.384      9.383    34.4747    285.696     97.569 -9.990e-29
       9489      9.492     8.4420   3.613635     0.3968     2.5133     0.2723      9.404      9.404    34.4772    285.744     97.578 -9.990e-29
       9490      9.512     8.4387   3.613570     0.3956     2.5133     0.2724      9.424      9.424    34.4797    285.770     97.582 -9.990e-29
       9491      9.531     8.4368   3.613512     0.3943     2.5133     0.2726      9.443      9.443    34.4810    285.788     97.584 -9.990e-29
       9492      9.550     8.4347   3.613446     0.3930     2.5132     0.2728      9.463      9.461    34.4823    285.787     97.580 -9.990e-29
       9493      9.570     8.4334   3.613402     0.3915     2.5132     0.2730      9.482      9.481    34.4831    285.792     97.580 -9.990e-29
       9494      9.590     8.4316   3.613337     0.3900     2.5133     0.2732      9.502      9.501    34.4842    285.810     97.583 -9.990e-29
       9495      9.611     8.4308   3.613241     0.3883     2.5133     0.2734      9.522      9.522    34.4839    285.808     97.580 -9.990e-29
       9496      9.631     8.4297   3.613090     0.3865     2.5135     0.2737      9.542      9.542    34.4834    285.835     97.587 -9.990e-29
       9497      9.650     8.4291   3.613024     0.3845     2.5136     0.2740      9.562      9.560    34.4833    285.841     97.587 -9.990e-29
       9498      9.670     8.4284   3.612886     0.3824     2.5137     0.2744      9.581      9.580    34.4825    285.848     97.588 -9.990e-29
       9499      9.690     8.4276   3.612819     0.3801     2.5138     0.2747      9.601      9.600    34.4825    285.851     97.587 -9.990e-29
       9500      9.711     8.4270   3.612687     0.3776     2.5139     0.2751      9.621      9.621    34.4817    285.856     97.587 -9.990e-29
       9501      9.732     8.4259   3.612589     0.3749     2.5140     0.2755      9.642      9.642    34.4817    285.860     97.586 -9.990e-29
       9502      9.754     8.4247   3.612491     0.3720     2.5140     0.2760      9.663      9.664    34.4819    285.849     97.580 -9.990e-29
       9503      9.775     8.4237   3.612417     0.3688     2.5141     0.2764      9.685      9.684    34.4821    285.849     97.578 -9.990e-29
       9504      9.796     8.4223   3.612342     0.3654     2.5141     0.2769      9.705      9.705    34.4826    285.836     97.570 -9.990e-29
       9505      9.818     8.4209   3.612320     0.3617     2.5142     0.2775      9.727      9.727    34.4837    285.835     97.568 -9.990e-29
       9506      9.839     8.4193   3.612262     0.3579     2.5142     0.2781      9.748      9.748    34.4847    285.820     97.560 -9.990e-29
       9507      9.861     8.4179   3.612216     0.3542     2.5142     0.2787      9.770      9.770    34.4856    285.807     97.553 -9.990e-29
       9508      9.882     8.4166   3.612105     0.3509     2.5142     0.2792      9.791      9.790    34.4856    285.795     97.546 -9.990e-29
       9509      9.904     8.4151   3.612113     0.3479     2.5141     0.2796      9.812      9.812    34.4872    285.767     97.534 -9.990e-29
       9510      9.925     8.4130   3.612040     0.3451     2.5141     0.2800      9.833      9.833    34.4885    285.758     97.527 -9.990e-29
       9511      9.947     8.4111   3.612035     0.3426     2.5140     0.2802      9.855      9.855    34.4903    285.733     97.516 -9.990e-29
       9512      9.970     8.4096   3.611982     0.3404     2.5140     0.2805      9.877      9.878    34.4912    285.720     97.508 -9.990e-29
       9513      9.992     8.4081   3.611960     0.3383     2.5140     0.2806      9.899      9.899    34.4924    285.705     97.501 -9.990e-29
       9514     10.014     8.4070   3.611926     0.3365     2.5139     0.2808      9.922      9.921    34.4931    285.675     97.489 -9.990e-29
       9515     10.038     8.4062   3.611913     0.3348     2.5139     0.2809      9.945      9.945    34.4937    285.654     97.480 -9.990e-29
       9516     10.062     8.4051   3.611832     0.3333     2.5138     0.2809      9.969      9.969    34.4939    285.623     97.468 -9.990e-29
       9517     10.085     8.4043   3.611783     0.3320     2.5137     0.2809      9.992      9.991    34.4942    285.588     97.454 -9.990e-29
       9518     10.108     8.4032   3.611689     0.3308     2.5136     0.2809     10.014     10.014    34.4943    285.555     97.440 -9.990e-29
       9519     10.131     8.4025   3.611711     0.3299     2.5135     0.2809     10.037     10.037    34.4952    285.520     97.427 -9.990e-29
       9520     10.155     8.4018   3.611650     0.3291     2.5134     0.2808     10.061     10.061    34.4952    285.487     97.415 0.0000e+00
       9521     10.179     8.4007   3.611617     0.3285     2.5133     0.2806     10.085     10.085    34.4959    285.459     97.403 0.0000e+00
       9522     10.203     8.3998   3.611537     0.3281     2.5131     0.2804     10.109     10.108    34.4959    285.419     97.388 0.0000e+00
       9523     10.227     8.3989   3.611534     0.3279     2.5130     0.2802     10.132     10.132    34.4968    285.395     97.378 0.0000e+00
       9524     10.250     8.3975   3.611458     0.3278     2.5130     0.2800     10.155     10.155    34.4973    285.392     97.374 0.0000e+00
       9525     10.272     8.3963   3.611454     0.3280     2.5129     0.2797     10.177     10.177    34.4984    285.374     97.366 0.0000e+00
       9526     10.296     8.3956   3.611380     0.3282     2.5128     0.2793     10.201     10.200    34.4983    285.358     97.359 0.0000e+00
       9527     10.321     8.3947   3.611425     0.3285     2.5128     0.2789     10.225     10.225    34.4997    285.357     97.358 0.0000e+00
       9528     10.345     8.3941   3.611340     0.3290     2.5128     0.2784     10.250     10.249    34.4994    285.360     97.357 0.0000e+00
       9529     10.369     8.3929   3.611305     0.3295     2.5128     0.2778     10.273     10.273    34.5001    285.365     97.357 0.0000e+00
       9530     10.393     8.3917   3.611295     0.3301     2.5128     0.2772     10.297     10.297    34.5012    285.373     97.358 0.0000e+00
       9531     10.418     8.3909   3.611286     0.3309     2.5129     0.2764     10.321     10.321    34.5019    285.395     97.364 0.0000e+00
       9532     10.442     8.3902   3.611255     0.3318     2.5129     0.2757     10.345     10.345    34.5022    285.405     97.366 0.0000e+00
       9533     10.467     8.3896   3.611246     0.3328     2.5128     0.2750     10.370     10.370    34.5027    285.401     97.364 0.0000e+00
       9534     10.491     8.3888   3.611136     0.3337     2.5127     0.2744     10.393     10.394    34.5023    285.401     97.361 0.0000e+00
       9535     10.515     8.3879   3.611055     0.3346     2.5126     0.2739     10.417     10.417    34.5023    285.400     97.359 0.0000e+00
       9536     10.540     8.3871   3.611118     0.3356     2.5124     0.2734     10.442     10.442    34.5038    285.383     97.352 0.0000e+00
       9537     10.565     8.3863   3.611085     0.3365     2.5122     0.2730     10.467     10.467    34.5042    285.366     97.345 0.0000e+00
       9538     10.590     8.3849   3.611085     0.3375     2.5121     0.2726     10.492     10.492    34.5055    285.365     97.343 0.0000e+00
       9539     10.615     8.3834   3.610984     0.3385     2.5119     0.2724     10.517     10.517    34.5059    285.351     97.335 0.0000e+00
       9540     10.640     8.3814   3.610989     0.3395     2.5119     0.2722     10.541     10.541    34.5079    285.364     97.336 0.0000e+00
       9541     10.665     8.3792   3.610921     0.3405     2.5118     0.2721     10.566     10.566    34.5094    285.362     97.332 0.0000e+00
       9542     10.691     8.3777   3.610861     0.3416     2.5117     0.2720     10.591     10.592    34.5102    285.354     97.326 0.0000e+00
       9543     10.714     8.3764   3.610820     0.3428     2.5117     0.2720     10.615     10.615    34.5110    285.359     97.326 0.0000e+00
       9544     10.737     8.3747   3.610778     0.3440     2.5117     0.2720     10.637     10.637    34.5122    285.362     97.324 0.0000e+00
       9545     10.761     8.3730   3.610688     0.3453     2.5116     0.2720     10.661     10.661    34.5129    285.352     97.317 0.0000e+00
       9546     10.785     8.3712   3.610698     0.3466     2.5116     0.2720     10.685     10.685    34.5148    285.353     97.315 0.0000e+00
       9547     10.808     8.3699   3.610634     0.3481     2.5116     0.2721     10.707     10.708    34.5154    285.353     97.312 0.0000e+00
       9548     10.832     8.3691   3.610583     0.3496     2.5116     0.2722     10.731     10.732    34.5156    285.350     97.310 0.0000e+00
       9549     10.857     8.3679   3.610561     0.3513     2.5115     0.2724     10.756     10.756    34.5165    285.335     97.303 0.0000e+00
       9550     10.882     8.3671   3.610437     0.3531     2.5115     0.2727     10.781     10.781    34.5160    285.334     97.300 0.0000e+00
       9551     10.905     8.3658   3.610427     0.3550     2.5115     0.2731     10.803     10.804    34.5171    285.331     97.297 0.0000e+00
       9552     10.928     8.3643   3.610277     0.3571     2.5115     0.2735     10.827     10.827    34.5170    285.335     97.295 0.0000e+00
       9553     10.951     8.3632   3.610248     0.3593     2.5114     0.2740     10.850     10.849    34.5178    285.320     97.288 0.0000e+00
       9554     10.974     8.3626   3.610215     0.3617     2.5114     0.2746     10.872     10.872    34.5180    285.320     97.287 0.0000e+00
       9555     10.997     8.3614   3.610157     0.3643     2.5114     0.2752     10.895     10.895    34.5185    285.326     97.286 0.0000e+00
