Data/CTD_06.cnv
* Sea-Bird SBE 9 Data File:
* FileName = C:\Users\ctd-user\Desktop\CTD_data\OC4920\CTD_06.hex
* Software Version Seasave V 7.26.2.13
* Temperature SN = 6313
* Conductivity SN = 4758
* Number of Bytes Per Scan = 28
* Number of Voltage Words = 3
* Number of Scans Averaged by the Deck Unit = 1
* NMEA Latitude = 57 55.90 N
* NMEA Longitude = 010 46.96 E
* NMEA UTC (Time) = May 07 2025 09:15:41
** Station: test
** Operator: Operator 1
** Ship: 7720 Skagerak
** Cruise: 7720-2025-01
** Latitude [GG MM.mm N]:
** Longitude [GG MM.mm E]:
** Pumps: PrimaryPump: 1820 # SecondaryPump:
** EventIDs: EventID: 3decf26d-821b-4112-8042-a2c98b568458 # ParentEventID:
** Additional Sampling:
** Metadata admin: MPROG: Other # PROJ: Other # ORDERER: GU # SLABO: GU # ALABO: GU # REFSK: ingen
** Metadata conditions: WADEP: 10 # WINSP: 1 # WINDIR: 02 # AIRPRES: 1000 # AIRTEMP: 1 # WEATH: 9 # CLOUD: 9 # WAVES: 9 # ICEOB: 9 # COMNT_VISIT:
** LIMS Job:
# nquan = 13                                
# nvalues = 12030                       
# units = specified
# name 0 = scan: Scan Count
# name 1 = prDM: Pressure, Digiquartz [db]
# name 2 = t090C: Temperature [ITS-90, deg C]
# name 3 = c0S/m: Conductivity [S/m]
# name 4 = flECO-AFL: Fluorescence, WET Labs ECO-AFL/FL [mg/m^3]
# name 5 = sbeox0V: Oxygen raw, SBE 43 [V]
# name 6 = turbWETntu0: Turbidity, WET Labs ECO [NTU]
# name 7 = depSM: Depth [salt water, m]
# name 8 = depSM: Depth [salt water, m], lat = 57.9317
# name 9 = sal00: Salinity, Practical [PSU]
# name 10 = sbeox0Mm/L: Oxygen, SBE 43 [umol/l], WS = 2
# name 11 = sbeox0PS: Oxygen, SBE 43 [% saturation], WS = 2
# name 12 = flag: flag
# span 0 =          1,      12030       
# span 1 =     -1.515,    166.688       
# span 2 =     7.7858,    10.6050       
# span 3 =   0.025012,   3.669958       
# span 4 =    -0.3427,     4.1235       
# span 5 =     1.9810,     2.8259       
# span 6 =    -0.1188,     0.3633       
# span 7 =     -1.501,    165.078       
# span 8 =     -1.501,    165.078       
# span 9 =     0.1704,    35.2834       
# span 10 =    206.974,    330.847      
# span 11 =     71.184,    113.585      
# span 12 = 0.0000e+00, 0.0000e+00      
# interval = seconds: 0.0416667
# start_time = May 07 2025 09:15:41 [NMEA time, header]
# bad_flag = -9.990e-29
*END*
[from data line 8112]
       8113    131.888     7.8731   3.635211    -0.0325     2.5241     0.2498    130.625    130.625    35.2140    294.183     99.665 0.0000e+00
       8114    131.906     7.8733   3.635224    -0.0326     2.5241     0.2498    130.643    130.643    35.2140    294.205     99.672 0.0000e+00
       8115    131.924     7.8734   3.635206    -0.0326     2.5241     0.2498    130.660    130.660    35.2137    294.229     99.681 0.0000e+00
       8116    131.942     7.8734   3.635248    -0.0326     2.5241     0.2498    130.679    130.678    35.2141    294.251     99.688 0.0000e+00
       8117    131.962     7.8733   3.635241    -0.0326     2.5242     0.2498    130.698    130.698    35.2141    294.289     99.701 0.0000e+00
       8118    131.983     7.8732   3.635235    -0.0326     2.5243     0.2498    130.718    130.719    35.2142    294.328     99.714 0.0000e+00
       8119    132.004     7.8734   3.635253    -0.0326     2.5243     0.2499    130.739    130.740    35.2141    294.348     99.721 0.0000e+00
       8120    132.024     7.8732   3.635240    -0.0327     2.5243     0.2499    130.760    130.759    35.2142    294.371     99.729 0.0000e+00
       8121    132.044     7.8732   3.635234    -0.0327     2.5243     0.2499    130.779    130.779    35.2141    294.395     99.737 0.0000e+00
       8122    132.063     7.8732   3.635252    -0.0327     2.5243     0.2498    130.798    130.798    35.2143    294.417     99.744 0.0000e+00
       8123    132.082     7.8731   3.635263    -0.0327     2.5243     0.2498    130.817    130.817    35.2145    294.438     99.751 0.0000e+00
       8124    132.101     7.8729   3.635238    -0.0328     2.5243     0.2497    130.835    130.836    35.2144    294.459     99.758 0.0000e+00
       8125    132.119     7.8730   3.635232    -0.0328     2.5243     0.2497    130.854    130.854    35.2143    294.476     99.764 0.0000e+00
       8126    132.138     7.8731   3.635250    -0.0328     2.5242     0.2496    130.873    130.872    35.2143    294.476     99.764 0.0000e+00
       8127    132.158     7.8732   3.635238    -0.0329     2.5242     0.2496    130.893    130.892    35.2141    294.489     99.769 0.0000e+00
       8128    132.178     7.8732   3.635232    -0.0329     2.5241     0.2495    130.912    130.912    35.2140    294.489     99.768 0.0000e+00
       8129    132.195     7.8731   3.635280    -0.0330     2.5241     0.2495    130.929    130.929    35.2146    294.501     99.773 0.0000e+00
       8130    132.213     7.8731   3.635243    -0.0330     2.5242     0.2494    130.947    130.947    35.2142    294.528     99.782 0.0000e+00
       8131    132.232     7.8729   3.635249    -0.0331     2.5243     0.2494    130.966    130.965    35.2145    294.554     99.790 0.0000e+00
       8132    132.252     7.8730   3.635237    -0.0331     2.5245     0.2493    130.985    130.985    35.2142    294.594     99.804 0.0000e+00
       8133    132.272     7.8729   3.635248    -0.0332     2.5246     0.2492    131.005    131.005    35.2145    294.620     99.812 0.0000e+00
       8134    132.291     7.8729   3.635260    -0.0333     2.5248     0.2492    131.024    131.024    35.2146    294.656     99.825 0.0000e+00
       8135    132.310     7.8732   3.635261    -0.0333     2.5249     0.2492    131.042    131.043    35.2143    294.676     99.832 0.0000e+00
       8136    132.329     7.8731   3.635236    -0.0334     2.5250     0.2491    131.061    131.061    35.2141    294.697     99.839 0.0000e+00
       8137    132.348     7.8731   3.635248    -0.0335     2.5251     0.2491    131.080    131.080    35.2142    294.716     99.845 0.0000e+00
       8138    132.367     7.8732   3.635236    -0.0336     2.5252     0.2490    131.099    131.099    35.2140    294.731     99.851 0.0000e+00
       8139    132.387     7.8732   3.635248    -0.0337     2.5253     0.2489    131.119    131.119    35.2141    294.746     99.855 0.0000e+00
       8140    132.407     7.8731   3.635235    -0.0338     2.5253     0.2488    131.138    131.139    35.2140    294.747     99.856 0.0000e+00
       8141    132.426     7.8734   3.635230    -0.0339     2.5254     0.2486    131.157    131.157    35.2137    294.762     99.861 0.0000e+00
       8142    132.446     7.8732   3.635229    -0.0341     2.5255     0.2485    131.177    131.177    35.2139    294.782     99.868 0.0000e+00
       8143    132.465     7.8733   3.635229    -0.0342     2.5255     0.2484    131.196    131.196    35.2138    294.788     99.870 0.0000e+00
       8144    132.485     7.8732   3.635229    -0.0344     2.5256     0.2483    131.215    131.216    35.2138    294.807     99.876 0.0000e+00
       8145    132.505     7.8731   3.635228    -0.0345     2.5257     0.2482    131.235    131.236    35.2139    294.825     99.882 0.0000e+00
       8146    132.526     7.8733   3.635247    -0.0347     2.5257     0.2481    131.256    131.256    35.2139    294.825     99.883 0.0000e+00
       8147    132.546     7.8731   3.635234    -0.0349     2.5257     0.2480    131.276    131.276    35.2140    294.825     99.882 0.0000e+00
       8148    132.565     7.8731   3.635246    -0.0351     2.5257     0.2478    131.295    131.295    35.2141    294.821     99.881 0.0000e+00
       8149    132.586     7.8731   3.635258    -0.0354     2.5258     0.2477    131.315    131.316    35.2142    294.831     99.884 0.0000e+00
       8150    132.606     7.8732   3.635258    -0.0356     2.5258     0.2476    131.335    131.336    35.2141    294.824     99.882 0.0000e+00
       8151    132.626     7.8732   3.635258    -0.0359     2.5258     0.2474    131.355    131.356    35.2141    294.815     99.879 0.0000e+00
       8152    132.646     7.8732   3.635257    -0.0362     2.5259     0.2472    131.375    131.375    35.2141    294.818     99.880 0.0000e+00
       8153    132.667     7.8732   3.635257    -0.0366     2.5259     0.2470    131.396    131.396    35.2141    294.804     99.875 0.0000e+00
       8154    132.686     7.8732   3.635257    -0.0369     2.5258     0.2468    131.415    131.415    35.2140    294.774     99.865 0.0000e+00
       8155    132.704     7.8734   3.635281    -0.0373     2.5258     0.2466    131.432    131.433    35.2141    294.756     99.859 0.0000e+00
       8156    132.722     7.8731   3.635262    -0.0377     2.5258     0.2463    131.450    131.451    35.2142    294.742     99.854 0.0000e+00
       8157    132.741     7.8732   3.635256    -0.0382     2.5258     0.2460    131.469    131.469    35.2140    294.728     99.850 0.0000e+00
       8158    132.763     7.8732   3.635280    -0.0387     2.5258     0.2457    131.491    131.491    35.2143    294.715     99.845 0.0000e+00
       8159    132.784     7.8731   3.635292    -0.0393     2.5259     0.2453    131.512    131.512    35.2145    294.719     99.846 0.0000e+00
       8160    132.804     7.8732   3.635262    -0.0399     2.5260     0.2449    131.532    131.532    35.2140    294.723     99.848 0.0000e+00
       8161    132.824     7.8728   3.635278    -0.0405     2.5260     0.2444    131.552    131.552    35.2146    294.715     99.845 0.0000e+00
       8162    132.844     7.8734   3.635238    -0.0412     2.5260     0.2440    131.571    131.571    35.2136    294.704     99.842 0.0000e+00
       8163    132.862     7.8732   3.635297    -0.0418     2.5260     0.2436    131.590    131.589    35.2144    294.696     99.839 0.0000e+00
       8164    132.881     7.8732   3.635267    -0.0424     2.5261     0.2433    131.608    131.608    35.2141    294.704     99.841 0.0000e+00
       8165    132.900     7.8732   3.635279    -0.0429     2.5263     0.2430    131.627    131.627    35.2142    294.727     99.849 0.0000e+00
       8166    132.920     7.8734   3.635291    -0.0434     2.5264     0.2427    131.647    131.647    35.2141    294.737     99.853 0.0000e+00
       8167    132.939     7.8734   3.635291    -0.0438     2.5265     0.2425    131.666    131.665    35.2141    294.750     99.858 0.0000e+00
       8168    132.959     7.8733   3.635291    -0.0442     2.5265     0.2423    131.685    131.685    35.2142    294.749     99.857 0.0000e+00
       8169    132.980     7.8734   3.635261    -0.0445     2.5265     0.2421    131.705    131.706    35.2137    294.750     99.857 0.0000e+00
       8170    133.002     7.8732   3.635278    -0.0448     2.5265     0.2420    131.728    131.728    35.2141    294.755     99.859 0.0000e+00
       8171    133.025     7.8734   3.635261    -0.0450     2.5264     0.2419    131.750    131.751    35.2137    294.742     99.855 0.0000e+00
       8172    133.047     7.8733   3.635278    -0.0452     2.5264     0.2418    131.772    131.772    35.2140    294.744     99.855 0.0000e+00
       8173    133.067     7.8734   3.635260    -0.0454     2.5264     0.2418    131.792    131.792    35.2137    294.745     99.855 0.0000e+00
       8174    133.087     7.8734   3.635302    -0.0456     2.5264     0.2417    131.811    131.812    35.2141    294.745     99.856 0.0000e+00
       8175    133.106     7.8735   3.635296    -0.0459     2.5264     0.2416    131.831    131.831    35.2140    294.744     99.855 0.0000e+00
       8176    133.126     7.8732   3.635289    -0.0462     2.5264     0.2414    131.850    131.851    35.2142    294.744     99.855 0.0000e+00
       8177    133.145     7.8732   3.635289    -0.0464     2.5264     0.2413    131.869    131.869    35.2142    294.742     99.854 0.0000e+00
       8178    133.164     7.8734   3.635307    -0.0467     2.5264     0.2412    131.888    131.888    35.2142    294.738     99.853 0.0000e+00
       8179    133.185     7.8732   3.635264    -0.0469     2.5264     0.2411    131.909    131.909    35.2139    294.737     99.852 0.0000e+00
       8180    133.206     7.8734   3.635277    -0.0471     2.5264     0.2411    131.930    131.930    35.2138    294.732     99.851 0.0000e+00
       8181    133.226     7.8732   3.635306    -0.0473     2.5264     0.2410    131.949    131.950    35.2143    294.728     99.850 0.0000e+00
       8182    133.245     7.8734   3.635295    -0.0474     2.5264     0.2409    131.968    131.968    35.2140    294.722     99.848 0.0000e+00
       8183    133.265     7.8732   3.635330    -0.0475     2.5264     0.2408    131.988    131.988    35.2146    294.717     99.846 0.0000e+00
       8184    133.286     7.8734   3.635324    -0.0476     2.5264     0.2407    132.009    132.009    35.2143    294.711     99.844 0.0000e+00
       8185    133.308     7.8734   3.635318    -0.0477     2.5264     0.2405    132.031    132.031    35.2142    294.708     99.843 0.0000e+00
       8186    133.331     7.8735   3.635318    -0.0478     2.5264     0.2404    132.053    132.054    35.2141    294.703     99.842 0.0000e+00
       8187    133.352     7.8734   3.635294    -0.0478     2.5264     0.2403    132.075    132.074    35.2139    294.699     99.840 0.0000e+00
       8188    133.374     7.8734   3.635306    -0.0478     2.5264     0.2403    132.096    132.096    35.2140    294.694     99.838 0.0000e+00
       8189    133.396     7.8734   3.635293    -0.0478     2.5265     0.2402    132.118    132.118    35.2139    294.703     99.841 0.0000e+00
       8190    133.418     7.8735   3.635306    -0.0478     2.5266     0.2401    132.139    132.140    35.2139    294.714     99.845 0.0000e+00
       8191    133.439     7.8734   3.635317    -0.0478     2.5267     0.2401    132.161    132.160    35.2141    294.729     99.850 0.0000e+00
       8192    133.460     7.8736   3.635294    -0.0477     2.5267     0.2401    132.182    132.181    35.2137    294.730     99.851 0.0000e+00
       8193    133.483     7.8737   3.635306    -0.0476     2.5268     0.2401    132.204    132.204    35.2137    294.748     99.857 0.0000e+00
       8194    133.507     7.8735   3.635335    -0.0475     2.5269     0.2402    132.228    132.228    35.2142    294.768     99.864 0.0000e+00
       8195    133.529     7.8736   3.635299    -0.0475     2.5269     0.2402    132.250    132.250    35.2137    294.774     99.866 0.0000e+00
       8196    133.552     7.8737   3.635305    -0.0475     2.5269     0.2403    132.273    132.272    35.2136    294.779     99.868 0.0000e+00
       8197    133.576     7.8735   3.635317    -0.0474     2.5269     0.2404    132.296    132.296    35.2140    294.785     99.869 0.0000e+00
       8198    133.599     7.8736   3.635317    -0.0474     2.5268     0.2405    132.319    132.319    35.2138    294.773     99.865 0.0000e+00
       8199    133.622     7.8734   3.635334    -0.0473     2.5268     0.2407    132.342    132.342    35.2142    294.776     99.866 0.0000e+00
       8200    133.643     7.8736   3.635322    -0.0472     2.5268     0.2408    132.363    132.362    35.2139    294.777     99.867 0.0000e+00
       8201    133.665     7.8738   3.635317    -0.0470     2.5267     0.2409    132.384    132.384    35.2136    294.763     99.862 0.0000e+00
       8202    133.687     7.8734   3.635333    -0.0469     2.5267     0.2411    132.407    132.406    35.2142    294.768     99.863 0.0000e+00
       8203    133.712     7.8737   3.635346    -0.0467     2.5268     0.2413    132.431    132.431    35.2140    294.784     99.870 0.0000e+00
       8204    133.737     7.8737   3.635322    -0.0466     2.5268     0.2415    132.456    132.456    35.2137    294.788     99.871 0.0000e+00
       8205    133.762     7.8740   3.635335    -0.0465     2.5268     0.2417    132.480    132.480    35.2136    294.790     99.872 0.0000e+00
       8206    133.785     7.8737   3.635346    -0.0463     2.5268     0.2419    132.503    132.503    35.2140    294.797     99.874 0.0000e+00
       8207    133.810     7.8739   3.635346    -0.0462     2.5268     0.2422    132.528    132.528    35.2138    294.802     99.876 0.0000e+00
       8208    133.836     7.8740   3.635347    -0.0461     2.5268     0.2425    132.554    132.554    35.2136    294.810     99.879 0.0000e+00
       8209    133.860     7.8737   3.635345    -0.0460     2.5268     0.2429    132.578    132.577    35.2139    294.821     99.882 0.0000e+00
       8210    133.884     7.8741   3.635371    -0.0459     2.5268     0.2432    132.601    132.601    35.2138    294.829     99.885 0.0000e+00
       8211    133.908     7.8739   3.635352    -0.0459     2.5268     0.2437    132.625    132.625    35.2138    294.839     99.888 0.0000e+00
       8212    133.934     7.8740   3.635370    -0.0459     2.5268     0.2441    132.650    132.651    35.2138    294.848     99.892 0.0000e+00
       8213    133.959     7.8739   3.635381    -0.0459     2.5267     0.2446    132.675    132.675    35.2141    294.843     99.890 0.0000e+00
       8214    133.985     7.8741   3.635400    -0.0459     2.5267     0.2451    132.701    132.701    35.2140    294.854     99.894 0.0000e+00
       8215    134.011     7.8739   3.635387    -0.0459     2.5268     0.2456    132.727    132.727    35.2141    294.884     99.904 0.0000e+00
       8216    134.038     7.8740   3.635399    -0.0459     2.5268     0.2460    132.753    132.754    35.2141    294.899     99.909 0.0000e+00
       8217    134.064     7.8741   3.635388    -0.0459     2.5269     0.2464    132.779    132.779    35.2139    294.926     99.919 0.0000e+00
       8218    134.090     7.8741   3.635429    -0.0458     2.5270     0.2468    132.805    132.805    35.2143    294.956     99.929 0.0000e+00
       8219    134.117     7.8742   3.635394    -0.0457     2.5271     0.2472    132.832    132.832    35.2138    294.987     99.939 0.0000e+00
       8220    134.144     7.8739   3.635428    -0.0456     2.5272     0.2475    132.858    132.858    35.2145    295.020     99.950 0.0000e+00
       8221    134.170     7.8739   3.635392    -0.0455     2.5272     0.2478    132.884    132.884    35.2141    295.037     99.956 0.0000e+00
       8222    134.195     7.8742   3.635399    -0.0453     2.5271     0.2480    132.909    132.909    35.2138    295.035     99.956 0.0000e+00
