Data/CTD_17_avg.cnv
* Sea-Bird SBE 9 Data File:
* FileName = C:\Users\ctd-user\Desktop\CTD_data\OC4920\CTD_17.hex
* Software Version Seasave V 7.26.2.13
* Temperature SN = 6313
* Conductivity SN = 4758
* Number of Bytes Per Scan = 28
* Number of Voltage Words = 3
* Number of Scans Averaged by the Deck Unit = 1
* NMEA Latitude = 57 54.61 N
* NMEA Longitude = 011 07.25 E
* NMEA UTC (Time) = May 08 2025 09:20:47
** Station: test
** Operator: Operator 1
** Ship: 7720 Skagerak
** Cruise: 7720-2025-01
** Latitude [GG MM.mm N]:
** Longitude [GG MM.mm E]:
** Pumps: PrimaryPump: 1820 # SecondaryPump:
** EventIDs: EventID: 3decf26d-821b-4112-8042-a2c98b568458 # ParentEventID:
** Additional Sampling:
** Metadata admin: MPROG: Other # PROJ: Other # ORDERER: GU # SLABO: GU # ALABO: GU # REFSK: ingen
** Metadata conditions: WADEP: 10 # WINSP: 1 # WINDIR: 02 # AIRPRES: 1000 # AIRTEMP: 1 # WEATH: 9 # CLOUD: 9 # WAVES: 9 # ICEOB: 9 # COMNT_VISIT:
** LIMS Job:
# nquan = 13
# nvalues = 126                         
# units = specified
# name 0 = scan: Scan Count
# name 1 = prDM: Pressure, Digiquartz [db]
# name 2 = t090C: Temperature [ITS-90, deg C]
# name 3 = c0S/m: Conductivity [S/m]
# name 4 = flECO-AFL: Fluorescence, WET Labs ECO-AFL/FL [mg/m^3]
# name 5 = sbeox0V: Oxygen raw, SBE 43 [V]
# name 6 = turbWETntu0: Turbidity, WET Labs ECO [NTU]
# name 7 = depSM: Depth [salt water, m]
# name 8 = depSM: Depth [salt water, m], lat = 57.9102
# name 9 = sal00: Salinity, Practical [PSU]
# name 10 = sbeox0Mm/L: Oxygen, SBE 43 [umol/l], WS = 2
# name 11 = sbeox0PS: Oxygen, SBE 43 [% saturation], WS = 2
# name 12 = flag: flag
# span 0 =        887,       5722       
# span 1 =      0.505,     63.599       
# span 2 =     7.6577,    11.2049       
# span 3 =   3.306881,   3.627565       
# span 4 =    -0.0072,     3.0785       
# span 5 =     2.2908,     2.7545       
# span 6 =     0.1899,     0.3600       
# span 7 =      0.500,     63.000       
# span 8 =      0.500,     63.000       
# span 9 =    28.9614,    35.1426       
# span 10 =    254.249,    311.484      
# span 11 =     89.057,    108.574      
# span 12 = 0.0000e+00, 0.0000e+00      
# interval = meters: 0.5                
# start_time = May 08 2025 09:20:47 [NMEA time, header]
# bad_flag = -9.990e-29
*END*
        887      0.505    11.2049   3.306881     0.4110     2.2908     0.1902      0.500      0.500    28.9614    254.249     89.057 0.0000e+00
       2006      1.009    11.0955   3.387971     0.4839     2.5795     0.1958      1.000      1.000    29.8174    306.363    107.617 0.0000e+00
       2046      1.514    11.0788   3.377747     0.5661     2.6496     0.1973      1.500      1.500    29.7307    307.350    107.865 0.0000e+00
       2072      2.019    11.0074   3.375857     0.6151     2.6936     0.1978      2.000      2.000    29.7699    308.815    108.239 0.0000e+00
       2272      2.523    10.8260   3.356806     0.7895     2.7368     0.1954      2.500      2.500    29.7300    310.477    108.369 0.0000e+00
       2886      3.028    10.7645   3.351454     0.9557     2.7545     0.1982      3.000      3.000    29.7272    311.484    108.574 0.0000e+00
       2902      3.533    10.7533   3.351989     0.9760     2.7527     0.1980      3.500      3.500    29.7414    311.278    108.485 0.0000e+00
       2925      4.037    10.6819   3.349675     0.9691     2.7499     0.1979      4.000      4.000    29.7765    310.745    108.156 0.0000e+00
       2951      4.542    10.6462   3.347594     0.9988     2.7436     0.1980      4.500      4.500    29.7848    309.914    107.789 0.0000e+00
       2975      5.047    10.6323   3.347924     1.0769     2.7388     0.2026      5.000      5.000    29.7993    309.719    107.699 0.0000e+00
       2997      5.551    10.6275   3.348054     1.1499     2.7359     0.2076      5.500      5.500    29.8042    309.778    107.711 0.0000e+00
       3020      6.056    10.6239   3.348087     1.2575     2.7349     0.2017      6.000      6.000    29.8073    309.908    107.750 0.0000e+00
       3045      6.561    10.6173   3.348006     1.5201     2.7337     0.2027      6.500      6.500    29.8117    309.958    107.756 0.0000e+00
       3071      7.066    10.5965   3.346953     1.7274     2.7343     0.1986      7.000      7.000    29.8180    310.592    107.931 0.0000e+00
       3094      7.570    10.5843   3.345414     1.7889     2.7355     0.1974      7.500      7.500    29.8127    310.644    107.917 0.0000e+00
       3116      8.075    10.5828   3.344776     1.7637     2.7350     0.1977      8.000      8.000    29.8073    310.320    107.797 0.0000e+00
       3139      8.580    10.5864   3.345323     1.7841     2.7335     0.1980      8.501      8.500    29.8096    309.716    107.598 0.0000e+00
       3163      9.084    10.5800   3.345212     1.8713     2.7296     0.1976      9.000      9.000    29.8136    308.817    107.273 0.0000e+00
       3187      9.589    10.6079   3.347662     1.9719     2.7250     0.1974      9.500      9.500    29.8147    307.896    107.019 0.0000e+00
       3209     10.094    10.6231   3.352897     2.1552     2.7203     0.1984     10.000     10.000    29.8538    306.756    106.684 0.0000e+00
       3231     10.598    10.6157   3.354362     2.2896     2.7135     0.1984     10.500     10.500    29.8741    305.437    106.222 0.0000e+00
       3255     11.103    10.6017   3.356188     2.2239     2.7055     0.2004     11.000     11.000    29.9034    304.244    105.795 0.0000e+00
       3279     11.608    10.5618   3.361816     2.1163     2.6967     0.2006     11.500     11.500    29.9916    303.105    105.367 0.0000e+00
       3302     12.113    10.4662   3.365880     2.1715     2.6886     0.1938     12.000     12.000    30.1104    302.450    105.000 0.0000e+00
       3324     12.617    10.4375   3.367654     2.3212     2.6804     0.1952     12.500     12.500    30.1515    301.603    104.668 0.0000e+00
       3349     13.122    10.4176   3.371488     2.6087     2.6729     0.1923     13.000     13.000    30.2058    300.620    104.318 0.0000e+00
       3373     13.627    10.3926   3.376076     2.7908     2.6643     0.1956     13.500     13.500    30.2720    299.489    103.913 0.0000e+00
       3395     14.131    10.3486   3.387184     2.9425     2.6575     0.1984     14.000     14.000    30.4190    298.445    103.549 0.0000e+00
       3416     14.636    10.2996   3.400374     3.0608     2.6495     0.2050     14.500     14.500    30.5913    296.671    102.937 0.0000e+00
       3437     15.141    10.2790   3.406370     3.0785     2.6377     0.2248     15.000     15.000    30.6684    293.625    101.884 0.0000e+00
       3460     15.645    10.2346   3.411761     2.9493     2.6170     0.2518     15.500     15.500    30.7597    289.104    100.277 0.0000e+00
       3484     16.150    10.1217   3.429628     2.7462     2.5897     0.2503     16.000     16.000    31.0347    284.441     98.590 0.0000e+00
       3506     16.655    10.0687   3.444923     2.5201     2.5622     0.2238     16.500     16.500    31.2337    280.431     97.211 0.0000e+00
       3526     17.160    10.0103   3.469471     2.1825     2.5373     0.2173     17.000     17.000    31.5315    277.355     96.206 0.0000e+00
       3548     17.664     9.9615   3.485169     1.8142     2.5145     0.2169     17.500     17.500    31.7325    275.076     95.437 0.0000e+00
       3570     18.169     9.9070   3.494798     1.3937     2.4941     0.2205     18.000     18.000    31.8777    273.098     94.726 0.0000e+00
       3593     18.674     9.9068   3.503711     1.1591     2.4758     0.2266     18.500     18.500    31.9679    271.102     94.087 0.0000e+00
       3615     19.178     9.8692   3.511444     1.0665     2.4612     0.2312     19.000     19.000    32.0795    269.968     93.684 0.0000e+00
       3636     19.683     9.7722   3.515049     1.0045     2.4506     0.2372     19.500     19.500    32.2025    269.969     93.559 0.0000e+00
       3658     20.188     9.6983   3.511185     0.9656     2.4438     0.2462     20.000     20.000    32.2290    270.789     93.707 0.0000e+00
       3681     20.693     9.6003   3.504735     0.8053     2.4429     0.2448     20.500     20.500    32.2509    273.268     94.375 0.0000e+00
       3703     21.197     9.5338   3.506758     0.7722     2.4507     0.2532     21.000     21.000    32.3313    277.287     95.672 0.0000e+00
       3725     21.702     9.4182   3.511958     0.8194     2.4679     0.2638     21.500     21.500    32.4889    281.609     97.015 0.0000e+00
       3747     22.207     9.2321   3.508877     0.8314     2.4857     0.2620     22.000     22.000    32.6265    284.452     97.679 0.0000e+00
       3770     22.712     9.1447   3.504396     0.8316     2.4992     0.2539     22.500     22.500    32.6599    285.515     97.876 0.0000e+00
       3793     23.216     9.1249   3.502928     0.8485     2.5071     0.2480     23.000     23.000    32.6626    285.403     97.797 0.0000e+00
       3817     23.721     9.1189   3.502632     0.8772     2.5118     0.2492     23.500     23.500    32.6649    286.343     98.107 0.0000e+00
       3840     24.226     9.0854   3.502479     0.9049     2.5202     0.2586     24.000     24.000    32.6938    287.198     98.345 0.0000e+00
       3863     24.730     8.9981   3.500487     0.8806     2.5190     0.2556     24.500     24.500    32.7531    283.738     97.010 0.0000e+00
       3885     25.235     9.0559   3.508738     0.8815     2.5034     0.2536     25.000     25.000    32.7854    279.209     95.603 0.0000e+00
       3907     25.740     9.3107   3.542319     0.8377     2.4883     0.2547     25.500     25.500    32.8980    276.013     95.112 0.0000e+00
       3930     26.245     9.3513   3.579046     0.7011     2.4770     0.2529     26.000     26.000    33.2395    274.639     94.933 0.0000e+00
       3954     26.749     9.3042   3.590815     0.5470     2.4691     0.2520     26.500     26.500    33.4048    274.790     94.987 0.0000e+00
       3976     27.254     9.2472   3.597658     0.4435     2.4669     0.2549     27.000     27.000    33.5288    275.916     95.333 0.0000e+00
       3998     27.759     9.1890   3.600350     0.3954     2.4682     0.2624     27.500     27.500    33.6113    276.925     95.610 0.0000e+00
       4022     28.264     9.1556   3.602349     0.3670     2.4710     0.2686     28.000     28.000    33.6634    277.805     95.875 0.0000e+00
       4047     28.768     9.1275   3.602512     0.3321     2.4747     0.2648     28.500     28.500    33.6914    278.330     96.014 0.0000e+00
       4069     29.273     9.1229   3.604635     0.3179     2.4763     0.2627     29.000     29.000    33.7176    278.345     96.026 0.0000e+00
       4090     29.778     9.1146   3.605513     0.3117     2.4785     0.2698     29.500     29.500    33.7343    278.903     96.211 0.0000e+00
       4113     30.283     9.1075   3.605806     0.3019     2.4809     0.2576     30.000     30.000    33.7439    278.735     96.144 0.0000e+00
       4137     30.787     9.0936   3.605836     0.3061     2.4796     0.2496     30.500     30.500    33.7572    277.845     95.816 0.0000e+00
       4161     31.292     9.0954   3.605982     0.3353     2.4762     0.2421     31.000     31.000    33.7568    277.380     95.659 0.0000e+00
       4182     31.797     9.0509   3.612657     0.3513     2.4754     0.2391     31.500     31.500    33.8684    278.762     96.110 0.0000e+00
       4204     32.302     8.9268   3.617444     0.3624     2.4816     0.2409     32.000     32.000    34.0368    281.898     97.031 0.0000e+00
       4227     32.806     8.8129   3.620651     0.3816     2.4928     0.2507     32.500     32.500    34.1797    284.432     97.746 0.0000e+00
       4251     33.311     8.7250   3.621708     0.3905     2.5031     0.2833     33.000     33.000    34.2756    286.139     98.202 0.0000e+00
       4275     33.816     8.6206   3.621608     0.4539     2.5145     0.2920     33.500     33.500    34.3756    289.097     99.052 0.0000e+00
       4298     34.321     8.5624   3.621134     0.5141     2.5287     0.2383     34.000     34.000    34.4271    291.085     99.637 0.0000e+00
       4320     34.825     8.5236   3.625087     0.3187     2.5365     0.2310     34.500     34.500    34.5067    290.925     99.548 0.0000e+00
       4341     35.330     8.4368   3.624719     0.3387     2.5417     0.2410     35.000     35.000    34.5876    292.649     99.996 0.0000e+00
       4363     35.835     8.4250   3.622342     0.3226     2.5522     0.2276     35.500     35.500    34.5737    295.369    100.890 0.0000e+00
       4386     36.340     8.3793   3.626232     0.2762     2.5644     0.2245     36.000     36.000    34.6598    296.912    101.371 0.0000e+00
       4408     36.844     8.3120   3.625392     0.2861     2.5730     0.2244     36.500     36.500    34.7170    297.468    101.445 0.0000e+00
       4430     37.349     8.2389   3.622564     0.3182     2.5780     0.2164     37.000     37.000    34.7589    298.018    101.495 0.0000e+00
       4452     37.854     8.1501   3.616037     0.3081     2.5823     0.2049     37.500     37.500    34.7769    298.933    101.616 0.0000e+00
       4475     38.359     8.1274   3.616015     0.2711     2.5850     0.1980     38.000     38.000    34.7989    299.047    101.617 0.0000e+00
       4499     38.864     8.0603   3.612053     0.2646     2.5872     0.1951     38.500     38.500    34.8230    300.030    101.814 0.0000e+00
       4522     39.368     8.0979   3.611513     0.2831     2.5905     0.2023     39.000     39.000    34.7795    300.388    101.993 0.0000e+00
       4544     39.873     8.1080   3.617179     0.2685     2.5934     0.2039     39.500     39.500    34.8300    300.543    102.102 0.0000e+00
       4567     40.378     8.1140   3.620068     0.2857     2.5958     0.2008     40.000     40.000    34.8546    300.653    102.170 0.0000e+00
       4590     40.883     8.1005   3.620545     0.3048     2.5976     0.2018     40.500     40.500    34.8730    300.741    102.181 0.0000e+00
       4611     41.387     8.0951   3.620584     0.2899     2.5985     0.2001     41.000     41.000    34.8785    300.666    102.147 0.0000e+00
       4633     41.892     8.0840   3.621552     0.2650     2.5983     0.1950     41.500     41.500    34.8998    300.456    102.064 0.0000e+00
       4656     42.397     8.0818   3.621936     0.2485     2.5975     0.1922     42.000     42.000    34.9058    299.995    101.906 0.0000e+00
       4679     42.902     8.0893   3.627565     0.2159     2.5951     0.1933     42.500     42.500    34.9585    299.344    101.737 0.0000e+00
       4702     43.406     8.0222   3.624756     0.1799     2.5930     0.1899     43.000     43.000    34.9951    299.504    101.663 0.0000e+00
       4725     43.911     7.9453   3.617386     0.1665     2.5906     0.1903     43.500     43.500    34.9926    299.689    101.548 0.0000e+00
       4747     44.416     7.9074   3.612216     0.1488     2.5884     0.1961     44.000     44.000    34.9747    299.619    101.426 0.0000e+00
       4770     44.921     7.8965   3.609945     0.1113     2.5854     0.2032     44.500     44.500    34.9608    299.227    101.259 0.0000e+00
       4794     45.426     7.9005   3.610765     0.0826     2.5823     0.2057     45.000     45.000    34.9654    298.750    101.110 0.0000e+00
       4818     45.930     7.8977   3.612759     0.0731     2.5791     0.2073     45.500     45.500    34.9895    298.173    100.924 0.0000e+00
       4840     46.435     7.8888   3.613156     0.0649     2.5755     0.2118     46.000     46.000    35.0024    297.280    100.610 0.0000e+00
       4861     46.940     7.8838   3.614048     0.0555     2.5700     0.2200     46.500     46.500    35.0168    296.272    100.267 0.0000e+00
       4883     47.445     7.8748   3.614524     0.0541     2.5652     0.2311     47.000     47.000    35.0307    296.217    100.237 0.0000e+00
       4906     47.950     7.8688   3.614224     0.0544     2.5628     0.2398     47.500     47.500    35.0333    296.395    100.286 0.0000e+00
       4929     48.454     7.8660   3.614143     0.0553     2.5608     0.2491     48.000     48.000    35.0350    296.094    100.179 0.0000e+00
       4952     48.959     7.8601   3.614009     0.0578     2.5581     0.2544     48.500     48.500    35.0392    295.647    100.017 0.0000e+00
       4974     49.464     7.8565   3.613869     0.0667     2.5556     0.2571     49.000     49.000    35.0411    295.335     99.904 0.0000e+00
       4998     49.969     7.8515   3.613811     0.0626     2.5526     0.2611     49.500     49.500    35.0452    294.602     99.648 0.0000e+00
       5022     50.473     7.8355   3.613644     0.0577     2.5479     0.2658     50.000     50.000    35.0592    294.006     99.420 0.0000e+00
       5045     50.978     7.8264   3.613503     0.0585     2.5444     0.2776     50.500     50.500    35.0666    293.632     99.278 0.0000e+00
       5067     51.483     7.8214   3.613425     0.0643     2.5406     0.2942     51.000     51.000    35.0705    293.003     99.057 0.0000e+00
       5088     51.988     7.8153   3.613354     0.0728     2.5368     0.3100     51.500     51.500    35.0757    292.645     98.925 0.0000e+00
       5111     52.493     7.8017   3.613021     0.0705     2.5337     0.3263     52.000     52.000    35.0855    292.725     98.928 0.0000e+00
       5134     52.997     7.7820   3.612271     0.0576     2.5326     0.3336     52.500     52.500    35.0971    293.164     99.040 0.0000e+00
       5157     53.502     7.7522   3.611318     0.0432     2.5320     0.3428     53.000     53.000    35.1165    293.157     98.984 0.0000e+00
       5178     54.007     7.7220   3.609594     0.0290     2.5307     0.3461     53.500     53.500    35.1280    293.272     98.963 0.0000e+00
       5202     54.512     7.7058   3.608479     0.0227     2.5307     0.3418     54.000     54.000    35.1320    293.593     99.037 0.0000e+00
       5226     55.017     7.6913   3.607574     0.0210     2.5303     0.3349     54.500     54.500    35.1366    293.560     98.996 0.0000e+00
       5250     55.522     7.6813   3.606797     0.0132     2.5298     0.3246     55.000     55.000    35.1381    293.421     98.928 0.0000e+00
       5272     56.026     7.6763   3.606328     0.0065     2.5286     0.3205     55.500     55.500    35.1378    293.380     98.903 0.0000e+00
