Data/CTD_06.cnv
* Sea-Bird SBE 9 Data File:
* FileName = C:\Users\ctd-user\Desktop\CTD_data\OC4920\CTD_06.hex
* Software Version Seasave V 7.26.2.13
* Temperature SN = 6313
* Conductivity SN = 4758
* Number of Bytes Per Scan = 28
* Number of Voltage Words = 3
* Number of Scans Averaged by the Deck Unit = 1
* NMEA Latitude = 57 55.90 N
* NMEA Longitude = 010 46.96 E
* NMEA UTC (Time) = May 07 2025 09:15:41
** Station: test
** Operator: Operator 1
** Ship: 7720 Skagerak
** Cruise: 7720-2025-01
** Latitude [GG MM.mm N]:
** Longitude [GG MM.mm E]:
** Pumps: PrimaryPump: 1820 # SecondaryPump:
** EventIDs: EventID: 3decf26d-821b-4112-8042-a2c98b568458 # ParentEventID:
** Additional Sampling:
** Metadata admin: MPROG: Other # PROJ: Other # ORDERER: GU # SLABO: GU # ALABO: GU # REFSK: ingen
** Metadata conditions: WADEP: 10 # WINSP: 1 # WINDIR: 02 # AIRPRES: 1000 # AIRTEMP: 1 # WEATH: 9 # CLOUD: 9 # WAVES: 9 # ICEOB: 9 # COMNT_VISIT:
** LIMS Job:
# nquan = 13                                
# nvalues = 12030                       
# units = specified
# name 0 = scan: Scan Count
# name 1 = prDM: Pressure, Digiquartz [db]
# name 2 = t090C: Temperature [ITS-90, deg C]
# name 3 = c0S/m: Conductivity [S/m]
# name 4 = flECO-AFL: Fluorescence, WET Labs ECO-AFL/FL [mg/m^3]
# name 5 = sbeox0V: Oxygen raw, SBE 43 [V]
# name 6 = turbWETntu0: Turbidity, WET Labs ECO [NTU]
# name 7 = depSM: Depth [salt water, m]
# name 8 = depSM: Depth [salt water, m], lat = 57.9317
# name 9 = sal00: Salinity, Practical [PSU]
# name 10 = sbeox0Mm/L: Oxygen, SBE 43 [umol/l], WS = 2
# name 11 = sbeox0PS: Oxygen, SBE 43 [% saturation], WS = 2
# name 12 = flag: flag
# span 0 =          1,      12030       
# span 1 =     -1.515,    166.688       
# span 2 =     7.7858,    10.6050       
# span 3 =   0.025012,   3.669958       
# span 4 =    -0.3427,     4.1235       
# span 5 =     1.9810,     2.8259       
# span 6 =    -0.1188,     0.3633       
# span 7 =     -1.501,    165.078       
# span 8 =     -1.501,    165.078       
# span 9 =     0.1704,    35.2834       
# span 10 =    206.974,    330.847      
# span 11 =     71.184,    113.585      
# span 12 = 0.0000e+00, 0.0000e+00      
# interval = seconds: 0.0416667
# start_time = May 07 2025 09:15:41 [NMEA time, header]
# bad_flag = -9.990e-29
*END*
[from data line 667]
        668      0.043    10.5035   3.230331     0.1815     2.5288     0.2050      0.042      0.043    28.7457    279.429     96.245 -9.990e-29
        669      0.038    10.5029   3.230318     0.1820     2.5280     0.2049      0.037      0.038    28.7460    279.196     96.164 -9.990e-29
        670      0.031    10.5034   3.230262     0.1824     2.5271     0.2049      0.030      0.031    28.7451    278.942     96.077 -9.990e-29
        671      0.024    10.5046   3.230180     0.1829     2.5264     0.2048      0.024      0.024    28.7433    278.709     95.998 -9.990e-29
        672      0.018    10.5050   3.230113     0.1832     2.5256     0.2048      0.018      0.018    28.7424    278.461     95.913 -9.990e-29
        673      0.013    10.5050   3.230112     0.1836     2.5248     0.2048      0.013      0.013    28.7424    278.211     95.827 -9.990e-29
        674      0.008    10.5047   3.230082     0.1839     2.5240     0.2047      0.008      0.008    28.7423    277.959     95.740 -9.990e-29
        675      0.003    10.5046   3.230031     0.1842     2.5231     0.2047      0.003      0.003    28.7419    277.690     95.646 -9.990e-29
        676     -0.000    10.5047   3.230013     0.1845     2.5221     0.2046     -0.000     -0.000    28.7416    277.404     95.548 -9.990e-29
        677     -0.003    10.5054   3.229965     0.1848     2.5211     0.2046     -0.003     -0.003    28.7406    277.115     95.449 -9.990e-29
        678     -0.007    10.5060   3.229898     0.1850     2.5201     0.2046     -0.007     -0.007    28.7395    276.826     95.350 -9.990e-29
        679     -0.012    10.5069   3.229815     0.1852     2.5191     0.2045     -0.012     -0.012    28.7380    276.534     95.251 -9.990e-29
        680     -0.016    10.5073   3.229748     0.1854     2.5180     0.2045     -0.016     -0.016    28.7370    276.231     95.147 -9.990e-29
        681     -0.020    10.5070   3.229684     0.1856     2.5170     0.2045     -0.020     -0.020    28.7366    275.946     95.047 -9.990e-29
        682     -0.024    10.5065   3.229608     0.1858     2.5158     0.2045     -0.024     -0.024    28.7362    275.636     94.939 -9.990e-29
        683     -0.029    10.5062   3.229589     0.1860     2.5147     0.2045     -0.029     -0.029    28.7363    275.336     94.835 -9.990e-29
        684     -0.034    10.5078   3.229573     0.1862     2.5134     0.2045     -0.034     -0.034    28.7349    274.998     94.722 -9.990e-29
        685     -0.038    10.5110   3.229539     0.1863     2.5122     0.2044     -0.037     -0.038    28.7320    274.667     94.612 -9.990e-29
        686     -0.042    10.5124   3.229516     0.1865     2.5109     0.2044     -0.041     -0.042    28.7307    274.332     94.499 -9.990e-29
        687     -0.045    10.5137   3.229515     0.1866     2.5095     0.2044     -0.044     -0.045    28.7297    273.986     94.382 -9.990e-29
        688     -0.048    10.5147   3.229467     0.1867     2.5081     0.2044     -0.047     -0.048    28.7284    273.646     94.266 -9.990e-29
        689     -0.051    10.5162   3.229421     0.1867     2.5066     0.2044     -0.050     -0.051    28.7268    273.293     94.147 -9.990e-29
        690     -0.054    10.5167   3.229372     0.1867     2.5052     0.2044     -0.053     -0.053    28.7259    272.962     94.033 -9.990e-29
        691     -0.055    10.5183   3.229360     0.1867     2.5038     0.2044     -0.054     -0.054    28.7245    272.628     93.921 -9.990e-29
        692     -0.056    10.5203   3.229374     0.1867     2.5023     0.2044     -0.055     -0.055    28.7231    272.281     93.804 -9.990e-29
        693     -0.058    10.5213   3.229343     0.1867     2.5009     0.2044     -0.057     -0.057    28.7220    271.954     93.693 -9.990e-29
        694     -0.060    10.5197   3.229337     0.1867     2.4995     0.2044     -0.059     -0.059    28.7232    271.641     93.583 -9.990e-29
        695     -0.061    10.5185   3.229316     0.1867     2.4980     0.2043     -0.060     -0.060    28.7239    271.317     93.469 -9.990e-29
        696     -0.062    10.5192   3.229273     0.1866     2.4965     0.2043     -0.061     -0.061    28.7229    270.991     93.358 -9.990e-29
        697     -0.063    10.5197   3.229291     0.1866     2.4949     0.2043     -0.062     -0.062    28.7227    270.660     93.244 -9.990e-29
        698     -0.064    10.5197   3.229206     0.1865     2.4934     0.2043     -0.063     -0.063    28.7219    270.354     93.139 -9.990e-29
        699     -0.065    10.5195   3.229194     0.1865     2.4918     0.2043     -0.064     -0.064    28.7219    270.041     93.030 -9.990e-29
        700     -0.066    10.5197   3.229207     0.1864     2.4903     0.2044     -0.066     -0.065    28.7219    269.745     92.929 -9.990e-29
        701     -0.067    10.5203   3.229197     0.1864     2.4887     0.2044     -0.067     -0.066    28.7213    269.439     92.824 -9.990e-29
        702     -0.068    10.5200   3.229191     0.1863     2.4871     0.2043     -0.067     -0.067    28.7215    269.141     92.721 -9.990e-29
        703     -0.068    10.5200   3.229168     0.1862     2.4854     0.2043     -0.067     -0.067    28.7213    268.834     92.615 -9.990e-29
        704     -0.068    10.5173   3.229187     0.1861     2.4838     0.2042     -0.067     -0.067    28.7236    268.559     92.516 -9.990e-29
        705     -0.068    10.5100   3.229183     0.1860     2.4822     0.2041     -0.067     -0.067    28.7293    268.310     92.419 -9.990e-29
        706     -0.068    10.5008   3.229154     0.1858     2.4806     0.2040     -0.067     -0.067    28.7363    268.077     92.324 -9.990e-29
        707     -0.069    10.4935   3.229064     0.1856     2.4788     0.2039     -0.068     -0.068    28.7411    267.814     92.222 -9.990e-29
        708     -0.069    10.4869   3.229052     0.1853     2.4770     0.2038     -0.068     -0.068    28.7462    267.555     92.122 -9.990e-29
        709     -0.067    10.4814   3.229055     0.1849     2.4752     0.2036     -0.066     -0.066    28.7506    267.296     92.025 -9.990e-29
        710     -0.066    10.4770   3.229011     0.1845     2.4734     0.2033     -0.065     -0.065    28.7536    267.039     91.929 -9.990e-29
        711     -0.066    10.4733   3.228993     0.1840     2.4716     0.2031     -0.065     -0.065    28.7564    266.780     91.835 -9.990e-29
        712     -0.065    10.4715   3.229050     0.1834     2.4699     0.2028     -0.064     -0.064    28.7584    266.530     91.746 -9.990e-29
        713     -0.064    10.4723   3.229049     0.1828     2.4682     0.2025     -0.063     -0.063    28.7577    266.273     91.658 -9.990e-29
        714     -0.064    10.4741   3.229034     0.1821     2.4665     0.2022     -0.063     -0.063    28.7561    266.013     91.572 -9.990e-29
        715     -0.063    10.4766   3.229045     0.1815     2.4648     0.2018     -0.062     -0.062    28.7543    265.756     91.487 -9.990e-29
        716     -0.062    10.4775   3.229067     0.1807     2.4631     0.2015     -0.061     -0.061    28.7538    265.511     91.404 -9.990e-29
        717     -0.059    10.4768   3.229083     0.1800     2.4613     0.2011     -0.058     -0.058    28.7545    265.264     91.318 -9.990e-29
        718     -0.057    10.4746   3.229019     0.1792     2.4596     0.2008     -0.056     -0.056    28.7556    265.043     91.239 -9.990e-29
        719     -0.054    10.4723   3.229007     0.1784     2.4579     0.2005     -0.053     -0.053    28.7573    264.827     91.161 -9.990e-29
        720     -0.051    10.4705   3.228961     0.1776     2.4563     0.2002     -0.050     -0.051    28.7583    264.627     91.089 -9.990e-29
        721     -0.049    10.4687   3.228922     0.1769     2.4548     0.2000     -0.048     -0.049    28.7593    264.444     91.023 -9.990e-29
        722     -0.048    10.4673   3.228879     0.1762     2.4532     0.1999     -0.047     -0.048    28.7600    264.248     90.953 -9.990e-29
        723     -0.046    10.4661   3.228858     0.1755     2.4515     0.1997     -0.046     -0.046    28.7607    264.040     90.879 -9.990e-29
        724     -0.044    10.4646   3.228815     0.1749     2.4499     0.1996     -0.043     -0.044    28.7615    263.849     90.811 -9.990e-29
        725     -0.041    10.4638   3.228768     0.1742     2.4482     0.1995     -0.040     -0.041    28.7616    263.644     90.739 -9.990e-29
        726     -0.037    10.4626   3.228749     0.1736     2.4465     0.1995     -0.037     -0.037    28.7624    263.442     90.668 -9.990e-29
        727     -0.033    10.4619   3.228673     0.1729     2.4448     0.1995     -0.032     -0.033    28.7622    263.239     90.596 -9.990e-29
        728     -0.029    10.4617   3.228635     0.1722     2.4432     0.1995     -0.029     -0.029    28.7620    263.048     90.530 -9.990e-29
        729     -0.027    10.4610   3.228571     0.1715     2.4416     0.1995     -0.026     -0.027    28.7619    262.860     90.464 -9.990e-29
        730     -0.024    10.4610   3.228528     0.1708     2.4400     0.1995     -0.023     -0.024    28.7615    262.670     90.398 -9.990e-29
        731     -0.020    10.4607   3.228438     0.1700     2.4384     0.1995     -0.020     -0.020    28.7608    262.483     90.333 -9.990e-29
        732     -0.017    10.4607   3.228308     0.1692     2.4369     0.1995     -0.017     -0.017    28.7595    262.308     90.272 -9.990e-29
        733     -0.014    10.4607   3.228207     0.1683     2.4354     0.1996     -0.014     -0.014    28.7585    262.131     90.210 -9.990e-29
        734     -0.012    10.4608   3.228073     0.1672     2.4338     0.1997     -0.012     -0.012    28.7571    261.937     90.143 -9.990e-29
        735     -0.011    10.4618   3.227885     0.1662     2.4321     0.1998     -0.010     -0.011    28.7545    261.723     90.070 -9.990e-29
        736     -0.009    10.4644   3.227709     0.1651     2.4305     0.1999     -0.008     -0.009    28.7507    261.513     90.001 -9.990e-29
        737     -0.006    10.4669   3.227509     0.1640     2.4289     0.2001     -0.006     -0.006    28.7468    261.302     89.931 -9.990e-29
        738     -0.002    10.4692   3.227275     0.1628     2.4273     0.2003     -0.002     -0.002    28.7426    261.092     89.860 -9.990e-29
        739      0.001    10.4707   3.226986     0.1616     2.4259     0.2005      0.001      0.001    28.7386    260.912     89.799 -9.990e-29
        740      0.004    10.4719   3.226753     0.1603     2.4244     0.2007      0.004      0.004    28.7354    260.718     89.733 -9.990e-29
        741      0.006    10.4734   3.226533     0.1589     2.4230     0.2010      0.006      0.006    28.7320    260.533     89.670 -9.990e-29
        742      0.007    10.4745   3.226271     0.1575     2.4215     0.2014      0.007      0.007    28.7286    260.333     89.601 -9.990e-29
        743      0.009    10.4760   3.226033     0.1560     2.4200     0.2017      0.009      0.009    28.7250    260.127     89.531 -9.990e-29
        744      0.012    10.4770   3.225799     0.1547     2.4185     0.2020      0.011      0.012    28.7220    259.919     89.460 -9.990e-29
        745      0.013    10.4784   3.225585     0.1536     2.4170     0.2023      0.012      0.013    28.7187    259.707     89.388 -9.990e-29
        746      0.013    10.4791   3.225378     0.1526     2.4155     0.2025      0.012      0.013    28.7162    259.495     89.315 -9.990e-29
        747      0.012    10.4805   3.225157     0.1517     2.4140     0.2026      0.012      0.012    28.7129    259.279     89.242 -9.990e-29
        748      0.012    10.4814   3.224963     0.1510     2.4125     0.2028      0.012      0.012    28.7103    259.061     89.167 -9.990e-29
        749      0.012    10.4826   3.224787     0.1503     2.4109     0.2030      0.012      0.012    28.7076    258.828     89.087 -9.990e-29
        750      0.012    10.4836   3.224634     0.1497     2.4094     0.2032      0.011      0.012    28.7053    258.605     89.011 -9.990e-29
        751      0.011    10.4844   3.224507     0.1492     2.4078     0.2033      0.011      0.011    28.7034    258.366     88.930 -9.990e-29
        752      0.010    10.4852   3.224346     0.1489     2.4063     0.2034      0.010      0.010    28.7012    258.142     88.853 -9.990e-29
        753      0.010    10.4859   3.224237     0.1486     2.4047     0.2035      0.010      0.010    28.6996    257.902     88.771 -9.990e-29
        754      0.009    10.4862   3.224120     0.1484     2.4032     0.2035      0.008      0.009    28.6982    257.678     88.693 -9.990e-29
        755      0.007    10.4865   3.224044     0.1483     2.4016     0.2034      0.007      0.007    28.6972    257.438     88.611 -9.990e-29
        756      0.005    10.4869   3.224001     0.1483     2.4001     0.2034      0.005      0.005    28.6964    257.210     88.533 -9.990e-29
        757      0.004    10.4877   3.223955     0.1484     2.3986     0.2033      0.004      0.004    28.6954    256.982     88.455 -9.990e-29
        758      0.003    10.4880   3.223958     0.1485     2.3970     0.2033      0.003      0.003    28.6952    256.740     88.372 -9.990e-29
        759      0.002    10.4877   3.223919     0.1488     2.3954     0.2032      0.002      0.002    28.6950    256.502     88.290 -9.990e-29
        760      0.000    10.4862   3.223853     0.1491     2.3938     0.2030      0.000      0.000    28.6955    256.270     88.207 -9.990e-29
        761     -0.001    10.4842   3.223848     0.1495     2.3922     0.2029     -0.001     -0.001    28.6971    256.039     88.124 -9.990e-29
        762     -0.003    10.4826   3.223775     0.1500     2.3907     0.2027     -0.003     -0.003    28.6976    255.820     88.047 -9.990e-29
        763     -0.003    10.4806   3.223741     0.1507     2.3891     0.2024     -0.003     -0.003    28.6989    255.590     87.964 -9.990e-29
        764     -0.004    10.4797   3.223695     0.1515     2.3876     0.2022     -0.004     -0.004    28.6991    255.372     87.888 -9.990e-29
        765     -0.005    10.4791   3.223672     0.1524     2.3859     0.2019     -0.005     -0.005    28.6994    255.128     87.803 -9.990e-29
        766     -0.008    10.4787   3.223627     0.1534     2.3843     0.2017     -0.008     -0.008    28.6992    254.905     87.725 -9.990e-29
        767     -0.010    10.4784   3.223589     0.1546     2.3826     0.2014     -0.009     -0.010    28.6991    254.671     87.644 -9.990e-29
        768     -0.012    10.4782   3.223567     0.1557     2.3809     0.2011     -0.012     -0.012    28.6990    254.441     87.564 -9.990e-29
        769     -0.015    10.4776   3.223545     0.1569     2.3792     0.2008     -0.015     -0.015    28.6993    254.218     87.486 -9.990e-29
        770     -0.018    10.4775   3.223484     0.1579     2.3774     0.2005     -0.018     -0.018    28.6988    253.985     87.406 -9.990e-29
        771     -0.021    10.4776   3.223452     0.1588     2.3757     0.2003     -0.021     -0.021    28.6984    253.771     87.332 -9.990e-29
        772     -0.025    10.4792   3.223444     0.1596     2.3740     0.2001     -0.025     -0.025    28.6970    253.555     87.260 -9.990e-29
        773     -0.029    10.4801   3.223404     0.1603     2.3724     0.2000     -0.028     -0.029    28.6959    253.364     87.195 -9.990e-29
        774     -0.031    10.4811   3.223371     0.1609     2.3707     0.1999     -0.031     -0.031    28.6948    253.163     87.127 -9.990e-29
        775     -0.033    10.4812   3.223351     0.1615     2.3691     0.1998     -0.033     -0.033    28.6945    252.986     87.067 -9.990e-29
        776     -0.037    10.4820   3.223334     0.1620     2.3676     0.1997     -0.036     -0.037    28.6938    252.822     87.011 -9.990e-29
        777     -0.039    10.4831   3.223299     0.1624     2.3660     0.1997     -0.039     -0.039    28.6925    252.650     86.954 -9.990e-29
