Data/CTD_11.cnv
* Sea-Bird SBE 9 Data File:
* FileName = C:\Users\ctd-user\Desktop\CTD_data\OC4920\CTD_11.hex
* Software Version Seasave V 7.26.2.13
* Temperature SN = 6313
* Conductivity SN = 4758
* Number of Bytes Per Scan = 28
* Number of Voltage Words = 3
* Number of Scans Averaged by the Deck Unit = 1
* NMEA Latitude = 57 50.84 N
* NMEA Longitude = 010 46.70 E
* NMEA UTC (Time) = May 07 2025 11:30:52
** Station: test
** Operator: Operator 1
** Ship: 7720 Skagerak
** Cruise: 7720-2025-01
** Latitude [GG MM.mm N]:
** Longitude [GG MM.mm E]:
** Pumps: PrimaryPump: 1820 # SecondaryPump:
** EventIDs: EventID: 3decf26d-821b-4112-8042-a2c98b568458 # ParentEventID:
** Additional Sampling:
** Metadata admin: MPROG: Other # PROJ: Other # ORDERER: GU # SLABO: GU # ALABO: GU # REFSK: ingen
** Metadata conditions: WADEP: 10 # WINSP: 1 # WINDIR: 02 # AIRPRES: 1000 # AIRTEMP: 1 # WEATH: 9 # CLOUD: 9 # WAVES: 9 # ICEOB: 9 # COMNT_VISIT:
** LIMS Job:
# nquan = 13                                
# nvalues = 6535                        
# units = specified
# name 0 = scan: Scan Count
# name 1 = prDM: Pressure, Digiquartz [db]
# name 2 = t090C: Temperature [ITS-90, deg C]
# name 3 = c0S/m: Conductivity [S/m]
# name 4 = flECO-AFL: Fluorescence, WET Labs ECO-AFL/FL [mg/m^3]
# name 5 = sbeox0V: Oxygen raw, SBE 43 [V]
# name 6 = turbWETntu0: Turbidity, WET Labs ECO [NTU]
# name 7 = depSM: Depth [salt water, m]
# name 8 = depSM: Depth [salt water, m], lat = 57.8473
# name 9 = sal00: Salinity, Practical [PSU]
# name 10 = sbeox0Mm/L: Oxygen, SBE 43 [umol/l], WS = 2
# name 11 = sbeox0PS: Oxygen, SBE 43 [% saturation], WS = 2
# name 12 = flag: flag
# span 0 =          1,       6535       
# span 1 =     -1.522,     97.870       
# span 2 =     7.6438,    10.6805       
# span 3 =   0.395348,   3.676581       
# span 4 =    -0.0896,    48.0826       
# span 5 =     2.1104,     2.8064       
# span 6 =    -0.1109,     0.3314       
# span 7 =     -1.508,     96.941       
# span 8 =     -1.508,     96.941       
# span 9 =     2.9522,    35.2578       
# span 10 =    227.121,    325.895      
# span 11 =     76.952,    112.359      
# span 12 = 0.0000e+00, 0.0000e+00      
# interval = seconds: 0.0416667
# start_time = May 07 2025 11:30:52 [NMEA time, header]
# bad_flag = -9.990e-29
*END*
[from data line 5445]
       5446     75.682     7.7209   3.614963    -0.0132     2.5322     0.2520     74.967     74.968    35.1766    294.228     99.314 0.0000e+00
       5447     75.703     7.7212   3.614947    -0.0131     2.5322     0.2519     74.988     74.989    35.1761    294.225     99.313 0.0000e+00
       5448     75.725     7.7212   3.614964    -0.0130     2.5321     0.2517     75.010     75.010    35.1762    294.209     99.308 0.0000e+00
       5449     75.748     7.7213   3.614983    -0.0130     2.5321     0.2515     75.033     75.033    35.1763    294.207     99.308 0.0000e+00
       5450     75.770     7.7214   3.614925    -0.0129     2.5321     0.2513     75.055     75.055    35.1756    294.206     99.307 0.0000e+00
       5451     75.791     7.7208   3.614988    -0.0128     2.5321     0.2511     75.076     75.076    35.1769    294.207     99.307 0.0000e+00
       5452     75.812     7.7203   3.614980    -0.0127     2.5322     0.2509     75.096     75.097    35.1773    294.222     99.311 0.0000e+00
       5453     75.834     7.7194   3.615001    -0.0126     2.5323     0.2507     75.119     75.118    35.1784    294.241     99.316 0.0000e+00
       5454     75.858     7.7185   3.614939    -0.0125     2.5324     0.2505     75.143     75.142    35.1786    294.262     99.321 0.0000e+00
       5455     75.883     7.7181   3.614896    -0.0124     2.5323     0.2503     75.167     75.167    35.1786    294.251     99.317 0.0000e+00
       5456     75.906     7.7176   3.614859    -0.0122     2.5322     0.2502     75.190     75.190    35.1786    294.241     99.312 0.0000e+00
       5457     75.928     7.7175   3.614883    -0.0121     2.5321     0.2500     75.212     75.211    35.1790    294.230     99.309 0.0000e+00
       5458     75.951     7.7168   3.614880    -0.0119     2.5320     0.2498     75.234     75.234    35.1797    294.222     99.305 0.0000e+00
       5459     75.972     7.7165   3.614886    -0.0117     2.5319     0.2497     75.256     75.255    35.1800    294.213     99.301 0.0000e+00
       5460     75.995     7.7162   3.614927    -0.0115     2.5318     0.2495     75.278     75.278    35.1808    294.204     99.298 0.0000e+00
       5461     76.018     7.7161   3.614927    -0.0113     2.5318     0.2494     75.301     75.301    35.1808    294.212     99.301 0.0000e+00
       5462     76.039     7.7161   3.614933    -0.0111     2.5318     0.2493     75.322     75.321    35.1809    294.218     99.303 0.0000e+00
       5463     76.060     7.7157   3.614848    -0.0108     2.5318     0.2492     75.342     75.342    35.1804    294.226     99.304 0.0000e+00
       5464     76.081     7.7161   3.614815    -0.0106     2.5317     0.2491     75.363     75.363    35.1796    294.213     99.300 0.0000e+00
       5465     76.104     7.7157   3.614700    -0.0103     2.5317     0.2490     75.386     75.386    35.1787    294.221     99.301 0.0000e+00
       5466     76.129     7.7157   3.614629    -0.0099     2.5317     0.2489     75.411     75.411    35.1780    294.223     99.302 0.0000e+00
       5467     76.153     7.7157   3.614582    -0.0096     2.5318     0.2489     75.434     75.434    35.1774    294.234     99.305 0.0000e+00
       5468     76.176     7.7159   3.614535    -0.0092     2.5318     0.2489     75.457     75.457    35.1767    294.230     99.304 0.0000e+00
       5469     76.199     7.7156   3.614534    -0.0088     2.5319     0.2488     75.480     75.480    35.1770    294.240     99.307 0.0000e+00
       5470     76.223     7.7147   3.614478    -0.0083     2.5319     0.2487     75.503     75.504    35.1773    294.237     99.304 0.0000e+00
       5471     76.248     7.7143   3.614393    -0.0078     2.5318     0.2487     75.528     75.528    35.1768    294.216     99.295 0.0000e+00
       5472     76.273     7.7136   3.614385    -0.0072     2.5318     0.2486     75.553     75.553    35.1774    294.209     99.292 0.0000e+00
       5473     76.297     7.7129   3.614348    -0.0066     2.5318     0.2485     75.577     75.577    35.1777    294.198     99.287 0.0000e+00
       5474     76.320     7.7126   3.614323    -0.0060     2.5317     0.2483     75.600     75.600    35.1777    294.169     99.276 0.0000e+00
       5475     76.345     7.7126   3.614377    -0.0053     2.5316     0.2482     75.625     75.624    35.1783    294.135     99.265 0.0000e+00
       5476     76.369     7.7125   3.614365    -0.0046     2.5315     0.2480     75.648     75.648    35.1782    294.103     99.254 0.0000e+00
       5477     76.392     7.7129   3.614319    -0.0039     2.5314     0.2479     75.671     75.671    35.1773    294.071     99.244 0.0000e+00
       5478     76.414     7.7128   3.614343    -0.0032     2.5313     0.2478     75.693     75.693    35.1777    294.040     99.233 0.0000e+00
       5479     76.436     7.7129   3.614320    -0.0026     2.5312     0.2476     75.715     75.715    35.1773    294.010     99.223 0.0000e+00
       5480     76.460     7.7131   3.614345    -0.0021     2.5311     0.2475     75.739     75.738    35.1774    293.977     99.212 0.0000e+00
       5481     76.484     7.7129   3.614321    -0.0016     2.5311     0.2473     75.763     75.762    35.1773    293.959     99.206 0.0000e+00
       5482     76.506     7.7125   3.614248    -0.0011     2.5311     0.2472     75.785     75.784    35.1769    293.941     99.199 0.0000e+00
       5483     76.529     7.7119   3.614163    -0.0007     2.5311     0.2471     75.807     75.807    35.1766    293.923     99.191 0.0000e+00
       5484     76.552     7.7105   3.614104    -0.0003     2.5312     0.2470     75.829     75.829    35.1773    293.922     99.188 0.0000e+00
       5485     76.576     7.7089   3.614076     0.0001     2.5312     0.2469     75.853     75.853    35.1786    293.906     99.180 0.0000e+00
       5486     76.601     7.7081   3.614013     0.0004     2.5312     0.2468     75.878     75.878    35.1787    293.887     99.172 0.0000e+00
       5487     76.626     7.7075   3.614024     0.0007     2.5311     0.2468     75.903     75.903    35.1795    293.853     99.159 0.0000e+00
       5488     76.652     7.7065   3.613996     0.0010     2.5311     0.2466     75.928     75.929    35.1801    293.835     99.152 0.0000e+00
       5489     76.677     7.7055   3.614017     0.0012     2.5311     0.2465     75.953     75.953    35.1814    293.817     99.144 0.0000e+00
       5490     76.700     7.7052   3.613999     0.0015     2.5310     0.2463     75.976     75.976    35.1815    293.783     99.132 0.0000e+00
       5491     76.723     7.7049   3.614058     0.0017     2.5308     0.2462     75.999     75.999    35.1824    293.734     99.115 0.0000e+00
       5492     76.746     7.7049   3.614089     0.0019     2.5307     0.2460     76.022     76.022    35.1827    293.703     99.105 0.0000e+00
       5493     76.770     7.7050   3.614035     0.0021     2.5306     0.2457     76.045     76.045    35.1820    293.676     99.096 0.0000e+00
       5494     76.794     7.7057   3.614003     0.0022     2.5305     0.2455     76.070     76.069    35.1810    293.650     99.088 0.0000e+00
       5495     76.818     7.7057   3.613914     0.0024     2.5303     0.2453     76.093     76.093    35.1800    293.618     99.076 0.0000e+00
       5496     76.841     7.7054   3.613752     0.0025     2.5302     0.2450     76.115     76.116    35.1785    293.602     99.070 0.0000e+00
       5497     76.861     7.7049   3.613626     0.0027     2.5300     0.2447     76.136     76.136    35.1777    293.576     99.059 0.0000e+00
       5498     76.882     7.7034   3.613454     0.0028     2.5298     0.2445     76.157     76.156    35.1773    293.559     99.049 0.0000e+00
       5499     76.904     7.7021   3.613402     0.0029     2.5296     0.2442     76.178     76.178    35.1780    293.539     99.040 0.0000e+00
       5500     76.926     7.7011   3.613280     0.0030     2.5295     0.2438     76.199     76.200    35.1777    293.535     99.037 0.0000e+00
       5501     76.948     7.7003   3.613235     0.0031     2.5294     0.2435     76.222     76.222    35.1780    293.531     99.034 0.0000e+00
       5502     76.972     7.6997   3.613187     0.0032     2.5292     0.2431     76.245     76.245    35.1781    293.513     99.026 0.0000e+00
       5503     76.997     7.6991   3.613191     0.0033     2.5290     0.2428     76.270     76.270    35.1787    293.495     99.019 0.0000e+00
       5504     77.021     7.6988   3.613131     0.0033     2.5289     0.2425     76.294     76.294    35.1784    293.491     99.017 0.0000e+00
       5505     77.045     7.6984   3.613202     0.0034     2.5287     0.2423     76.318     76.318    35.1795    293.474     99.011 0.0000e+00
       5506     77.068     7.6978   3.613229     0.0035     2.5285     0.2421     76.341     76.341    35.1804    293.460     99.006 0.0000e+00
       5507     77.093     7.6979   3.613254     0.0035     2.5284     0.2420     76.365     76.365    35.1806    293.461     99.006 0.0000e+00
       5508     77.117     7.6978   3.613242     0.0036     2.5283     0.2418     76.389     76.389    35.1805    293.465     99.007 0.0000e+00
       5509     77.138     7.6978   3.613166     0.0036     2.5282     0.2417     76.409     76.410    35.1797    293.474     99.010 0.0000e+00
       5510     77.158     7.6976   3.613035     0.0037     2.5281     0.2416     76.430     76.430    35.1785    293.488     99.013 0.0000e+00
       5511     77.180     7.6978   3.612863     0.0037     2.5280     0.2415     76.452     76.451    35.1764    293.504     99.018 0.0000e+00
       5512     77.203     7.6978   3.612816     0.0037     2.5278     0.2415     76.474     76.474    35.1759    293.506     99.018 0.0000e+00
       5513     77.224     7.6976   3.612745     0.0038     2.5278     0.2415     76.495     76.495    35.1753    293.541     99.029 0.0000e+00
       5514     77.245     7.6975   3.612674     0.0038     2.5277     0.2416     76.516     76.516    35.1746    293.568     99.038 0.0000e+00
       5515     77.267     7.6974   3.612608     0.0038     2.5276     0.2417     76.537     76.538    35.1740    293.596     99.047 0.0000e+00
       5516     77.289     7.6974   3.612567     0.0038     2.5276     0.2418     76.559     76.559    35.1735    293.640     99.061 0.0000e+00
       5517     77.310     7.6973   3.612490     0.0039     2.5276     0.2419     76.580     76.580    35.1728    293.686     99.076 0.0000e+00
       5518     77.330     7.6970   3.612465     0.0039     2.5276     0.2421     76.600     76.600    35.1728    293.732     99.091 0.0000e+00
       5519     77.351     7.6970   3.612466     0.0039     2.5276     0.2422     76.620     76.621    35.1728    293.776     99.106 0.0000e+00
       5520     77.371     7.6972   3.612419     0.0039     2.5275     0.2425     76.640     76.641    35.1721    293.803     99.115 0.0000e+00
       5521     77.393     7.6961   3.612446     0.0039     2.5275     0.2427     76.662     76.662    35.1735    293.848     99.128 0.0000e+00
       5522     77.416     7.6950   3.612412     0.0039     2.5275     0.2430     76.684     76.685    35.1742    293.890     99.141 0.0000e+00
       5523     77.438     7.6946   3.612466     0.0039     2.5275     0.2434     76.707     76.707    35.1752    293.924     99.152 0.0000e+00
       5524     77.460     7.6941   3.612416     0.0039     2.5275     0.2437     76.729     76.729    35.1752    293.957     99.162 0.0000e+00
       5525     77.482     7.6939   3.612464     0.0039     2.5276     0.2442     76.750     76.751    35.1759    294.000     99.176 0.0000e+00
       5526     77.504     7.6934   3.612415     0.0039     2.5276     0.2446     76.772     76.772    35.1758    294.031     99.186 0.0000e+00
       5527     77.528     7.6932   3.612415     0.0039     2.5276     0.2451     76.795     76.796    35.1760    294.059     99.195 0.0000e+00
       5528     77.550     7.6930   3.612427     0.0039     2.5276     0.2456     76.818     76.818    35.1763    294.084     99.203 0.0000e+00
       5529     77.572     7.6928   3.612403     0.0039     2.5277     0.2460     76.839     76.840    35.1763    294.121     99.215 0.0000e+00
       5530     77.592     7.6929   3.612393     0.0039     2.5277     0.2464     76.859     76.859    35.1761    294.138     99.221 0.0000e+00
       5531     77.612     7.6921   3.612372     0.0039     2.5277     0.2469     76.879     76.879    35.1766    294.157     99.226 0.0000e+00
       5532     77.633     7.6905   3.612402     0.0039     2.5277     0.2473     76.899     76.900    35.1786    294.178     99.230 0.0000e+00
       5533     77.652     7.6892   3.612291     0.0039     2.5277     0.2477     76.918     76.919    35.1787    294.200     99.235 0.0000e+00
       5534     77.671     7.6881   3.612199     0.0039     2.5277     0.2482     76.937     76.938    35.1788    294.221     99.240 0.0000e+00
       5535     77.690     7.6876   3.612091     0.0039     2.5278     0.2486     76.956     76.957    35.1781    294.251     99.248 0.0000e+00
       5536     77.709     7.6874   3.612079     0.0038     2.5278     0.2490     76.975     76.975    35.1782    294.263     99.252 0.0000e+00
       5537     77.729     7.6877   3.612044     0.0038     2.5279     0.2494     76.995     76.995    35.1775    294.284     99.259 0.0000e+00
       5538     77.749     7.6879   3.611980     0.0038     2.5281     0.2497     77.014     77.015    35.1766    294.320     99.271 0.0000e+00
       5539     77.769     7.6876   3.611985     0.0038     2.5282     0.2501     77.035     77.035    35.1769    294.338     99.277 0.0000e+00
       5540     77.791     7.6877   3.611946     0.0037     2.5284     0.2505     77.056     77.057    35.1764    294.368     99.287 0.0000e+00
       5541     77.812     7.6876   3.611981     0.0037     2.5285     0.2509     77.077     77.077    35.1768    294.382     99.292 0.0000e+00
       5542     77.833     7.6871   3.611927     0.0037     2.5285     0.2513     77.098     77.098    35.1767    294.383     99.291 0.0000e+00
       5543     77.854     7.6869   3.611873     0.0036     2.5285     0.2517     77.119     77.119    35.1764    294.379     99.289 0.0000e+00
       5544     77.875     7.6866   3.611795     0.0036     2.5285     0.2522     77.140     77.140    35.1758    294.374     99.286 0.0000e+00
       5545     77.895     7.6863   3.611652     0.0035     2.5284     0.2527     77.160     77.160    35.1745    294.350     99.276 0.0000e+00
       5546     77.915     7.6858   3.611585     0.0035     2.5283     0.2532     77.179     77.179    35.1743    294.324     99.266 0.0000e+00
       5547     77.935     7.6858   3.611484     0.0034     2.5283     0.2537     77.199     77.199    35.1732    294.308     99.260 0.0000e+00
       5548     77.954     7.6855   3.611472     0.0034     2.5282     0.2543     77.219     77.218    35.1734    294.276     99.249 0.0000e+00
       5549     77.974     7.6858   3.611462     0.0033     2.5282     0.2549     77.239     77.238    35.1729    294.254     99.242 0.0000e+00
       5550     77.994     7.6856   3.611450     0.0032     2.5282     0.2556     77.258     77.258    35.1730    294.234     99.235 0.0000e+00
       5551     78.013     7.6856   3.611451     0.0031     2.5283     0.2564     77.276     77.276    35.1730    294.225     99.232 0.0000e+00
       5552     78.031     7.6855   3.611380     0.0030     2.5283     0.2571     77.295     77.294    35.1723    294.203     99.224 0.0000e+00
       5553     78.051     7.6853   3.611404     0.0029     2.5282     0.2577     77.314     77.314    35.1728    294.166     99.211 0.0000e+00
       5554     78.070     7.6853   3.611351     0.0028     2.5282     0.2583     77.333     77.333    35.1722    294.146     99.204 0.0000e+00
       5555     78.089     7.6853   3.611345     0.0027     2.5282     0.2588     77.353     77.352    35.1721    294.125     99.197 0.0000e+00
