Data/CTD_01.cnv
* Sea-Bird SBE 9 Data File:
* FileName = C:\Users\ctd-user\Desktop\CTD_data\OC4920\CTD_01.hex
* Software Version Seasave V 7.26.2.13
* Temperature SN = 6313
* Conductivity SN = 4758
* Number of Bytes Per Scan = 28
* Number of Voltage Words = 3
* Number of Scans Averaged by the Deck Unit = 1
* NMEA Latitude = 57 33.55 N
* NMEA Longitude = 011 31.36 E
* NMEA UTC (Time) = May 06 2025 09:08:45
** Station: test
** Operator: Operator 1
** Ship: 7720 Skagerak
** Cruise: 7720-2025-01
** Latitude [GG MM.mm N]:
** Longitude [GG MM.mm E]:
** Pumps: PrimaryPump: 1820 # SecondaryPump:
** EventIDs: EventID: 3decf26d-821b-4112-8042-a2c98b568458 # ParentEventID:
** Additional Sampling:
** Metadata admin: MPROG: Other # PROJ: Other # ORDERER: GU # SLABO: GU # ALABO: GU # REFSK: ingen
** Metadata conditions: WADEP: 10 # WINSP: 1 # WINDIR: 02 # AIRPRES: 1000 # AIRTEMP: 1 # WEATH: 9 # CLOUD: 9 # WAVES: 9 # ICEOB: 9 # COMNT_VISIT:
** LIMS Job:
# nquan = 18                                
# nvalues = 10762                       
# units = specified
# name 0 = scan: Scan Count
# name 1 = prDM: Pressure, Digiquartz [db]
# name 2 = t090C: Temperature [ITS-90, deg C]
# name 3 = c0S/m: Conductivity [S/m]
# name 4 = flECO-AFL: Fluorescence, WET Labs ECO-AFL/FL [mg/m^3]
# name 5 = sbeox0V: Oxygen raw, SBE 43 [V]
# name 6 = turbWETntu0: Turbidity, WET Labs ECO [NTU]
# name 7 = depSM: Depth [salt water, m]
# name 8 = depSM: Depth [salt water, m], lat = 57.5592
# name 9 = sal00: Salinity, Practical [PSU]
# name 10 = sbeox0Mg/L: Oxygen, SBE 43 [mg/l], WS = 2
# name 11 = sbeox0Mm/L: Oxygen, SBE 43 [umol/l], WS = 2
# name 12 = sbeox0PS: Oxygen, SBE 43 [% saturation], WS = 2
# name 13 = depSM: Depth [salt water, m], lat = 57.5592
# name 14 = sal00: Salinity, Practical [PSU]
# name 15 = sbeox0Mm/L: Oxygen, SBE 43 [umol/l], WS = 2
# name 16 = sbeox0PS: Oxygen, SBE 43 [% saturation], WS = 2
# name 17 = flag: flag
# span 0 =          1,      10762       
# span 1 =     -1.528,     69.087       
# span 2 =     7.3922,    14.9924       
# span 3 =   0.004266,   3.550992       
# span 4 =    -0.3805,     4.3266       
# span 5 =     2.0659,     2.7187       
# span 6 =    -0.2406,     0.8329       
# span 7 =     -1.514,     68.438       
# span 8 =     -1.514,     68.438       
# span 9 =     0.0284,    34.6072       
# span 10 =     7.6517,    10.1993      
# span 11 =    239.120,    318.731      
# span 12 =     75.104,    107.986      
# span 13 =     -1.514,     68.438      
# span 14 =     0.0284,    34.6072      
# span 15 =    239.120,    318.731      
# span 16 =     75.104,    107.986      
# span 17 = 0.0000e+00, 0.0000e+00      
# interval = seconds: 0.0416667
# start_time = May 06 2025 09:08:45 [NMEA time, header]
# bad_flag = -9.990e-29
*END*
[from data line 724]
        725     -1.485    14.9391   0.004744    -0.0815     2.5285     0.2324     -1.471     -1.471     0.0310     9.7583    304.950     96.660     -1.471     0.0310    304.950     96.660 -9.990e-29
        726     -1.486    14.9389   0.004768    -0.0820     2.5278     0.2323     -1.472     -1.472     0.0311     9.7455    304.551     96.533     -1.472     0.0311    304.551     96.533 -9.990e-29
        727     -1.487    14.9389   0.004733    -0.0824     2.5271     0.2323     -1.473     -1.473     0.0309     9.7329    304.156     96.407     -1.473     0.0309    304.156     96.407 -9.990e-29
        728     -1.487    14.9387   0.004652    -0.0827     2.5263     0.2322     -1.473     -1.473     0.0305     9.7200    303.753     96.279     -1.473     0.0305    303.753     96.279 -9.990e-29
        729     -1.486    14.9384   0.004590    -0.0831     2.5255     0.2322     -1.472     -1.472     0.0301     9.7073    303.359     96.153     -1.472     0.0301    303.359     96.153 -9.990e-29
        730     -1.486    14.9384   0.004602    -0.0834     2.5246     0.2321     -1.473     -1.472     0.0302     9.6944    302.955     96.025     -1.472     0.0302    302.955     96.025 -9.990e-29
        731     -1.487    14.9385   0.004541    -0.0836     2.5236     0.2320     -1.473     -1.473     0.0299     9.6813    302.545     95.896     -1.473     0.0299    302.545     95.896 -9.990e-29
        732     -1.485    14.9384   0.004527    -0.0839     2.5227     0.2319     -1.471     -1.471     0.0298     9.6690    302.161     95.774     -1.471     0.0298    302.161     95.774 -9.990e-29
        733     -1.483    14.9382   0.004510    -0.0841     2.5216     0.2317     -1.469     -1.469     0.0297     9.6561    301.759     95.646     -1.469     0.0297    301.759     95.646 -9.990e-29
        734     -1.482    14.9382   0.004499    -0.0843     2.5205     0.2316     -1.468     -1.468     0.0296     9.6436    301.368     95.522     -1.468     0.0296    301.368     95.522 -9.990e-29
        735     -1.482    14.9381   0.004532    -0.0845     2.5193     0.2315     -1.468     -1.468     0.0298     9.6311    300.975     95.397     -1.468     0.0298    300.975     95.397 -9.990e-29
        736     -1.482    14.9382   0.004625    -0.0847     2.5181     0.2314     -1.468     -1.468     0.0303     9.6189    300.594     95.277     -1.468     0.0303    300.594     95.277 -9.990e-29
        737     -1.483    14.9384   0.004662    -0.0848     2.5169     0.2313     -1.469     -1.469     0.0305     9.6072    300.230     95.162     -1.469     0.0305    300.230     95.162 -9.990e-29
        738     -1.485    14.9382   0.004667    -0.0849     2.5156     0.2312     -1.471     -1.471     0.0305     9.5957    299.869     95.047     -1.471     0.0305    299.869     95.047 -9.990e-29
        739     -1.486    14.9382   0.004657    -0.0850     2.5143     0.2311     -1.472     -1.472     0.0305     9.5847    299.525     94.938     -1.472     0.0305    299.525     94.938 -9.990e-29
        740     -1.486    14.9381   0.004626    -0.0851     2.5130     0.2309     -1.472     -1.472     0.0303     9.5741    299.196     94.833     -1.472     0.0303    299.196     94.833 -9.990e-29
        741     -1.485    14.9379   0.004611    -0.0852     2.5116     0.2307     -1.471     -1.471     0.0302     9.5637    298.871     94.730     -1.471     0.0302    298.871     94.730 -9.990e-29
        742     -1.485    14.9381   0.004579    -0.0853     2.5101     0.2305     -1.472     -1.471     0.0301     9.5533    298.546     94.627     -1.471     0.0301    298.546     94.627 -9.990e-29
        743     -1.485    14.9379   0.004498    -0.0853     2.5087     0.2303     -1.472     -1.471     0.0296     9.5441    298.258     94.535     -1.471     0.0296    298.258     94.535 -9.990e-29
        744     -1.484    14.9379   0.004482    -0.0854     2.5072     0.2300     -1.470     -1.470     0.0295     9.5350    297.972     94.445     -1.470     0.0295    297.972     94.445 -9.990e-29
        745     -1.482    14.9379   0.004479    -0.0854     2.5057     0.2298     -1.469     -1.468     0.0295     9.5264    297.705     94.360     -1.468     0.0295    297.705     94.360 -9.990e-29
        746     -1.481    14.9375   0.004439    -0.0854     2.5041     0.2295     -1.468     -1.467     0.0293     9.5180    297.442     94.276     -1.467     0.0293    297.442     94.276 -9.990e-29
        747     -1.481    14.9375   0.004411    -0.0854     2.5026     0.2293     -1.467     -1.467     0.0291     9.5106    297.209     94.202     -1.467     0.0291    297.209     94.202 -9.990e-29
        748     -1.481    14.9377   0.004434    -0.0854     2.5010     0.2291     -1.468     -1.467     0.0293     9.5031    296.976     94.128     -1.467     0.0293    296.976     94.128 -9.990e-29
        749     -1.481    14.9374   0.004520    -0.0854     2.4995     0.2289     -1.468     -1.467     0.0297     9.4968    296.778     94.065     -1.467     0.0297    296.778     94.065 -9.990e-29
        750     -1.481    14.9374   0.004532    -0.0853     2.4980     0.2287     -1.468     -1.467     0.0298     9.4910    296.597     94.008     -1.467     0.0298    296.597     94.008 -9.990e-29
        751     -1.481    14.9375   0.004563    -0.0853     2.4965     0.2286     -1.467     -1.467     0.0300     9.4856    296.431     93.955     -1.467     0.0300    296.431     93.955 -9.990e-29
        752     -1.481    14.9374   0.004559    -0.0852     2.4950     0.2286     -1.468     -1.467     0.0299     9.4809    296.283     93.909     -1.467     0.0299    296.283     93.909 -9.990e-29
        753     -1.482    14.9370   0.004539    -0.0851     2.4935     0.2285     -1.469     -1.468     0.0298     9.4768    296.155     93.867     -1.468     0.0298    296.155     93.867 -9.990e-29
        754     -1.482    14.9374   0.004530    -0.0850     2.4921     0.2285     -1.468     -1.468     0.0298     9.4736    296.053     93.835     -1.468     0.0298    296.053     93.835 -9.990e-29
        755     -1.480    14.9374   0.004499    -0.0849     2.4907     0.2286     -1.467     -1.466     0.0296     9.4709    295.970     93.809     -1.466     0.0296    295.970     93.809 -9.990e-29
        756     -1.479    14.9372   0.004444    -0.0848     2.4893     0.2286     -1.466     -1.465     0.0293     9.4687    295.902     93.787     -1.465     0.0293    295.902     93.787 -9.990e-29
        757     -1.478    14.9370   0.004404    -0.0846     2.4880     0.2287     -1.465     -1.464     0.0291     9.4676    295.867     93.775     -1.464     0.0291    295.867     93.775 -9.990e-29
        758     -1.478    14.9372   0.004374    -0.0845     2.4868     0.2288     -1.464     -1.464     0.0289     9.4673    295.858     93.773     -1.464     0.0289    295.858     93.773 -9.990e-29
        759     -1.478    14.9370   0.004377    -0.0843     2.4856     0.2288     -1.464     -1.464     0.0290     9.4676    295.866     93.775     -1.464     0.0290    295.866     93.775 -9.990e-29
        760     -1.478    14.9369   0.004416    -0.0841     2.4845     0.2289     -1.464     -1.464     0.0292     9.4687    295.902     93.786     -1.464     0.0292    295.902     93.786 -9.990e-29
        761     -1.478    14.9370   0.004472    -0.0838     2.4835     0.2291     -1.465     -1.464     0.0295     9.4708    295.965     93.807     -1.464     0.0295    295.965     93.807 -9.990e-29
        762     -1.479    14.9369   0.004474    -0.0836     2.4825     0.2293     -1.466     -1.465     0.0295     9.4732    296.043     93.831     -1.465     0.0295    296.043     93.831 -9.990e-29
        763     -1.480    14.9369   0.004531    -0.0833     2.4816     0.2295     -1.467     -1.466     0.0298     9.4765    296.146     93.864     -1.466     0.0298    296.146     93.864 -9.990e-29
        764     -1.481    14.9367   0.004549    -0.0830     2.4806     0.2298     -1.467     -1.467     0.0299     9.4797    296.246     93.895     -1.467     0.0299    296.246     93.895 -9.990e-29
        765     -1.480    14.9367   0.004597    -0.0827     2.4798     0.2300     -1.467     -1.466     0.0302     9.4842    296.384     93.939     -1.466     0.0302    296.384     93.939 -9.990e-29
        766     -1.481    14.9364   0.004574    -0.0823     2.4790     0.2304     -1.467     -1.467     0.0300     9.4890    296.535     93.986     -1.467     0.0300    296.535     93.986 -9.990e-29
        767     -1.480    14.9364   0.004538    -0.0819     2.4783     0.2307     -1.467     -1.466     0.0298     9.4945    296.706     94.040     -1.466     0.0298    296.706     94.040 -9.990e-29
        768     -1.479    14.9362   0.004468    -0.0814     2.4777     0.2311     -1.465     -1.465     0.0295     9.5007    296.902     94.102     -1.465     0.0295    296.902     94.102 -9.990e-29
        769     -1.477    14.9360   0.004440    -0.0810     2.4771     0.2316     -1.464     -1.463     0.0293     9.5072    297.103     94.165     -1.463     0.0293    297.103     94.165 -9.990e-29
        770     -1.477    14.9359   0.004373    -0.0804     2.4765     0.2321     -1.464     -1.463     0.0289     9.5137    297.308     94.230     -1.463     0.0289    297.308     94.230 -9.990e-29
        771     -1.476    14.9357   0.004361    -0.0798     2.4759     0.2327     -1.463     -1.462     0.0289     9.5204    297.516     94.295     -1.462     0.0289    297.516     94.295 -9.990e-29
        772     -1.476    14.9357   0.004454    -0.0793     2.4754     0.2333     -1.462     -1.462     0.0294     9.5275    297.739     94.366     -1.462     0.0294    297.739     94.366 -9.990e-29
        773     -1.475    14.9355   0.004500    -0.0787     2.4751     0.2338     -1.462     -1.461     0.0296     9.5358    297.997     94.448     -1.461     0.0296    297.997     94.448 -9.990e-29
        774     -1.475    14.9355   0.004548    -0.0782     2.4748     0.2343     -1.462     -1.461     0.0299     9.5440    298.254     94.529     -1.461     0.0299    298.254     94.529 -9.990e-29
        775     -1.475    14.9352   0.004586    -0.0778     2.4746     0.2348     -1.462     -1.461     0.0301     9.5528    298.530     94.616     -1.461     0.0301    298.530     94.616 -9.990e-29
        776     -1.475    14.9353   0.004628    -0.0774     2.4745     0.2353     -1.462     -1.461     0.0303     9.5620    298.817     94.707     -1.461     0.0303    298.817     94.707 -9.990e-29
        777     -1.475    14.9353   0.004654    -0.0771     2.4745     0.2358     -1.461     -1.461     0.0305     9.5717    299.119     94.803     -1.461     0.0305    299.119     94.803 -9.990e-29
        778     -1.474    14.9353   0.004643    -0.0769     2.4745     0.2362     -1.461     -1.460     0.0304     9.5813    299.419     94.898     -1.460     0.0304    299.419     94.898 -9.990e-29
        779     -1.474    14.9353   0.004648    -0.0766     2.4746     0.2365     -1.461     -1.460     0.0304     9.5913    299.732     94.998     -1.460     0.0304    299.732     94.998 -9.990e-29
        780     -1.475    14.9352   0.004590    -0.0764     2.4747     0.2369     -1.461     -1.461     0.0301     9.6013    300.044     95.096     -1.461     0.0301    300.044     95.096 -9.990e-29
        781     -1.475    14.9353   0.004530    -0.0762     2.4750     0.2372     -1.461     -1.461     0.0298     9.6121    300.381     95.203     -1.461     0.0298    300.381     95.203 -9.990e-29
        782     -1.475    14.9352   0.004499    -0.0760     2.4753     0.2376     -1.461     -1.461     0.0296     9.6228    300.715     95.309     -1.461     0.0296    300.715     95.309 -9.990e-29
        783     -1.475    14.9353   0.004413    -0.0759     2.4757     0.2379     -1.462     -1.461     0.0292     9.6337    301.058     95.417     -1.461     0.0292    301.058     95.417 -9.990e-29
        784     -1.476    14.9352   0.004430    -0.0758     2.4762     0.2382     -1.462     -1.462     0.0292     9.6450    301.411     95.529     -1.462     0.0292    301.411     95.529 -9.990e-29
        785     -1.476    14.9350   0.004485    -0.0758     2.4767     0.2384     -1.462     -1.462     0.0295     9.6561    301.756     95.638     -1.462     0.0295    301.756     95.638 -9.990e-29
        786     -1.476    14.9350   0.004552    -0.0758     2.4773     0.2386     -1.462     -1.462     0.0299     9.6673    302.108     95.750     -1.462     0.0299    302.108     95.750 -9.990e-29
        787     -1.477    14.9349   0.004585    -0.0759     2.4779     0.2387     -1.463     -1.463     0.0301     9.6784    302.454     95.859     -1.463     0.0301    302.454     95.859 -9.990e-29
        788     -1.477    14.9349   0.004633    -0.0760     2.4785     0.2388     -1.463     -1.463     0.0304     9.6892    302.792     95.967     -1.463     0.0304    302.792     95.967 -9.990e-29
        789     -1.478    14.9345   0.004706    -0.0762     2.4792     0.2389     -1.464     -1.464     0.0308     9.7002    303.137     96.075     -1.464     0.0308    303.137     96.075 -9.990e-29
        790     -1.479    14.9347   0.004730    -0.0764     2.4800     0.2389     -1.465     -1.465     0.0309     9.7114    303.485     96.186     -1.465     0.0309    303.485     96.186 -9.990e-29
        791     -1.480    14.9347   0.004752    -0.0767     2.4808     0.2390     -1.466     -1.466     0.0310     9.7222    303.823     96.293     -1.466     0.0310    303.823     96.293 -9.990e-29
        792     -1.479    14.9343   0.004668    -0.0770     2.4817     0.2390     -1.465     -1.465     0.0305     9.7333    304.171     96.402     -1.465     0.0305    304.171     96.402 -9.990e-29
        793     -1.476    14.9341   0.004695    -0.0774     2.4826     0.2390     -1.462     -1.462     0.0307     9.7440    304.504     96.508     -1.462     0.0307    304.504     96.508 -9.990e-29
        794     -1.476    14.9341   0.004682    -0.0779     2.4835     0.2391     -1.462     -1.462     0.0306     9.7542    304.824     96.609     -1.462     0.0306    304.824     96.609 -9.990e-29
        795     -1.478    14.9342   0.004691    -0.0784     2.4844     0.2391     -1.464     -1.464     0.0307     9.7640    305.131     96.707     -1.464     0.0307    305.131     96.707 -9.990e-29
        796     -1.479    14.9340   0.004651    -0.0789     2.4854     0.2391     -1.465     -1.465     0.0305     9.7740    305.441     96.804     -1.465     0.0305    305.441     96.804 -9.990e-29
        797     -1.479    14.9341   0.004571    -0.0794     2.4865     0.2391     -1.465     -1.465     0.0300     9.7839    305.750     96.902     -1.465     0.0300    305.750     96.902 -9.990e-29
        798     -1.479    14.9338   0.004568    -0.0799     2.4876     0.2390     -1.465     -1.465     0.0300     9.7934    306.049     96.996     -1.465     0.0300    306.049     96.996 -9.990e-29
        799     -1.479    14.9338   0.004607    -0.0803     2.4887     0.2390     -1.465     -1.465     0.0302     9.8025    306.332     97.086     -1.465     0.0302    306.332     97.086 -9.990e-29
        800     -1.477    14.9337   0.004634    -0.0806     2.4898     0.2389     -1.464     -1.463     0.0304     9.8111    306.603     97.172     -1.463     0.0304    306.603     97.172 -9.990e-29
        801     -1.477    14.9338   0.004719    -0.0809     2.4910     0.2389     -1.464     -1.463     0.0308     9.8198    306.873     97.258     -1.463     0.0308    306.873     97.258 -9.990e-29
        802     -1.479    14.9337   0.004749    -0.0812     2.4922     0.2388     -1.465     -1.465     0.0310     9.8281    307.133     97.340     -1.465     0.0310    307.133     97.340 -9.990e-29
        803     -1.479    14.9338   0.004777    -0.0814     2.4935     0.2388     -1.465     -1.465     0.0311     9.8364    307.393     97.423     -1.465     0.0311    307.393     97.423 -9.990e-29
        804     -1.479    14.9335   0.004796    -0.0816     2.4948     0.2388     -1.465     -1.465     0.0313     9.8444    307.642     97.501     -1.465     0.0313    307.642     97.501 -9.990e-29
