Data/CTD_09_avg.cnv
* Sea-Bird SBE 9 Data File:
* FileName = C:\Users\ctd-user\Desktop\CTD_data\OC4920\CTD_09.hex
* Software Version Seasave V 7.26.2.13
* Temperature SN = 6313
* Conductivity SN = 4758
* Number of Bytes Per Scan = 28
* Number of Voltage Words = 3
* Number of Scans Averaged by the Deck Unit = 1
* NMEA Latitude = 57 52.85 N
* NMEA Longitude = 010 46.74 E
* NMEA UTC (Time) = May 07 2025 10:44:48
** Station: test
** Operator: Operator 1
** Ship: 7720 Skagerak
** Cruise: 7720-2025-01
** Latitude [GG MM.mm N]:
** Longitude [GG MM.mm E]:
** Pumps: PrimaryPump: 1820 # SecondaryPump:
** EventIDs: EventID: 3decf26d-821b-4112-8042-a2c98b568458 # ParentEventID:
** Additional Sampling:
** Metadata admin: MPROG: Other # PROJ: Other # ORDERER: GU # SLABO: GU # ALABO: GU # REFSK: ingen
** Metadata conditions: WADEP: 10 # WINSP: 1 # WINDIR: 02 # AIRPRES: 1000 # AIRTEMP: 1 # WEATH: 9 # CLOUD: 9 # WAVES: 9 # ICEOB: 9 # COMNT_VISIT:
** LIMS Job:
# nquan = 13
# nvalues = 239                         
# units = specified
# name 0 = scan: Scan Count
# name 1 = prDM: Pressure, Digiquartz [db]
# name 2 = t090C: Temperature [ITS-90, deg C]
# name 3 = c0S/m: Conductivity [S/m]
# name 4 = flECO-AFL: Fluorescence, WET Labs ECO-AFL/FL [mg/m^3]
# name 5 = sbeox0V: Oxygen raw, SBE 43 [V]
# name 6 = turbWETntu0: Turbidity, WET Labs ECO [NTU]
# name 7 = depSM: Depth [salt water, m]
# name 8 = depSM: Depth [salt water, m], lat = 57.8808
# name 9 = sal00: Salinity, Practical [PSU]
# name 10 = sbeox0Mm/L: Oxygen, SBE 43 [umol/l], WS = 2
# name 11 = sbeox0PS: Oxygen, SBE 43 [% saturation], WS = 2
# name 12 = flag: flag
# span 0 =          8,       8951       
# span 1 =      4.037,    124.187       
# span 2 =     7.7743,     9.7811       
# span 3 =   3.412967,   3.690767       
# span 4 =    -0.0504,     8.4765       
# span 5 =     2.2292,     2.9289       
# span 6 =     0.1677,     0.3401       
# span 7 =      4.000,    123.000       
# span 8 =      4.000,    123.000       
# span 9 =    31.1650,    35.2857       
# span 10 =    247.583,    347.382      
# span 11 =     84.924,    119.713      
# span 12 = 0.0000e+00, 0.0000e+00      
# interval = meters: 0.5                
# start_time = May 07 2025 10:44:48 [NMEA time, header]
# bad_flag = -9.990e-29
*END*
[from data line 223]
       8335    116.612     7.9150   3.640075    -0.0324     2.5336     0.3255    115.500    115.500    35.2317    294.537     99.890 0.0000e+00
       8363    117.117     7.9150   3.640093    -0.0324     2.5321     0.3312    116.000    116.000    35.2317    294.203     99.777 0.0000e+00
       8383    117.622     7.9150   3.640132    -0.0324     2.5316     0.3312    116.500    116.500    35.2319    294.277     99.802 0.0000e+00
       8402    118.127     7.9150   3.640159    -0.0324     2.5312     0.3302    117.000    117.000    35.2319    294.320     99.817 0.0000e+00
       8423    118.632     7.9150   3.640180    -0.0324     2.5311     0.3314    117.500    117.500    35.2318    294.464     99.865 0.0000e+00
       8447    119.137     7.9151   3.640232    -0.0325     2.5318     0.3332    118.000    118.000    35.2321    294.734     99.957 0.0000e+00
       8475    119.642     7.9152   3.640261    -0.0331     2.5327     0.3293    118.500    118.500    35.2321    294.963    100.035 0.0000e+00
       8500    120.147     7.9152   3.640271    -0.0375     2.5340     0.3309    119.000    119.000    35.2319    295.112    100.086 0.0000e+00
       8521    120.652     7.9153   3.640323    -0.0459     2.5342     0.3330    119.500    119.500    35.2321    294.776     99.972 0.0000e+00
       8541    121.157     7.9152   3.640364    -0.0469     2.5331     0.3269    120.000    120.000    35.2324    294.298     99.810 0.0000e+00
       8565    121.662     7.9154   3.640387    -0.0381     2.5310     0.3315    120.500    120.500    35.2322    293.988     99.705 0.0000e+00
       8592    122.167     7.9154   3.640414    -0.0332     2.5296     0.3330    121.000    121.000    35.2323    294.194     99.775 0.0000e+00
       8616    122.672     7.9154   3.640437    -0.0342     2.5298     0.3395    121.500    121.500    35.2322    294.311     99.815 0.0000e+00
       8637    123.177     7.9154   3.640473    -0.0408     2.5292     0.3401    122.000    122.000    35.2324    294.177     99.769 0.0000e+00
       8701    123.682     7.9156   3.640499    -0.0353     2.5286     0.3357    122.500    122.500    35.2322    294.194     99.776 0.0000e+00
       8951    124.187     7.9154   3.640510    -0.0370     2.5306     0.3369    123.000    123.000    35.2324    294.676     99.939 0.0000e+00
