Data/CTD_11.cnv
* Sea-Bird SBE 9 Data File:
* FileName = C:\Users\ctd-user\Desktop\CTD_data\OC4920\CTD_11.hex
* Software Version Seasave V 7.26.2.13
* Temperature SN = 6313
* Conductivity SN = 4758
* Number of Bytes Per Scan = 28
* Number of Voltage Words = 3
* Number of Scans Averaged by the Deck Unit = 1
* NMEA Latitude = 57 50.84 N
* NMEA Longitude = 010 46.70 E
* NMEA UTC (Time) = May 07 2025 11:30:52
** Station: test
** Operator: Operator 1
** Ship: 7720 Skagerak
** Cruise: 7720-2025-01
** Latitude [GG MM.mm N]:
** Longitude [GG MM.mm E]:
** Pumps: PrimaryPump: 1820 # SecondaryPump:
** EventIDs: EventID: 3decf26d-821b-4112-8042-a2c98b568458 # ParentEventID:
** Additional Sampling:
** Metadata admin: MPROG: Other # PROJ: Other # ORDERER: GU # SLABO: GU # ALABO: GU # REFSK: ingen
** Metadata conditions: WADEP: 10 # WINSP: 1 # WINDIR: 02 # AIRPRES: 1000 # AIRTEMP: 1 # WEATH: 9 # CLOUD: 9 # WAVES: 9 # ICEOB: 9 # COMNT_VISIT:
** LIMS Job:
# nquan = 13                                
# nvalues = 6535                        
# units = specified
# name 0 = scan: Scan Count
# name 1 = prDM: Pressure, Digiquartz [db]
# name 2 = t090C: Temperature [ITS-90, deg C]
# name 3 = c0S/m: Conductivity [S/m]
# name 4 = flECO-AFL: Fluorescence, WET Labs ECO-AFL/FL [mg/m^3]
# name 5 = sbeox0V: Oxygen raw, SBE 43 [V]
# name 6 = turbWETntu0: Turbidity, WET Labs ECO [NTU]
# name 7 = depSM: Depth [salt water, m]
# name 8 = depSM: Depth [salt water, m], lat = 57.8473
# name 9 = sal00: Salinity, Practical [PSU]
# name 10 = sbeox0Mm/L: Oxygen, SBE 43 [umol/l], WS = 2
# name 11 = sbeox0PS: Oxygen, SBE 43 [% saturation], WS = 2
# name 12 = flag: flag
# span 0 =          1,       6535       
# span 1 =     -1.522,     97.870       
# span 2 =     7.6438,    10.6805       
# span 3 =   0.395348,   3.676581       
# span 4 =    -0.0896,    48.0826       
# span 5 =     2.1104,     2.8064       
# span 6 =    -0.1109,     0.3314       
# span 7 =     -1.508,     96.941       
# span 8 =     -1.508,     96.941       
# span 9 =     2.9522,    35.2578       
# span 10 =    227.121,    325.895      
# span 11 =     76.952,    112.359      
# span 12 = 0.0000e+00, 0.0000e+00      
# interval = seconds: 0.0416667
# start_time = May 07 2025 11:30:52 [NMEA time, header]
# bad_flag = -9.990e-29
*END*
[from data line 3889]
       3890     41.320     8.3031   3.667226     0.3259     2.6218     0.1716     40.935     40.934    35.1700    301.282    103.029 0.0000e+00
       3891     41.342     8.3033   3.667239     0.3266     2.6218     0.1716     40.956     40.955    35.1699    301.285    103.030 0.0000e+00
       3892     41.363     8.3033   3.667275     0.3274     2.6218     0.1715     40.977     40.976    35.1703    301.288    103.031 0.0000e+00
       3893     41.385     8.3033   3.667257     0.3282     2.6217     0.1715     40.999     40.998    35.1701    301.278    103.028 0.0000e+00
       3894     41.408     8.3033   3.667275     0.3291     2.6216     0.1715     41.021     41.021    35.1703    301.269    103.025 0.0000e+00
       3895     41.431     8.3036   3.667288     0.3300     2.6215     0.1715     41.044     41.043    35.1701    301.256    103.021 0.0000e+00
       3896     41.452     8.3034   3.667281     0.3309     2.6215     0.1715     41.064     41.064    35.1702    301.259    103.022 0.0000e+00
       3897     41.473     8.3038   3.667283     0.3316     2.6215     0.1716     41.086     41.085    35.1699    301.259    103.022 0.0000e+00
       3898     41.495     8.3038   3.667289     0.3323     2.6215     0.1716     41.108     41.107    35.1699    301.260    103.023 0.0000e+00
       3899     41.517     8.3038   3.667259     0.3330     2.6215     0.1716     41.129     41.129    35.1696    301.260    103.023 0.0000e+00
       3900     41.536     8.3036   3.667300     0.3337     2.6214     0.1717     41.148     41.147    35.1702    301.246    103.018 0.0000e+00
       3901     41.553     8.3036   3.667294     0.3344     2.6213     0.1718     41.166     41.164    35.1701    301.230    103.012 0.0000e+00
       3902     41.572     8.3033   3.667287     0.3351     2.6212     0.1719     41.184     41.183    35.1703    301.215    103.007 0.0000e+00
       3903     41.591     8.3029   3.667286     0.3358     2.6211     0.1719     41.203     41.202    35.1707    301.199    103.000 0.0000e+00
       3904     41.611     8.3029   3.667328     0.3365     2.6211     0.1721     41.222     41.222    35.1712    301.192    102.998 0.0000e+00
       3905     41.630     8.3030   3.667322     0.3373     2.6211     0.1722     41.241     41.241    35.1710    301.184    102.996 0.0000e+00
       3906     41.651     8.3029   3.667364     0.3380     2.6211     0.1723     41.261     41.261    35.1715    301.172    102.992 0.0000e+00
       3907     41.672     8.3033   3.667353     0.3388     2.6210     0.1725     41.283     41.282    35.1710    301.143    102.982 0.0000e+00
       3908     41.694     8.3031   3.667370     0.3397     2.6209     0.1727     41.304     41.304    35.1714    301.114    102.972 0.0000e+00
       3909     41.716     8.3033   3.667401     0.3405     2.6207     0.1729     41.326     41.326    35.1715    301.066    102.956 0.0000e+00
       3910     41.739     8.3031   3.667412     0.3414     2.6206     0.1731     41.349     41.349    35.1718    301.033    102.945 0.0000e+00
       3911     41.763     8.3033   3.667413     0.3424     2.6205     0.1732     41.373     41.372    35.1716    300.998    102.933 0.0000e+00
       3912     41.786     8.3032   3.667383     0.3434     2.6204     0.1734     41.396     41.395    35.1714    300.964    102.921 0.0000e+00
       3913     41.809     8.3033   3.667353     0.3445     2.6204     0.1735     41.418     41.418    35.1709    300.946    102.915 0.0000e+00
       3914     41.832     8.3029   3.667322     0.3457     2.6203     0.1736     41.441     41.441    35.1710    300.916    102.904 0.0000e+00
       3915     41.856     8.3029   3.667316     0.3469     2.6203     0.1738     41.464     41.464    35.1709    300.897    102.898 0.0000e+00
       3916     41.878     8.3028   3.667315     0.3482     2.6202     0.1740     41.487     41.486    35.1710    300.865    102.886 0.0000e+00
       3917     41.900     8.3028   3.667333     0.3496     2.6201     0.1742     41.509     41.508    35.1712    300.834    102.876 0.0000e+00
       3918     41.923     8.3028   3.667346     0.3511     2.6201     0.1744     41.531     41.531    35.1713    300.817    102.870 0.0000e+00
       3919     41.946     8.3026   3.667393     0.3526     2.6199     0.1747     41.554     41.554    35.1720    300.773    102.855 0.0000e+00
       3920     41.968     8.3022   3.667385     0.3542     2.6198     0.1750     41.576     41.575    35.1723    300.748    102.846 0.0000e+00
       3921     41.989     8.3022   3.667397     0.3557     2.6197     0.1752     41.597     41.596    35.1724    300.724    102.838 0.0000e+00
       3922     42.011     8.3022   3.667385     0.3572     2.6195     0.1755     41.618     41.618    35.1723    300.690    102.826 0.0000e+00
       3923     42.034     8.3022   3.667349     0.3585     2.6193     0.1757     41.641     41.641    35.1719    300.660    102.815 0.0000e+00
       3924     42.057     8.3020   3.667343     0.3598     2.6191     0.1759     41.664     41.664    35.1720    300.634    102.806 0.0000e+00
       3925     42.080     8.3021   3.667367     0.3608     2.6189     0.1761     41.687     41.686    35.1722    300.607    102.797 0.0000e+00
       3926     42.105     8.3020   3.667397     0.3618     2.6188     0.1763     41.711     41.711    35.1726    300.597    102.794 0.0000e+00
       3927     42.131     8.3020   3.667385     0.3625     2.6186     0.1765     41.737     41.737    35.1724    300.575    102.786 0.0000e+00
       3928     42.157     8.3020   3.667421     0.3632     2.6185     0.1767     41.763     41.763    35.1728    300.567    102.784 0.0000e+00
       3929     42.183     8.3020   3.667415     0.3638     2.6183     0.1768     41.788     41.788    35.1727    300.550    102.778 0.0000e+00
       3930     42.208     8.3022   3.667386     0.3643     2.6181     0.1769     41.814     41.813    35.1722    300.533    102.772 0.0000e+00
       3931     42.235     8.3020   3.667349     0.3647     2.6179     0.1770     41.840     41.840    35.1720    300.520    102.767 0.0000e+00
       3932     42.260     8.3017   3.667342     0.3650     2.6177     0.1771     41.865     41.865    35.1722    300.506    102.762 0.0000e+00
       3933     42.285     8.3015   3.667293     0.3653     2.6175     0.1771     41.890     41.889    35.1719    300.492    102.756 0.0000e+00
       3934     42.309     8.3015   3.667323     0.3655     2.6174     0.1771     41.914     41.913    35.1722    300.489    102.755 0.0000e+00
       3935     42.333     8.3017   3.667342     0.3657     2.6173     0.1771     41.938     41.937    35.1722    300.487    102.755 0.0000e+00
       3936     42.358     8.3013   3.667293     0.3659     2.6172     0.1771     41.962     41.962    35.1720    300.491    102.756 0.0000e+00
       3937     42.383     8.3015   3.667323     0.3659     2.6171     0.1770     41.986     41.986    35.1721    300.490    102.756 0.0000e+00
       3938     42.407     8.3015   3.667318     0.3659     2.6170     0.1768     42.011     42.010    35.1721    300.493    102.757 0.0000e+00
       3939     42.431     8.3016   3.667330     0.3659     2.6168     0.1767     42.035     42.034    35.1721    300.480    102.752 0.0000e+00
       3940     42.455     8.3017   3.667342     0.3658     2.6166     0.1765     42.058     42.058    35.1721    300.470    102.749 0.0000e+00
       3941     42.479     8.3017   3.667342     0.3656     2.6165     0.1762     42.082     42.082    35.1721    300.477    102.752 0.0000e+00
       3942     42.502     8.3020   3.667320     0.3653     2.6164     0.1760     42.105     42.104    35.1715    300.485    102.755 0.0000e+00
       3943     42.528     8.3025   3.667333     0.3650     2.6163     0.1757     42.130     42.130    35.1712    300.493    102.759 0.0000e+00
       3944     42.555     8.3022   3.667296     0.3646     2.6164     0.1754     42.158     42.157    35.1711    300.535    102.772 0.0000e+00
       3945     42.582     8.3022   3.667302     0.3643     2.6164     0.1751     42.184     42.184    35.1711    300.559    102.780 0.0000e+00
       3946     42.608     8.3019   3.667307     0.3639     2.6164     0.1748     42.210     42.209    35.1715    300.585    102.789 0.0000e+00
       3947     42.634     8.3018   3.667289     0.3635     2.6164     0.1745     42.236     42.235    35.1714    300.608    102.796 0.0000e+00
       3948     42.661     8.3020   3.667302     0.3633     2.6164     0.1743     42.262     42.262    35.1713    300.627    102.803 0.0000e+00
       3949     42.689     8.3020   3.667362     0.3631     2.6164     0.1741     42.290     42.290    35.1719    300.643    102.809 0.0000e+00
       3950     42.718     8.3023   3.667381     0.3629     2.6164     0.1740     42.319     42.318    35.1718    300.657    102.814 0.0000e+00
       3951     42.745     8.3034   3.667403     0.3629     2.6164     0.1738     42.345     42.345    35.1709    300.664    102.819 0.0000e+00
       3952     42.769     8.3044   3.667395     0.3629     2.6164     0.1737     42.369     42.369    35.1698    300.668    102.822 0.0000e+00
       3953     42.793     8.3056   3.667441     0.3630     2.6164     0.1736     42.392     42.393    35.1691    300.668    102.824 0.0000e+00
       3954     42.817     8.3057   3.667580     0.3631     2.6163     0.1736     42.416     42.416    35.1705    300.654    102.820 0.0000e+00
       3955     42.841     8.3059   3.667640     0.3631     2.6162     0.1735     42.440     42.440    35.1709    300.637    102.815 0.0000e+00
       3956     42.863     8.3059   3.667550     0.3631     2.6160     0.1735     42.462     42.462    35.1699    300.607    102.805 0.0000e+00
       3957     42.884     8.3059   3.667472     0.3631     2.6159     0.1735     42.483     42.483    35.1691    300.590    102.798 0.0000e+00
       3958     42.907     8.3062   3.667431     0.3632     2.6159     0.1736     42.506     42.506    35.1683    300.580    102.795 0.0000e+00
       3959     42.932     8.3061   3.667449     0.3634     2.6159     0.1736     42.531     42.530    35.1686    300.569    102.791 0.0000e+00
       3960     42.957     8.3062   3.667431     0.3636     2.6159     0.1737     42.555     42.555    35.1683    300.558    102.787 0.0000e+00
       3961     42.981     8.3060   3.667466     0.3639     2.6158     0.1738     42.580     42.579    35.1689    300.530    102.778 0.0000e+00
       3962     43.005     8.3062   3.667557     0.3643     2.6157     0.1740     42.603     42.603    35.1696    300.498    102.768 0.0000e+00
       3963     43.029     8.3062   3.667785     0.3646     2.6156     0.1741     42.627     42.626    35.1721    300.463    102.757 0.0000e+00
       3964     43.055     8.3064   3.668044     0.3650     2.6156     0.1743     42.653     42.652    35.1746    300.438    102.751 0.0000e+00
       3965     43.080     8.3064   3.668205     0.3654     2.6156     0.1745     42.678     42.677    35.1763    300.415    102.744 0.0000e+00
       3966     43.105     8.3064   3.668283     0.3659     2.6157     0.1747     42.702     42.702    35.1771    300.408    102.742 0.0000e+00
       3967     43.129     8.3064   3.668325     0.3664     2.6156     0.1749     42.726     42.725    35.1776    300.374    102.731 0.0000e+00
       3968     43.154     8.3055   3.668405     0.3670     2.6156     0.1752     42.751     42.750    35.1793    300.359    102.725 0.0000e+00
       3969     43.178     8.3054   3.668501     0.3676     2.6155     0.1755     42.774     42.774    35.1804    300.327    102.715 0.0000e+00
       3970     43.200     8.3049   3.668619     0.3683     2.6154     0.1758     42.796     42.796    35.1822    300.297    102.704 0.0000e+00
       3971     43.221     8.3055   3.668675     0.3691     2.6153     0.1762     42.817     42.817    35.1822    300.263    102.694 0.0000e+00
       3972     43.243     8.3056   3.668760     0.3698     2.6152     0.1765     42.839     42.838    35.1830    300.230    102.683 0.0000e+00
       3973     43.266     8.3049   3.668835     0.3706     2.6151     0.1767     42.861     42.861    35.1845    300.200    102.673 0.0000e+00
       3974     43.287     8.3049   3.668895     0.3713     2.6150     0.1770     42.882     42.882    35.1851    300.167    102.662 0.0000e+00
       3975     43.307     8.3054   3.668915     0.3720     2.6148     0.1772     42.902     42.902    35.1848    300.117    102.646 0.0000e+00
       3976     43.327     8.3062   3.668942     0.3726     2.6146     0.1774     42.922     42.922    35.1843    300.063    102.629 0.0000e+00
       3977     43.348     8.3062   3.668954     0.3733     2.6144     0.1776     42.943     42.942    35.1844    300.015    102.612 0.0000e+00
       3978     43.369     8.3066   3.668973     0.3739     2.6142     0.1778     42.964     42.963    35.1842    299.965    102.596 0.0000e+00
       3979     43.391     8.3062   3.669008     0.3746     2.6140     0.1780     42.985     42.985    35.1849    299.919    102.580 0.0000e+00
       3980     43.414     8.3060   3.668941     0.3752     2.6139     0.1782     43.008     43.008    35.1844    299.889    102.569 0.0000e+00
       3981     43.438     8.3059   3.668940     0.3758     2.6138     0.1784     43.032     43.031    35.1845    299.855    102.557 0.0000e+00
       3982     43.462     8.3062   3.668971     0.3764     2.6136     0.1786     43.055     43.055    35.1845    299.803    102.540 0.0000e+00
       3983     43.485     8.3064   3.669008     0.3769     2.6134     0.1788     43.078     43.078    35.1847    299.753    102.523 0.0000e+00
       3984     43.507     8.3055   3.669017     0.3774     2.6133     0.1789     43.100     43.100    35.1857    299.723    102.512 0.0000e+00
       3985     43.528     8.3054   3.668986     0.3779     2.6131     0.1790     43.121     43.121    35.1854    299.677    102.496 0.0000e+00
       3986     43.547     8.3054   3.669004     0.3784     2.6130     0.1791     43.140     43.139    35.1856    299.643    102.484 0.0000e+00
       3987     43.566     8.3054   3.669016     0.3789     2.6128     0.1792     43.159     43.158    35.1857    299.597    102.468 0.0000e+00
       3988     43.586     8.3048   3.669056     0.3795     2.6127     0.1793     43.178     43.178    35.1868    299.565    102.457 0.0000e+00
       3989     43.605     8.3041   3.669071     0.3802     2.6127     0.1794     43.197     43.197    35.1876    299.550    102.450 0.0000e+00
       3990     43.623     8.3038   3.669070     0.3809     2.6126     0.1794     43.215     43.215    35.1879    299.518    102.439 0.0000e+00
       3991     43.641     8.3038   3.669046     0.3817     2.6126     0.1794     43.232     43.233    35.1876    299.503    102.434 0.0000e+00
       3992     43.659     8.3043   3.669060     0.3826     2.6126     0.1794     43.251     43.250    35.1873    299.484    102.428 0.0000e+00
       3993     43.678     8.3043   3.669096     0.3835     2.6125     0.1795     43.269     43.269    35.1876    299.454    102.418 0.0000e+00
       3994     43.697     8.3039   3.669107     0.3846     2.6123     0.1795     43.288     43.288    35.1881    299.412    102.403 0.0000e+00
       3995     43.715     8.3034   3.669105     0.3857     2.6122     0.1795     43.306     43.306    35.1886    299.384    102.393 0.0000e+00
       3996     43.734     8.3028   3.669073     0.3868     2.6119     0.1796     43.324     43.325    35.1889    299.328    102.373 0.0000e+00
       3997     43.753     8.3025   3.669042     0.3879     2.6117     0.1796     43.344     43.343    35.1888    299.284    102.357 0.0000e+00
       3998     43.774     8.3024   3.669011     0.3889     2.6115     0.1796     43.365     43.364    35.1886    299.239    102.341 0.0000e+00
       3999     43.795     8.3023   3.669005     0.3897     2.6112     0.1795     43.385     43.385    35.1886    299.180    102.321 0.0000e+00
       4000     43.816     8.3022   3.668975     0.3904     2.6109     0.1795     43.407     43.406    35.1884    299.123    102.301 0.0000e+00
