Data/CTD_05.cnv
* Sea-Bird SBE 9 Data File:
* FileName = C:\Users\ctd-user\Desktop\CTD_data\OC4920\CTD_05.hex
* Software Version Seasave V 7.26.2.13
* Temperature SN = 6313
* Conductivity SN = 4758
* Number of Bytes Per Scan = 28
* Number of Voltage Words = 3
* Number of Scans Averaged by the Deck Unit = 1
* NMEA Latitude = 57 56.89 N
* NMEA Longitude = 010 47.07 E
* NMEA UTC (Time) = May 07 2025 08:44:53
** Station: test
** Operator: Operator 1
** Ship: 7720 Skagerak
** Cruise: 7720-2025-01
** Latitude [GG MM.mm N]:
** Longitude [GG MM.mm E]:
** Pumps: PrimaryPump: 1820 # SecondaryPump:
** EventIDs: EventID: 3decf26d-821b-4112-8042-a2c98b568458 # ParentEventID:
** Additional Sampling:
** Metadata admin: MPROG: Other # PROJ: Other # ORDERER: GU # SLABO: GU # ALABO: GU # REFSK: ingen
** Metadata conditions: WADEP: 10 # WINSP: 1 # WINDIR: 02 # AIRPRES: 1000 # AIRTEMP: 1 # WEATH: 9 # CLOUD: 9 # WAVES: 9 # ICEOB: 9 # COMNT_VISIT:
** LIMS Job:
# nquan = 13                                
# nvalues = 9997                        
# units = specified
# name 0 = scan: Scan Count
# name 1 = prDM: Pressure, Digiquartz [db]
# name 2 = t090C: Temperature [ITS-90, deg C]
# name 3 = c0S/m: Conductivity [S/m]
# name 4 = flECO-AFL: Fluorescence, WET Labs ECO-AFL/FL [mg/m^3]
# name 5 = sbeox0V: Oxygen raw, SBE 43 [V]
# name 6 = turbWETntu0: Turbidity, WET Labs ECO [NTU]
# name 7 = depSM: Depth [salt water, m]
# name 8 = depSM: Depth [salt water, m], lat = 57.9482
# name 9 = sal00: Salinity, Practical [PSU]
# name 10 = sbeox0Mm/L: Oxygen, SBE 43 [umol/l], WS = 2
# name 11 = sbeox0PS: Oxygen, SBE 43 [% saturation], WS = 2
# name 12 = flag: flag
# span 0 =          1,       9997       
# span 1 =     -0.415,    177.086       
# span 2 =     7.7684,    10.5308       
# span 3 =   3.244558,   3.670287       
# span 4 =    -0.0505,     2.4530       
# span 5 =     2.2823,     2.7292       
# span 6 =     0.1571,     1.2065       
# span 7 =     -0.411,    175.370       
# span 8 =     -0.411,    175.370       
# span 9 =    28.9673,    35.3238       
# span 10 =    247.014,    313.463      
# span 11 =     85.304,    107.952      
# span 12 = 0.0000e+00, 0.0000e+00      
# interval = seconds: 0.0416667
# start_time = May 07 2025 08:44:53 [NMEA time, header]
# bad_flag = -9.990e-29
*END*
[from data line 3112]
       3113     36.937     8.3001   3.651170     0.1837     2.6254     0.1666     36.592     36.592    35.0037    303.255    103.585 0.0000e+00
       3114     36.961     8.3002   3.651220     0.1850     2.6254     0.1666     36.615     36.615    35.0041    303.244    103.581 0.0000e+00
       3115     36.985     8.3001   3.651310     0.1863     2.6254     0.1667     36.639     36.639    35.0052    303.237    103.579 0.0000e+00
       3116     37.009     8.3002   3.651336     0.1876     2.6254     0.1668     36.663     36.663    35.0053    303.232    103.578 0.0000e+00
       3117     37.033     8.3002   3.651360     0.1891     2.6254     0.1669     36.687     36.687    35.0056    303.232    103.578 0.0000e+00
       3118     37.056     8.3002   3.651367     0.1908     2.6254     0.1670     36.710     36.709    35.0057    303.236    103.580 0.0000e+00
       3119     37.076     8.3002   3.651422     0.1926     2.6255     0.1671     36.730     36.729    35.0062    303.261    103.588 0.0000e+00
       3120     37.097     8.3002   3.651363     0.1945     2.6255     0.1673     36.751     36.750    35.0056    303.278    103.594 0.0000e+00
       3121     37.119     8.3002   3.651388     0.1967     2.6256     0.1676     36.772     36.772    35.0058    303.313    103.606 0.0000e+00
       3122     37.141     8.3002   3.651407     0.1989     2.6257     0.1678     36.794     36.794    35.0060    303.352    103.619 0.0000e+00
       3123     37.164     8.3001   3.651408     0.2013     2.6259     0.1681     36.817     36.816    35.0061    303.410    103.639 0.0000e+00
       3124     37.188     8.3002   3.651427     0.2035     2.6261     0.1683     36.841     36.840    35.0062    303.471    103.660 0.0000e+00
       3125     37.211     8.2999   3.651439     0.2056     2.6263     0.1685     36.864     36.863    35.0066    303.535    103.682 0.0000e+00
       3126     37.234     8.3002   3.651417     0.2076     2.6264     0.1687     36.887     36.886    35.0061    303.581    103.698 0.0000e+00
       3127     37.258     8.3001   3.651387     0.2095     2.6265     0.1690     36.910     36.910    35.0059    303.629    103.714 0.0000e+00
       3128     37.281     8.3002   3.651400     0.2112     2.6266     0.1691     36.933     36.932    35.0059    303.675    103.730 0.0000e+00
       3129     37.305     8.3002   3.651413     0.2129     2.6267     0.1693     36.957     36.956    35.0060    303.720    103.745 0.0000e+00
       3130     37.331     8.3002   3.651414     0.2145     2.6268     0.1694     36.982     36.982    35.0060    303.766    103.761 0.0000e+00
       3131     37.356     8.3002   3.651391     0.2160     2.6270     0.1694     37.006     37.007    35.0058    303.828    103.782 0.0000e+00
       3132     37.380     8.3002   3.651458     0.2175     2.6272     0.1695     37.030     37.030    35.0065    303.887    103.802 0.0000e+00
       3133     37.403     8.3003   3.651483     0.2189     2.6275     0.1696     37.053     37.053    35.0066    303.960    103.828 0.0000e+00
       3134     37.425     8.3002   3.651484     0.2203     2.6277     0.1696     37.075     37.075    35.0067    304.020    103.848 0.0000e+00
       3135     37.447     8.3002   3.651484     0.2217     2.6280     0.1697     37.097     37.097    35.0067    304.091    103.872 0.0000e+00
       3136     37.470     8.3002   3.651503     0.2231     2.6282     0.1697     37.120     37.120    35.0069    304.148    103.892 0.0000e+00
       3137     37.493     8.3005   3.651493     0.2244     2.6284     0.1697     37.143     37.142    35.0065    304.202    103.911 0.0000e+00
       3138     37.515     8.3005   3.651506     0.2257     2.6287     0.1697     37.164     37.164    35.0066    304.270    103.934 0.0000e+00
       3139     37.536     8.3012   3.651546     0.2271     2.6289     0.1697     37.186     37.185    35.0063    304.316    103.951 0.0000e+00
       3140     37.560     8.3020   3.651561     0.2285     2.6291     0.1697     37.209     37.209    35.0057    304.360    103.968 0.0000e+00
       3141     37.584     8.3028   3.651583     0.2299     2.6293     0.1696     37.233     37.232    35.0051    304.401    103.983 0.0000e+00
       3142     37.607     8.3034   3.651615     0.2314     2.6296     0.1695     37.256     37.255    35.0048    304.454    104.002 0.0000e+00
       3143     37.631     8.3048   3.651633     0.2329     2.6299     0.1694     37.280     37.279    35.0036    304.498    104.020 0.0000e+00
       3144     37.655     8.3054   3.651612     0.2344     2.6301     0.1693     37.303     37.303    35.0028    304.530    104.032 0.0000e+00
       3145     37.678     8.3066   3.651635     0.2361     2.6304     0.1691     37.326     37.326    35.0018    304.566    104.046 0.0000e+00
       3146     37.700     8.3080   3.651647     0.2378     2.6307     0.1689     37.348     37.347    35.0006    304.598    104.060 0.0000e+00
       3147     37.722     8.3088   3.651651     0.2396     2.6310     0.1686     37.369     37.369    34.9998    304.631    104.072 0.0000e+00
       3148     37.743     8.3103   3.651657     0.2414     2.6313     0.1684     37.390     37.390    34.9984    304.658    104.084 0.0000e+00
       3149     37.765     8.3129   3.651691     0.2430     2.6316     0.1681     37.412     37.412    34.9961    304.677    104.095 0.0000e+00
       3150     37.789     8.3155   3.651731     0.2445     2.6318     0.1678     37.436     37.436    34.9939    304.679    104.100 0.0000e+00
       3151     37.812     8.3185   3.651923     0.2459     2.6320     0.1676     37.458     37.458    34.9930    304.671    104.104 0.0000e+00
       3152     37.834     8.3210   3.652136     0.2471     2.6322     0.1675     37.480     37.480    34.9928    304.663    104.107 0.0000e+00
       3153     37.854     8.3226   3.652412     0.2482     2.6324     0.1673     37.499     37.500    34.9941    304.656    104.109 0.0000e+00
       3154     37.874     8.3234   3.652708     0.2492     2.6326     0.1672     37.519     37.520    34.9965    304.651    104.111 0.0000e+00
       3155     37.894     8.3254   3.652985     0.2502     2.6328     0.1671     37.540     37.540    34.9974    304.637    104.111 0.0000e+00
       3156     37.915     8.3274   3.653274     0.2510     2.6329     0.1671     37.560     37.560    34.9985    304.610    104.107 0.0000e+00
       3157     37.935     8.3288   3.653495     0.2518     2.6331     0.1670     37.580     37.580    34.9994    304.602    104.108 0.0000e+00
       3158     37.954     8.3301   3.653739     0.2526     2.6333     0.1669     37.599     37.599    35.0007    304.594    104.110 0.0000e+00
       3159     37.974     8.3315   3.654033     0.2533     2.6334     0.1669     37.618     37.619    35.0025    304.571    104.106 0.0000e+00
       3160     37.994     8.3327   3.654372     0.2539     2.6336     0.1668     37.638     37.639    35.0049    304.564    104.108 0.0000e+00
       3161     38.015     8.3337   3.654807     0.2545     2.6338     0.1668     37.659     37.659    35.0085    304.554    104.110 0.0000e+00
       3162     38.035     8.3353   3.655226     0.2550     2.6340     0.1669     37.679     37.679    35.0114    304.541    104.111 0.0000e+00
       3163     38.057     8.3359   3.655635     0.2555     2.6342     0.1669     37.700     37.701    35.0151    304.533    104.112 0.0000e+00
       3164     38.078     8.3372   3.656029     0.2560     2.6344     0.1670     37.721     37.722    35.0180    304.520    104.113 0.0000e+00
       3165     38.098     8.3387   3.656388     0.2565     2.6346     0.1672     37.742     37.742    35.0204    304.506    104.113 0.0000e+00
       3166     38.119     8.3393   3.656677     0.2569     2.6348     0.1673     37.762     37.762    35.0228    304.497    104.113 0.0000e+00
       3167     38.138     8.3400   3.657010     0.2572     2.6349     0.1674     37.781     37.781    35.0257    304.474    104.108 0.0000e+00
       3168     38.157     8.3405   3.657353     0.2575     2.6350     0.1676     37.800     37.800    35.0288    304.453    104.105 0.0000e+00
       3169     38.176     8.3414   3.657703     0.2577     2.6350     0.1678     37.819     37.819    35.0317    304.416    104.096 0.0000e+00
       3170     38.194     8.3419   3.657939     0.2579     2.6351     0.1680     37.836     37.837    35.0337    304.399    104.093 0.0000e+00
       3171     38.211     8.3422   3.658203     0.2581     2.6352     0.1682     37.853     37.854    35.0362    304.384    104.090 0.0000e+00
       3172     38.228     8.3434   3.658429     0.2582     2.6353     0.1684     37.870     37.870    35.0374    304.366    104.087 0.0000e+00
       3173     38.245     8.3437   3.658573     0.2584     2.6354     0.1687     37.887     37.887    35.0386    304.356    104.086 0.0000e+00
       3174     38.260     8.3442   3.658803     0.2585     2.6354     0.1690     37.902     37.902    35.0406    304.334    104.080 0.0000e+00
       3175     38.276     8.3450   3.658944     0.2586     2.6354     0.1693     37.917     37.918    35.0413    304.311    104.075 0.0000e+00
       3176     38.292     8.3452   3.659166     0.2587     2.6355     0.1695     37.933     37.934    35.0434    304.303    104.074 0.0000e+00
       3177     38.309     8.3458   3.659378     0.2588     2.6356     0.1697     37.950     37.951    35.0451    304.292    104.073 0.0000e+00
       3178     38.327     8.3462   3.659624     0.2588     2.6358     0.1698     37.968     37.968    35.0473    304.296    104.077 0.0000e+00
       3179     38.344     8.3465   3.659781     0.2589     2.6359     0.1699     37.985     37.985    35.0486    304.289    104.076 0.0000e+00
       3180     38.362     8.3468   3.659938     0.2589     2.6361     0.1700     38.003     38.003    35.0500    304.296    104.080 0.0000e+00
       3181     38.381     8.3470   3.660100     0.2590     2.6363     0.1701     38.022     38.022    35.0515    304.303    104.084 0.0000e+00
       3182     38.403     8.3472   3.660238     0.2590     2.6364     0.1702     38.043     38.044    35.0528    304.299    104.084 0.0000e+00
       3183     38.424     8.3475   3.660371     0.2590     2.6366     0.1703     38.064     38.065    35.0539    304.308    104.088 0.0000e+00
       3184     38.441     8.3480   3.660499     0.2590     2.6367     0.1704     38.082     38.081    35.0548    304.301    104.088 0.0000e+00
       3185     38.457     8.3482   3.660679     0.2590     2.6368     0.1704     38.097     38.097    35.0565    304.295    104.087 0.0000e+00
       3186     38.472     8.3488   3.660783     0.2589     2.6369     0.1705     38.112     38.112    35.0570    304.287    104.086 0.0000e+00
       3187     38.488     8.3491   3.660844     0.2588     2.6369     0.1706     38.127     38.128    35.0573    304.268    104.081 0.0000e+00
       3188     38.504     8.3493   3.660934     0.2586     2.6370     0.1706     38.143     38.144    35.0581    304.264    104.080 0.0000e+00
       3189     38.519     8.3498   3.661038     0.2584     2.6370     0.1707     38.158     38.159    35.0587    304.242    104.074 0.0000e+00
       3190     38.534     8.3501   3.661081     0.2582     2.6371     0.1708     38.172     38.174    35.0588    304.238    104.074 0.0000e+00
       3191     38.549     8.3504   3.661142     0.2579     2.6372     0.1708     38.188     38.188    35.0592    304.233    104.073 0.0000e+00
       3192     38.565     8.3504   3.661231     0.2575     2.6373     0.1708     38.203     38.204    35.0601    304.227    104.071 0.0000e+00
       3193     38.581     8.3509   3.661256     0.2571     2.6374     0.1707     38.220     38.220    35.0599    304.217    104.069 0.0000e+00
       3194     38.598     8.3512   3.661281     0.2567     2.6375     0.1707     38.236     38.237    35.0598    304.206    104.066 0.0000e+00
       3195     38.615     8.3511   3.661293     0.2563     2.6375     0.1707     38.253     38.254    35.0601    304.180    104.057 0.0000e+00
       3196     38.632     8.3512   3.661413     0.2558     2.6376     0.1707     38.270     38.271    35.0612    304.166    104.053 0.0000e+00
       3197     38.648     8.3515   3.661474     0.2553     2.6377     0.1707     38.286     38.286    35.0616    304.152    104.049 0.0000e+00
       3198     38.665     8.3513   3.661587     0.2547     2.6379     0.1707     38.303     38.303    35.0630    304.152    104.050 0.0000e+00
       3199     38.682     8.3515   3.661665     0.2542     2.6379     0.1707     38.320     38.320    35.0636    304.121    104.040 0.0000e+00
       3200     38.700     8.3519   3.661733     0.2536     2.6379     0.1707     38.338     38.338    35.0639    304.088    104.030 0.0000e+00
       3201     38.719     8.3518   3.661792     0.2530     2.6379     0.1707     38.356     38.357    35.0646    304.060    104.021 0.0000e+00
       3202     38.737     8.3520   3.661858     0.2526     2.6379     0.1707     38.375     38.375    35.0651    304.030    104.011 0.0000e+00
       3203     38.756     8.3522   3.661930     0.2521     2.6380     0.1707     38.393     38.393    35.0657    304.016    104.007 0.0000e+00
       3204     38.774     8.3524   3.661991     0.2518     2.6380     0.1707     38.411     38.411    35.0661    303.988    103.999 0.0000e+00
       3205     38.790     8.3530   3.662083     0.2515     2.6381     0.1706     38.426     38.427    35.0665    303.973    103.995 0.0000e+00
       3206     38.805     8.3535   3.662156     0.2513     2.6382     0.1706     38.442     38.442    35.0668    303.961    103.992 0.0000e+00
       3207     38.821     8.3540   3.662224     0.2512     2.6382     0.1706     38.458     38.458    35.0670    303.935    103.985 0.0000e+00
       3208     38.839     8.3538   3.662265     0.2511     2.6383     0.1706     38.475     38.476    35.0676    303.931    103.983 0.0000e+00
       3209     38.856     8.3538   3.662271     0.2511     2.6383     0.1705     38.492     38.492    35.0677    303.913    103.977 0.0000e+00
       3210     38.873     8.3535   3.662287     0.2512     2.6382     0.1705     38.509     38.509    35.0681    303.884    103.967 0.0000e+00
       3211     38.891     8.3534   3.662347     0.2513     2.6382     0.1704     38.527     38.527    35.0689    303.868    103.962 0.0000e+00
       3212     38.909     8.3531   3.662363     0.2514     2.6382     0.1703     38.545     38.545    35.0693    303.854    103.956 0.0000e+00
       3213     38.928     8.3526   3.662367     0.2515     2.6381     0.1702     38.564     38.564    35.0699    303.828    103.947 0.0000e+00
       3214     38.948     8.3526   3.662391     0.2517     2.6381     0.1700     38.583     38.584    35.0701    303.812    103.942 0.0000e+00
       3215     38.969     8.3526   3.662469     0.2519     2.6380     0.1698     38.604     38.604    35.0709    303.782    103.932 0.0000e+00
       3216     38.989     8.3524   3.662509     0.2521     2.6379     0.1696     38.624     38.624    35.0715    303.754    103.922 0.0000e+00
       3217     39.011     8.3521   3.662640     0.2523     2.6378     0.1694     38.646     38.646    35.0732    303.727    103.913 0.0000e+00
       3218     39.034     8.3517   3.662734     0.2525     2.6377     0.1691     38.669     38.669    35.0746    303.701    103.905 0.0000e+00
       3219     39.057     8.3514   3.662793     0.2527     2.6376     0.1689     38.691     38.692    35.0755    303.676    103.896 0.0000e+00
       3220     39.079     8.3510   3.662857     0.2530     2.6376     0.1687     38.713     38.713    35.0766    303.665    103.892 0.0000e+00
       3221     39.101     8.3508   3.662874     0.2533     2.6376     0.1684     38.735     38.735    35.0770    303.656    103.889 0.0000e+00
       3222     39.123     8.3509   3.662946     0.2536     2.6375     0.1681     38.757     38.757    35.0776    303.632    103.881 0.0000e+00
