Data/CTD_01.cnv
* Sea-Bird SBE 9 Data File:
* FileName = C:\Users\ctd-user\Desktop\CTD_data\OC4920\CTD_01.hex
* Software Version Seasave V 7.26.2.13
* Temperature SN = 6313
* Conductivity SN = 4758
* Number of Bytes Per Scan = 28
* Number of Voltage Words = 3
* Number of Scans Averaged by the Deck Unit = 1
* NMEA Latitude = 57 33.55 N
* NMEA Longitude = 011 31.36 E
* NMEA UTC (Time) = May 06 2025 09:08:45
** Station: test
** Operator: Operator 1
** Ship: 7720 Skagerak
** Cruise: 7720-2025-01
** Latitude [GG MM.mm N]:
** Longitude [GG MM.mm E]:
** Pumps: PrimaryPump: 1820 # SecondaryPump:
** EventIDs: EventID: 3decf26d-821b-4112-8042-a2c98b568458 # ParentEventID:
** Additional Sampling:
** Metadata admin: MPROG: Other # PROJ: Other # ORDERER: GU # SLABO: GU # ALABO: GU # REFSK: ingen
** Metadata conditions: WADEP: 10 # WINSP: 1 # WINDIR: 02 # AIRPRES: 1000 # AIRTEMP: 1 # WEATH: 9 # CLOUD: 9 # WAVES: 9 # ICEOB: 9 # COMNT_VISIT:
** LIMS Job:
# nquan = 18                                
# nvalues = 10762                       
# units = specified
# name 0 = scan: Scan Count
# name 1 = prDM: Pressure, Digiquartz [db]
# name 2 = t090C: Temperature [ITS-90, deg C]
# name 3 = c0S/m: Conductivity [S/m]
# name 4 = flECO-AFL: Fluorescence, WET Labs ECO-AFL/FL [mg/m^3]
# name 5 = sbeox0V: Oxygen raw, SBE 43 [V]
# name 6 = turbWETntu0: Turbidity, WET Labs ECO [NTU]
# name 7 = depSM: Depth [salt water, m]
# name 8 = depSM: Depth [salt water, m], lat = 57.5592
# name 9 = sal00: Salinity, Practical [PSU]
# name 10 = sbeox0Mg/L: Oxygen, SBE 43 [mg/l], WS = 2
# name 11 = sbeox0Mm/L: Oxygen, SBE 43 [umol/l], WS = 2
# name 12 = sbeox0PS: Oxygen, SBE 43 [% saturation], WS = 2
# name 13 = depSM: Depth [salt water, m], lat = 57.5592
# name 14 = sal00: Salinity, Practical [PSU]
# name 15 = sbeox0Mm/L: Oxygen, SBE 43 [umol/l], WS = 2
# name 16 = sbeox0PS: Oxygen, SBE 43 [% saturation], WS = 2
# name 17 = flag: flag
# span 0 =          1,      10762       
# span 1 =     -1.528,     69.087       
# span 2 =     7.3922,    14.9924       
# span 3 =   0.004266,   3.550992       
# span 4 =    -0.3805,     4.3266       
# span 5 =     2.0659,     2.7187       
# span 6 =    -0.2406,     0.8329       
# span 7 =     -1.514,     68.438       
# span 8 =     -1.514,     68.438       
# span 9 =     0.0284,    34.6072       
# span 10 =     7.6517,    10.1993      
# span 11 =    239.120,    318.731      
# span 12 =     75.104,    107.986      
# span 13 =     -1.514,     68.438      
# span 14 =     0.0284,    34.6072      
# span 15 =    239.120,    318.731      
# span 16 =     75.104,    107.986      
# span 17 = 0.0000e+00, 0.0000e+00      
# interval = seconds: 0.0416667
# start_time = May 06 2025 09:08:45 [NMEA time, header]
# bad_flag = -9.990e-29
*END*
[from data line 5468]
       5469      5.002    10.6743   3.076913     0.7957     2.7151     0.2344      4.956      4.956    27.1115    10.0069    312.721    106.995      4.956    27.1115    312.721    106.995 0.0000e+00
       5470      5.026    10.6776   3.083190     0.7999     2.7153     0.2341      4.979      4.980    27.1701    10.0026    312.586    106.996      4.980    27.1701    312.586    106.996 0.0000e+00
       5471      5.049    10.6797   3.092703     0.8041     2.7154     0.2339      5.002      5.002    27.2612     9.9960    312.378    106.992      5.002    27.2612    312.378    106.992 0.0000e+00
       5472      5.073    10.6791   3.100425     0.8085     2.7155     0.2337      5.026      5.026    27.3368     9.9909    312.219    106.987      5.026    27.3368    312.219    106.987 0.0000e+00
       5473      5.096    10.6773   3.104035     0.8129     2.7156     0.2335      5.049      5.049    27.3733     9.9884    312.142    106.982      5.049    27.3733    312.142    106.982 0.0000e+00
       5474      5.119    10.6738   3.106821     0.8175     2.7158     0.2333      5.072      5.072    27.4031     9.9872    312.106    106.981      5.072    27.4031    312.106    106.981 0.0000e+00
       5475      5.143    10.6698   3.108880     0.8223     2.7159     0.2330      5.095      5.095    27.4261     9.9860    312.068    106.975      5.095    27.4261    312.068    106.975 0.0000e+00
       5476      5.167    10.6649   3.106839     0.8273     2.7160     0.2327      5.119      5.119    27.4099     9.9874    312.110    106.967      5.119    27.4099    312.110    106.967 0.0000e+00
       5477      5.191    10.6586   3.103482     0.8325     2.7160     0.2325      5.143      5.143    27.3819     9.9891    312.165    106.952      5.143    27.3819    312.165    106.952 0.0000e+00
       5478      5.215    10.6527   3.102376     0.8380     2.7160     0.2322      5.167      5.167    27.3755     9.9892    312.168    106.935      5.167    27.3755    312.168    106.935 0.0000e+00
       5479      5.239    10.6456   3.102108     0.8438     2.7160     0.2319      5.190      5.191    27.3782     9.9889    312.157    106.916      5.191    27.3782    312.157    106.916 0.0000e+00
       5480      5.262    10.6412   3.104817     0.8500     2.7160     0.2316      5.213      5.213    27.4079     9.9861    312.069    106.896      5.213    27.4079    312.069    106.896 0.0000e+00
       5481      5.287    10.6351   3.111654     0.8566     2.7161     0.2313      5.238      5.238    27.4792     9.9814    311.922    106.880      5.238    27.4792    311.922    106.880 0.0000e+00
       5482      5.311    10.6272   3.118050     0.8637     2.7161     0.2309      5.262      5.262    27.5475     9.9768    311.779    106.859      5.262    27.5475    311.779    106.859 0.0000e+00
       5483      5.336    10.6167   3.121671     0.8712     2.7160     0.2306      5.286      5.287    27.5908     9.9739    311.687    106.832      5.287    27.5908    311.687    106.832 0.0000e+00
       5484      5.360    10.6089   3.123985     0.8793     2.7160     0.2303      5.310      5.310    27.6193     9.9717    311.619    106.810      5.310    27.6193    311.619    106.810 0.0000e+00
       5485      5.385    10.6032   3.126077     0.8881     2.7160     0.2300      5.335      5.335    27.6440     9.9692    311.543    106.788      5.335    27.6440    311.543    106.788 0.0000e+00
       5486      5.411    10.5991   3.128075     0.8974     2.7159     0.2296      5.360      5.361    27.6666     9.9661    311.446    106.760      5.361    27.6666    311.446    106.760 0.0000e+00
       5487      5.436    10.5958   3.129591     0.9074     2.7158     0.2293      5.386      5.386    27.6839     9.9631    311.353    106.732      5.386    27.6839    311.353    106.732 0.0000e+00
       5488      5.460    10.5895   3.131593     0.9177     2.7157     0.2289      5.409      5.410    27.7083     9.9604    311.268    106.705      5.410    27.7083    311.268    106.705 0.0000e+00
       5489      5.482    10.5827   3.134485     0.9276     2.7155     0.2286      5.431      5.431    27.7417     9.9569    311.157    106.674      5.431    27.7417    311.157    106.674 0.0000e+00
       5490      5.505    10.5768   3.137601     0.9370     2.7153     0.2283      5.454      5.454    27.7767     9.9531    311.040    106.644      5.454    27.7767    311.040    106.644 0.0000e+00
       5491      5.529    10.5725   3.140160     0.9460     2.7150     0.2280      5.478      5.478    27.8050     9.9491    310.915    106.610      5.478    27.8050    310.915    106.610 0.0000e+00
       5492      5.553    10.5685   3.142303     0.9546     2.7148     0.2278      5.502      5.502    27.8290     9.9459    310.812    106.582      5.502    27.8290    310.812    106.582 0.0000e+00
       5493      5.576    10.5639   3.145196     0.9629     2.7146     0.2277      5.525      5.524    27.8608     9.9423    310.702    106.555      5.524    27.8608    310.702    106.555 0.0000e+00
       5494      5.600    10.5608   3.149468     0.9710     2.7144     0.2275      5.548      5.548    27.9050     9.9378    310.561    106.530      5.548    27.9050    310.561    106.530 0.0000e+00
       5495      5.623    10.5582   3.153942     0.9789     2.7143     0.2274      5.571      5.571    27.9508     9.9337    310.432    106.511      5.571    27.9508    310.432    106.511 0.0000e+00
       5496      5.646    10.5580   3.158259     0.9868     2.7141     0.2273      5.594      5.594    27.9933     9.9289    310.283    106.488      5.594    27.9933    310.283    106.488 0.0000e+00
       5497      5.671    10.5575   3.161800     0.9946     2.7139     0.2273      5.618      5.619    28.0283     9.9248    310.153    106.466      5.619    28.0283    310.153    106.466 0.0000e+00
       5498      5.695    10.5564   3.163920     1.0024     2.7138     0.2273      5.643      5.642    28.0499     9.9222    310.072    106.450      5.642    28.0499    310.072    106.450 0.0000e+00
       5499      5.720    10.5548   3.165168     1.0103     2.7135     0.2273      5.667      5.667    28.0634     9.9195    309.988    106.427      5.667    28.0634    309.988    106.427 0.0000e+00
       5500      5.745    10.5526   3.167512     1.0183     2.7132     0.2273      5.692      5.692    28.0881     9.9164    309.890    106.405      5.692    28.0881    309.890    106.405 0.0000e+00
       5501      5.769    10.5515   3.170670     1.0265     2.7128     0.2273      5.716      5.716    28.1199     9.9122    309.761    106.379      5.716    28.1199    309.761    106.379 0.0000e+00
       5502      5.792    10.5485   3.173285     1.0349     2.7125     0.2273      5.739      5.738    28.1478     9.9093    309.670    106.360      5.738    28.1478    309.670    106.360 0.0000e+00
       5503      5.815    10.5460   3.175488     1.0436     2.7121     0.2274      5.761      5.761    28.1713     9.9062    309.572    106.337      5.761    28.1713    309.572    106.337 0.0000e+00
       5504      5.838    10.5438   3.177982     1.0526     2.7118     0.2275      5.784      5.784    28.1975     9.9033    309.483    106.318      5.784    28.1975    309.483    106.318 0.0000e+00
       5505      5.860    10.5416   3.180862     1.0619     2.7114     0.2275      5.806      5.806    28.2274     9.8998    309.372    106.296      5.806    28.2274    309.372    106.296 0.0000e+00
       5506      5.883    10.5405   3.183061     1.0718     2.7112     0.2276      5.828      5.829    28.2499     9.8975    309.301    106.284      5.829    28.2499    309.301    106.284 0.0000e+00
       5507      5.906    10.5374   3.184340     1.0821     2.7109     0.2277      5.851      5.851    28.2648     9.8957    309.247    106.268      5.851    28.2648    309.247    106.268 0.0000e+00
       5508      5.930    10.5322   3.184465     1.0931     2.7107     0.2278      5.875      5.875    28.2701     9.8956    309.241    106.258      5.875    28.2701    309.241    106.258 0.0000e+00
       5509      5.954    10.5265   3.184094     1.1047     2.7105     0.2280      5.899      5.899    28.2708     9.8959    309.252    106.249      5.899    28.2708    309.252    106.249 0.0000e+00
       5510      5.977    10.5233   3.184448     1.1172     2.7104     0.2282      5.922      5.922    28.2768     9.8960    309.254    106.246      5.922    28.2768    309.254    106.246 0.0000e+00
       5511      6.000    10.5209   3.185747     1.1305     2.7101     0.2284      5.945      5.945    28.2914     9.8945    309.207    106.234      5.945    28.2914    309.207    106.234 0.0000e+00
       5512      6.022    10.5172   3.187183     1.1447     2.7099     0.2287      5.967      5.966    28.3083     9.8936    309.178    106.227      5.966    28.3083    309.178    106.227 0.0000e+00
       5513      6.044    10.5131   3.188289     1.1596     2.7097     0.2289      5.989      5.988    28.3224     9.8929    309.158    106.220      5.988    28.3224    309.158    106.220 0.0000e+00
       5514      6.067    10.5108   3.189129     1.1744     2.7095     0.2292      6.011      6.011    28.3324     9.8921    309.133    106.213      6.011    28.3324    309.133    106.213 0.0000e+00
       5515      6.089    10.5093   3.189977     1.1885     2.7093     0.2295      6.033      6.033    28.3419     9.8911    309.102    106.205      6.033    28.3419    309.102    106.205 0.0000e+00
       5516      6.112    10.5076   3.190980     1.2019     2.7091     0.2298      6.056      6.055    28.3531     9.8899    309.065    106.196      6.055    28.3531    309.065    106.196 0.0000e+00
       5517      6.133    10.5047   3.191835     1.2146     2.7089     0.2301      6.076      6.076    28.3637     9.8890    309.035    106.187      6.076    28.3637    309.035    106.187 0.0000e+00
       5518      6.154    10.5003   3.192269     1.2267     2.7087     0.2303      6.097      6.097    28.3714     9.8885    309.020    106.176      6.097    28.3714    309.020    106.176 0.0000e+00
       5519      6.176    10.4986   3.194124     1.2384     2.7086     0.2306      6.118      6.119    28.3909     9.8871    308.975    106.170      6.119    28.3909    308.975    106.170 0.0000e+00
       5520      6.199    10.4970   3.197030     1.2498     2.7085     0.2309      6.141      6.142    28.4208     9.8850    308.909    106.164      6.142    28.4208    308.909    106.164 0.0000e+00
       5521      6.222    10.4973   3.199972     1.2610     2.7083     0.2311      6.164      6.164    28.4494     9.8820    308.817    106.152      6.164    28.4494    308.817    106.152 0.0000e+00
       5522      6.245    10.4956   3.201414     1.2719     2.7082     0.2313      6.186      6.187    28.4649     9.8808    308.778    106.146      6.187    28.4649    308.778    106.146 0.0000e+00
       5523      6.266    10.4945   3.202396     1.2828     2.7080     0.2316      6.208      6.208    28.4754     9.8793    308.731    106.134      6.208    28.4754    308.731    106.134 0.0000e+00
       5524      6.288    10.4923   3.203984     1.2936     2.7079     0.2318      6.229      6.230    28.4928     9.8779    308.689    106.126      6.230    28.4928    308.689    106.126 0.0000e+00
       5525      6.309    10.4900   3.205627     1.3045     2.7078     0.2320      6.250      6.251    28.5107     9.8765    308.644    106.118      6.251    28.5107    308.644    106.118 0.0000e+00
       5526      6.330    10.4887   3.207151     1.3154     2.7076     0.2323      6.271      6.271    28.5267     9.8743    308.577    106.102      6.271    28.5267    308.577    106.102 0.0000e+00
       5527      6.352    10.4884   3.208689     1.3265     2.7075     0.2325      6.293      6.293    28.5421     9.8723    308.513    106.090      6.293    28.5421    308.513    106.090 0.0000e+00
       5528      6.374    10.4888   3.210378     1.3379     2.7072     0.2328      6.315      6.315    28.5584     9.8689    308.409    106.066      6.315    28.5584    308.409    106.066 0.0000e+00
       5529      6.397    10.4910   3.212576     1.3496     2.7069     0.2330      6.338      6.338    28.5783     9.8648    308.280    106.040      6.338    28.5783    308.280    106.040 0.0000e+00
       5530      6.420    10.4954   3.214685     1.3616     2.7067     0.2333      6.360      6.361    28.5956     9.8606    308.148    106.017      6.361    28.5956    308.148    106.017 0.0000e+00
       5531      6.443    10.4990   3.216063     1.3741     2.7064     0.2335      6.383      6.383    28.6063     9.8564    308.016    105.987      6.383    28.6063    308.016    105.987 0.0000e+00
       5532      6.466    10.5009   3.216887     1.3872     2.7062     0.2338      6.406      6.406    28.6129     9.8531    307.913    105.961      6.406    28.6129    307.913    105.961 0.0000e+00
       5533      6.487    10.5024   3.217157     1.4009     2.7061     0.2341      6.427      6.427    28.6144     9.8505    307.832    105.937      6.427    28.6144    307.832    105.937 0.0000e+00
       5534      6.508    10.5060   3.217465     1.4154     2.7060     0.2343      6.447      6.448    28.6146     9.8474    307.736    105.913      6.448    28.6146    307.736    105.913 0.0000e+00
       5535      6.530    10.5100   3.218280     1.4308     2.7058     0.2346      6.469      6.470    28.6195     9.8435    307.614    105.883      6.470    28.6195    307.614    105.883 0.0000e+00
       5536      6.552    10.5129   3.218983     1.4471     2.7055     0.2349      6.491      6.491    28.6241     9.8393    307.481    105.847      6.491    28.6241    307.481    105.847 0.0000e+00
       5537      6.573    10.5131   3.219299     1.4646     2.7052     0.2352      6.512      6.512    28.6270     9.8357    307.369    105.811      6.512    28.6270    307.369    105.811 0.0000e+00
       5538      6.595    10.5092   3.219424     1.4830     2.7049     0.2356      6.534      6.534    28.6313     9.8328    307.280    105.774      6.534    28.6313    307.280    105.774 0.0000e+00
       5539      6.618    10.5074   3.219545     1.5019     2.7046     0.2359      6.556      6.557    28.6339     9.8296    307.178    105.737      6.557    28.6339    307.178    105.737 0.0000e+00
       5540      6.642    10.5078   3.219703     1.5201     2.7042     0.2363      6.580      6.581    28.6352     9.8254    307.047    105.694      6.581    28.6352    307.047    105.694 0.0000e+00
       5541      6.665    10.5054   3.220831     1.5373     2.7038     0.2367      6.603      6.603    28.6481     9.8210    306.911    105.650      6.603    28.6481    306.911    105.650 0.0000e+00
       5542      6.686    10.4954   3.224450     1.5535     2.7034     0.2370      6.624      6.624    28.6916     9.8164    306.766    105.606      6.624    28.6916    306.766    105.606 0.0000e+00
       5543      6.706    10.4723   3.227217     1.5688     2.7030     0.2374      6.644      6.644    28.7370     9.8145    306.709    105.564      6.644    28.7370    306.709    105.564 0.0000e+00
       5544      6.727    10.4368   3.227622     1.5834     2.7027     0.2378      6.665      6.665    28.7690     9.8168    306.779    105.528      6.665    28.7690    306.779    105.528 0.0000e+00
       5545      6.749    10.4085   3.228301     1.5975     2.7023     0.2381      6.686      6.687    28.7981     9.8173    306.794    105.487      6.687    28.7981    306.794    105.487 0.0000e+00
       5546      6.771    10.3867   3.231144     1.6112     2.7020     0.2384      6.708      6.708    28.8434     9.8157    306.745    105.451      6.708    28.8434    306.745    105.451 0.0000e+00
       5547      6.793    10.3643   3.234022     1.6244     2.7016     0.2387      6.730      6.730    28.8896     9.8138    306.687    105.410      6.730    28.8896    306.687    105.410 0.0000e+00
