Data/CTD_09.cnv
* Sea-Bird SBE 9 Data File:
* FileName = C:\Users\ctd-user\Desktop\CTD_data\OC4920\CTD_09.hex
* Software Version Seasave V 7.26.2.13
* Temperature SN = 6313
* Conductivity SN = 4758
* Number of Bytes Per Scan = 28
* Number of Voltage Words = 3
* Number of Scans Averaged by the Deck Unit = 1
* NMEA Latitude = 57 52.85 N
* NMEA Longitude = 010 46.74 E
* NMEA UTC (Time) = May 07 2025 10:44:48
** Station: test
** Operator: Operator 1
** Ship: 7720 Skagerak
** Cruise: 7720-2025-01
** Latitude [GG MM.mm N]:
** Longitude [GG MM.mm E]:
** Pumps: PrimaryPump: 1820 # SecondaryPump:
** EventIDs: EventID: 3decf26d-821b-4112-8042-a2c98b568458 # ParentEventID:
** Additional Sampling:
** Metadata admin: MPROG: Other # PROJ: Other # ORDERER: GU # SLABO: GU # ALABO: GU # REFSK: ingen
** Metadata conditions: WADEP: 10 # WINSP: 1 # WINDIR: 02 # AIRPRES: 1000 # AIRTEMP: 1 # WEATH: 9 # CLOUD: 9 # WAVES: 9 # ICEOB: 9 # COMNT_VISIT:
** LIMS Job:
# nquan = 13                                
# nvalues = 8999                        
# units = specified
# name 0 = scan: Scan Count
# name 1 = prDM: Pressure, Digiquartz [db]
# name 2 = t090C: Temperature [ITS-90, deg C]
# name 3 = c0S/m: Conductivity [S/m]
# name 4 = flECO-AFL: Fluorescence, WET Labs ECO-AFL/FL [mg/m^3]
# name 5 = sbeox0V: Oxygen raw, SBE 43 [V]
# name 6 = turbWETntu0: Turbidity, WET Labs ECO [NTU]
# name 7 = depSM: Depth [salt water, m]
# name 8 = depSM: Depth [salt water, m], lat = 57.8808
# name 9 = sal00: Salinity, Practical [PSU]
# name 10 = sbeox0Mm/L: Oxygen, SBE 43 [umol/l], WS = 2
# name 11 = sbeox0PS: Oxygen, SBE 43 [% saturation], WS = 2
# name 12 = flag: flag
# span 0 =          1,       8999       
# span 1 =     -1.007,    124.278       
# span 2 =     7.7737,    10.2429       
# span 3 =   3.398506,   3.691187       
# span 4 =    -0.0505,     8.6925       
# span 5 =     2.1630,     2.9312       
# span 6 =     0.1672,     0.3453       
# span 7 =     -0.998,    123.091       
# span 8 =     -0.998,    123.090       
# span 9 =    30.6421,    35.3001       
# span 10 =    231.746,    347.764      
# span 11 =     79.890,    119.823      
# span 12 = 0.0000e+00, 0.0000e+00      
# interval = seconds: 0.0416667
# start_time = May 07 2025 10:44:48 [NMEA time, header]
# bad_flag = -9.990e-29
*END*
[from data line 1112]
       1113      5.795     9.4643   3.538438     2.7062     2.1685     0.2438      5.741      5.741    32.7261    233.953     80.803 -9.990e-29
       1114      5.792     9.4651   3.538387     2.7091     2.1685     0.2441      5.738      5.738    32.7249    234.072     80.845 -9.990e-29
       1115      5.789     9.4656   3.538330     2.7115     2.1684     0.2445      5.735      5.735    32.7238    234.213     80.894 -9.990e-29
       1116      5.785     9.4662   3.538290     2.7133     2.1684     0.2448      5.731      5.731    32.7229    234.403     80.960 -9.990e-29
       1117      5.782     9.4661   3.538284     2.7146     2.1684     0.2451      5.728      5.728    32.7229    234.637     81.041 -9.990e-29
       1118      5.780     9.4664   3.538261     2.7154     2.1683     0.2454      5.726      5.726    32.7224    234.898     81.131 -9.990e-29
       1119      5.777     9.4662   3.538272     2.7157     2.1681     0.2457      5.723      5.723    32.7227    235.195     81.233 -9.990e-29
       1120      5.775     9.4662   3.538235     2.7155     2.1680     0.2459      5.721      5.721    32.7223    235.556     81.358 -9.990e-29
       1121      5.774     9.4661   3.538218     2.7147     2.1678     0.2462      5.720      5.720    32.7222    235.955     81.496 -9.990e-29
       1122      5.774     9.4661   3.538270     2.7135     2.1675     0.2464      5.720      5.720    32.7228    236.393     81.647 -9.990e-29
       1123      5.773     9.4665   3.538260     2.7118     2.1673     0.2466      5.719      5.719    32.7223    236.897     81.821 -9.990e-29
       1124      5.772     9.4675   3.538275     2.7095     2.1671     0.2467      5.718      5.718    32.7215    237.452     82.015 -9.990e-29
       1125      5.773     9.4682   3.538289     2.7067     2.1668     0.2469      5.719      5.719    32.7210    238.048     82.221 -9.990e-29
       1126      5.774     9.4692   3.538269     2.7033     2.1667     0.2471      5.720      5.720    32.7199    238.723     82.456 -9.990e-29
       1127      5.774     9.4695   3.538264     2.6993     2.1666     0.2473      5.720      5.720    32.7196    239.454     82.709 -9.990e-29
       1128      5.774     9.4705   3.538267     2.6947     2.1666     0.2474      5.720      5.720    32.7187    240.244     82.983 -9.990e-29
       1129      5.775     9.4711   3.538287     2.6894     2.1667     0.2475      5.721      5.721    32.7184    241.094     83.277 -9.990e-29
       1130      5.777     9.4715   3.538276     2.6835     2.1670     0.2476      5.723      5.723    32.7179    242.019     83.598 -9.990e-29
       1131      5.778     9.4721   3.538272     2.6768     2.1675     0.2476      5.724      5.724    32.7173    243.013     83.941 -9.990e-29
       1132      5.780     9.4724   3.538319     2.6694     2.1681     0.2477      5.725      5.726    32.7175    244.060     84.304 -9.990e-29
       1133      5.782     9.4723   3.538331     2.6611     2.1691     0.2477      5.728      5.728    32.7177    245.202     84.698 -9.990e-29
       1134      5.784     9.4721   3.538305     2.6520     2.1703     0.2477      5.730      5.730    32.7176    246.407     85.114 -9.990e-29
       1135      5.786     9.4721   3.538347     2.6419     2.1719     0.2478      5.732      5.732    32.7181    247.693     85.559 -9.990e-29
       1136      5.788     9.4716   3.538380     2.6308     2.1738     0.2479      5.733      5.734    32.7189    249.047     86.026 -9.990e-29
       1137      5.791     9.4711   3.538390     2.6187     2.1759     0.2479      5.736      5.737    32.7194    250.449     86.509 -9.990e-29
       1138      5.794     9.4709   3.538388     2.6060     2.1784     0.2480      5.740      5.740    32.7196    251.919     87.017 -9.990e-29
       1139      5.796     9.4704   3.538404     2.5938     2.1812     0.2480      5.742      5.742    32.7202    253.444     87.543 -9.990e-29
       1140      5.798     9.4707   3.538440     2.5827     2.1842     0.2480      5.743      5.744    32.7203    254.997     88.080 -9.990e-29
       1141      5.800     9.4701   3.538419     2.5726     2.1876     0.2480      5.746      5.746    32.7206    256.614     88.638 -9.990e-29
       1142      5.804     9.4701   3.538437     2.5636     2.1913     0.2480      5.749      5.750    32.7208    258.264     89.208 -9.990e-29
       1143      5.808     9.4701   3.538467     2.5555     2.1955     0.2480      5.753      5.754    32.7211    259.975     89.799 -9.990e-29
       1144      5.811     9.4703   3.538479     2.5481     2.1999     0.2481      5.757      5.757    32.7211    261.697     90.394 -9.990e-29
       1145      5.814     9.4703   3.538479     2.5415     2.2045     0.2481      5.760      5.760    32.7211    263.427     90.992 -9.990e-29
       1146      5.817     9.4701   3.538478     2.5357     2.2095     0.2481      5.763      5.763    32.7212    265.188     91.599 -9.990e-29
       1147      5.820     9.4701   3.538524     2.5305     2.2146     0.2481      5.766      5.766    32.7217    266.927     92.200 -9.990e-29
       1148      5.824     9.4701   3.538559     2.5259     2.2200     0.2481      5.769      5.770    32.7221    268.674     92.804 -9.990e-29
       1149      5.828     9.4700   3.538523     2.5219     2.2257     0.2480      5.774      5.774    32.7218    270.425     93.409 -9.990e-29
       1150      5.833     9.4701   3.538529     2.5185     2.2316     0.2480      5.779      5.779    32.7217    272.156     94.007 -9.990e-29
       1151      5.838     9.4700   3.538582     2.5157     2.2377     0.2480      5.784      5.784    32.7224    273.868     94.598 -9.990e-29
       1152      5.842     9.4698   3.538580     2.5135     2.2438     0.2480      5.788      5.788    32.7225    275.528     95.171 -9.990e-29
       1153      5.847     9.4700   3.538593     2.5118     2.2500     0.2480      5.792      5.793    32.7225    277.142     95.729 -9.990e-29
       1154      5.850     9.4698   3.538621     2.5106     2.2564     0.2480      5.795      5.796    32.7230    278.727     96.276 -9.990e-29
       1155      5.852     9.4700   3.538651     2.5099     2.2628     0.2480      5.797      5.798    32.7231    280.246     96.802 -9.990e-29
       1156      5.855     9.4697   3.538685     2.5096     2.2694     0.2480      5.800      5.801    32.7237    281.733     97.315 -9.990e-29
       1157      5.858     9.4695   3.538714     2.5099     2.2760     0.2481      5.804      5.804    32.7242    283.154     97.806 -9.990e-29
       1158      5.863     9.4682   3.538738     2.5106     2.2826     0.2481      5.808      5.809    32.7256    284.519     98.275 -9.990e-29
       1159      5.867     9.4661   3.538741     2.5119     2.2892     0.2482      5.813      5.813    32.7276    285.824     98.723 -9.990e-29
       1160      5.871     9.4639   3.538781     2.5136     2.2958     0.2483      5.817      5.817    32.7300    287.067     99.149 -9.990e-29
       1161      5.875     9.4623   3.538840     2.5158     2.3023     0.2484      5.821      5.821    32.7320    288.228     99.548 -9.990e-29
       1162      5.880     9.4610   3.538823     2.5186     2.3088     0.2485      5.825      5.825    32.7331    289.327     99.925 -9.990e-29
       1163      5.884     9.4602   3.538861     2.5218     2.3154     0.2486      5.829      5.829    32.7342    290.375    100.286 -9.990e-29
       1164      5.890     9.4597   3.538901     2.5254     2.3220     0.2486      5.835      5.835    32.7350    291.362    100.626 -9.990e-29
       1165      5.895     9.4592   3.538928     2.5289     2.3285     0.2487      5.840      5.840    32.7358    292.280    100.943 -9.990e-29
       1166      5.900     9.4592   3.538958     2.5325     2.3349     0.2488      5.845      5.845    32.7361    293.129    101.236 -9.990e-29
       1167      5.904     9.4591   3.539016     2.5361     2.3413     0.2489      5.849      5.849    32.7368    293.930    101.513 -9.990e-29
       1168      5.909     9.4589   3.539050     2.5396     2.3476     0.2490      5.854      5.854    32.7373    294.673    101.770 -9.990e-29
       1169      5.915     9.4589   3.539062     2.5433     2.3538     0.2491      5.860      5.860    32.7374    295.359    102.006 -9.990e-29
       1170      5.921     9.4589   3.539109     2.5470     2.3599     0.2491      5.866      5.866    32.7379    295.987    102.224 -9.990e-29
       1171      5.925     9.4589   3.539103     2.5509     2.3660     0.2492      5.871      5.870    32.7378    296.580    102.428 -9.990e-29
       1172      5.930     9.4584   3.539113     2.5548     2.3721     0.2493      5.875      5.875    32.7384    297.139    102.621 -9.990e-29
       1173      5.934     9.4584   3.539143     2.5590     2.3782     0.2493      5.880      5.879    32.7387    297.663    102.802 -9.990e-29
       1174      5.940     9.4579   3.539153     2.5633     2.3842     0.2494      5.885      5.885    32.7393    298.151    102.970 -9.990e-29
       1175      5.946     9.4579   3.539176     2.5678     2.3901     0.2494      5.891      5.891    32.7395    298.597    103.124 -9.990e-29
       1176      5.952     9.4579   3.539206     2.5726     2.3959     0.2495      5.897      5.897    32.7398    299.007    103.266 -9.990e-29
       1177      5.957     9.4569   3.539214     2.5777     2.4016     0.2495      5.902      5.902    32.7408    299.390    103.396 -9.990e-29
       1178      5.962     9.4571   3.539215     2.5831     2.4072     0.2495      5.907      5.907    32.7406    299.731    103.515 -9.990e-29
       1179      5.967     9.4566   3.539213     2.5889     2.4127     0.2495      5.912      5.912    32.7411    300.047    103.623 -9.990e-29
       1180      5.972     9.4564   3.539229     2.5950     2.4181     0.2495      5.917      5.917    32.7414    300.332    103.721 -9.990e-29
       1181      5.977     9.4561   3.539264     2.6016     2.4235     0.2495      5.922      5.922    32.7420    300.606    103.815 -9.990e-29
       1182      5.981     9.4561   3.539293     2.6087     2.4288     0.2495      5.926      5.926    32.7423    300.853    103.901 -9.990e-29
       1183      5.986     9.4563   3.539283     2.6163     2.4339     0.2495      5.930      5.931    32.7420    301.062    103.973 -9.990e-29
       1184      5.991     9.4559   3.539316     2.6245     2.4390     0.2495      5.935      5.935    32.7427    301.265    104.043 -9.990e-29
       1185      5.994     9.4559   3.539310     2.6333     2.4439     0.2495      5.938      5.938    32.7427    301.430    104.100 -9.990e-29
       1186      5.997     9.4556   3.539351     2.6429     2.4487     0.2495      5.941      5.941    32.7434    301.576    104.150 -9.990e-29
       1187      6.000     9.4553   3.539314     2.6532     2.4534     0.2494      5.944      5.944    32.7433    301.705    104.194 -9.990e-29
       1188      6.004     9.4550   3.539319     2.6643     2.4580     0.2494      5.948      5.948    32.7436    301.817    104.232 -9.990e-29
       1189      6.007     9.4545   3.539353     2.6758     2.4626     0.2494      5.951      5.951    32.7444    301.928    104.270 -9.990e-29
       1190      6.009     9.4542   3.539333     2.6869     2.4672     0.2494      5.954      5.953    32.7445    302.037    104.307 -9.990e-29
       1191      6.012     9.4537   3.539302     2.6970     2.4717     0.2494      5.956      5.956    32.7446    302.131    104.338 -9.990e-29
       1192      6.015     9.4531   3.539311     2.7061     2.4760     0.2493      5.959      5.959    32.7452    302.193    104.359 -9.990e-29
       1193      6.018     9.4529   3.539347     2.7143     2.4802     0.2493      5.962      5.962    32.7458    302.236    104.373 -9.990e-29
       1194      6.020     9.4527   3.539357     2.7218     2.4842     0.2492      5.964      5.964    32.7461    302.249    104.378 -9.990e-29
       1195      6.022     9.4525   3.539356     2.7286     2.4882     0.2491      5.966      5.966    32.7462    302.260    104.381 -9.990e-29
       1196      6.024     9.4517   3.539371     2.7347     2.4920     0.2491      5.969      5.968    32.7471    302.248    104.376 -9.990e-29
       1197      6.026     9.4507   3.539380     2.7402     2.4958     0.2490      5.970      5.970    32.7481    302.239    104.371 -9.990e-29
       1198      6.027     9.4501   3.539395     2.7451     2.4996     0.2490      5.971      5.971    32.7488    302.232    104.368 -9.990e-29
       1199      6.028     9.4497   3.539429     2.7494     2.5032     0.2489      5.972      5.972    32.7496    302.199    104.356 -9.990e-29
       1200      6.028     9.4502   3.539443     2.7532     2.5067     0.2488      5.973      5.972    32.7492    302.151    104.340 -9.990e-29
       1201      6.029     9.4505   3.539462     2.7566     2.5102     0.2488      5.973      5.973    32.7492    302.109    104.326 -9.990e-29
       1202      6.029     9.4517   3.539526     2.7594     2.5135     0.2487      5.974      5.973    32.7487    302.038    104.304 -9.990e-29
       1203      6.030     9.4517   3.539561     2.7618     2.5167     0.2487      5.974      5.974    32.7491    301.966    104.280 -9.990e-29
       1204      6.028     9.4518   3.539591     2.7637     2.5199     0.2487      5.973      5.972    32.7493    301.896    104.256 -9.990e-29
       1205      6.027     9.4520   3.539746     2.7653     2.5230     0.2487      5.971      5.971    32.7507    301.814    104.229 -9.990e-29
       1206      6.025     9.4525   3.534423     2.7664     2.5259     0.2487      5.969      5.969    32.6955    301.815    104.194 -9.990e-29
       1207      6.024     9.4533   3.529956     2.7671     2.5288     0.2487      5.968      5.968    32.6489    301.806    104.161 -9.990e-29
       1208      6.024     9.4538   3.534434     2.7674     2.5316     0.2487      5.968      5.968    32.6945    301.611    104.125 -9.990e-29
       1209      6.023     9.4548   3.538888     2.7673     2.5343     0.2486      5.967      5.967    32.7393    301.408    104.087 -9.990e-29
       1210      6.023     9.4553   3.541833     2.7668     2.5370     0.2486      5.966      5.967    32.7692    301.245    104.052 -9.990e-29
       1211      6.021     9.4558   3.544099     2.7659     2.5397     0.2486      5.965      5.965    32.7920    301.102    104.019 -9.990e-29
       1212      6.019     9.4561   3.544981     2.7646     2.5423     0.2486      5.962      5.963    32.8008    300.981    103.984 -9.990e-29
       1213      6.016     9.4564   3.545408     2.7629     2.5448     0.2485      5.960      5.960    32.8049    300.864    103.947 -9.990e-29
       1214      6.013     9.4566   3.545681     2.7608     2.5472     0.2485      5.957      5.957    32.8075    300.745    103.908 -9.990e-29
       1215      6.010     9.4572   3.545831     2.7585     2.5494     0.2484      5.954      5.954    32.8085    300.612    103.864 -9.990e-29
       1216      6.008     9.4579   3.545941     2.7563     2.5515     0.2483      5.952      5.952    32.8090    300.476    103.819 -9.990e-29
       1217      6.005     9.4587   3.545967     2.7541     2.5535     0.2482      5.949      5.949    32.8085    300.337    103.773 -9.990e-29
       1218      6.001     9.4595   3.545899     2.7521     2.5555     0.2481      5.945      5.945    32.8071    300.209    103.730 -9.990e-29
       1219      5.998     9.4600   3.545758     2.7501     2.5574     0.2480      5.942      5.942    32.8052    300.078    103.684 -9.990e-29
       1220      5.993     9.4612   3.545604     2.7483     2.5593     0.2479      5.938      5.937    32.8025    299.952    103.641 -9.990e-29
       1221      5.989     9.4623   3.545495     2.7465     2.5612     0.2479      5.934      5.933    32.8004    299.833    103.602 -9.990e-29
       1222      5.985     9.4636   3.545477     2.7448     2.5630     0.2478      5.930      5.930    32.7990    299.706    103.560 -9.990e-29
