Data/CTD_08.cnv
* Sea-Bird SBE 9 Data File:
* FileName = C:\Users\ctd-user\Desktop\CTD_data\OC4920\CTD_08.hex
* Software Version Seasave V 7.26.2.13
* Temperature SN = 6313
* Conductivity SN = 4758
* Number of Bytes Per Scan = 28
* Number of Voltage Words = 3
* Number of Scans Averaged by the Deck Unit = 1
* NMEA Latitude = 57 53.87 N
* NMEA Longitude = 010 46.83 E
* NMEA UTC (Time) = May 07 2025 10:06:26
** Station: test
** Operator: Operator 1
** Ship: 7720 Skagerak
** Cruise: 7720-2025-01
** Latitude [GG MM.mm N]:
** Longitude [GG MM.mm E]:
** Pumps: PrimaryPump: 1820 # SecondaryPump:
** EventIDs: EventID: 3decf26d-821b-4112-8042-a2c98b568458 # ParentEventID:
** Additional Sampling:
** Metadata admin: MPROG: Other # PROJ: Other # ORDERER: GU # SLABO: GU # ALABO: GU # REFSK: ingen
** Metadata conditions: WADEP: 10 # WINSP: 1 # WINDIR: 02 # AIRPRES: 1000 # AIRTEMP: 1 # WEATH: 9 # CLOUD: 9 # WAVES: 9 # ICEOB: 9 # COMNT_VISIT:
** LIMS Job:
# nquan = 13                                
# nvalues = 7186                        
# units = specified
# name 0 = scan: Scan Count
# name 1 = prDM: Pressure, Digiquartz [db]
# name 2 = t090C: Temperature [ITS-90, deg C]
# name 3 = c0S/m: Conductivity [S/m]
# name 4 = flECO-AFL: Fluorescence, WET Labs ECO-AFL/FL [mg/m^3]
# name 5 = sbeox0V: Oxygen raw, SBE 43 [V]
# name 6 = turbWETntu0: Turbidity, WET Labs ECO [NTU]
# name 7 = depSM: Depth [salt water, m]
# name 8 = depSM: Depth [salt water, m], lat = 57.8978
# name 9 = sal00: Salinity, Practical [PSU]
# name 10 = sbeox0Mm/L: Oxygen, SBE 43 [umol/l], WS = 2
# name 11 = sbeox0PS: Oxygen, SBE 43 [% saturation], WS = 2
# name 12 = flag: flag
# span 0 =          1,       7186       
# span 1 =     -1.153,    138.085       
# span 2 =     7.8790,    10.4366       
# span 3 =   3.375925,   3.686232       
# span 4 =    -0.0497,     5.4174       
# span 5 =     2.5241,     2.8335       
# span 6 =     0.1633,     0.4456       
# span 7 =     -1.142,    136.761       
# span 8 =     -1.142,    136.761       
# span 9 =    30.2689,    35.3157       
# span 10 =    293.279,    330.988      
# span 11 =     99.373,    113.910      
# span 12 = 0.0000e+00, 0.0000e+00      
# interval = seconds: 0.0416667
# start_time = May 07 2025 10:06:26 [NMEA time, header]
# bad_flag = -9.990e-29
*END*
[from data line 5334]
       5335    101.972     7.8793   3.634637    -0.0414     2.5288     0.3674    101.002    101.003    35.2163    293.401     99.415 0.0000e+00
       5336    101.992     7.8794   3.634638    -0.0407     2.5287     0.3672    101.023    101.023    35.2162    293.387     99.410 0.0000e+00
       5337    102.013     7.8794   3.634638    -0.0401     2.5286     0.3670    101.043    101.044    35.2162    293.375     99.406 0.0000e+00
       5338    102.035     7.8793   3.634637    -0.0395     2.5285     0.3669    101.065    101.065    35.2163    293.367     99.403 0.0000e+00
       5339    102.057     7.8795   3.634662    -0.0389     2.5284     0.3667    101.087    101.087    35.2164    293.358     99.401 0.0000e+00
       5340    102.078     7.8795   3.634644    -0.0384     2.5284     0.3666    101.108    101.108    35.2162    293.364     99.403 0.0000e+00
       5341    102.100     7.8797   3.634639    -0.0379     2.5284     0.3666    101.130    101.130    35.2159    293.370     99.405 0.0000e+00
       5342    102.123     7.8795   3.634615    -0.0375     2.5284     0.3665    101.152    101.152    35.2158    293.379     99.408 0.0000e+00
       5343    102.146     7.8797   3.634663    -0.0371     2.5284     0.3665    101.175    101.175    35.2161    293.384     99.410 0.0000e+00
       5344    102.168     7.8795   3.634645    -0.0367     2.5285     0.3664    101.197    101.197    35.2161    293.406     99.417 0.0000e+00
       5345    102.190     7.8795   3.634687    -0.0364     2.5285     0.3664    101.219    101.219    35.2166    293.412     99.419 0.0000e+00
       5346    102.212     7.8798   3.634652    -0.0360     2.5285     0.3664    101.241    101.241    35.2159    293.418     99.421 0.0000e+00
       5347    102.234     7.8802   3.634666    -0.0358     2.5285     0.3665    101.262    101.262    35.2156    293.421     99.423 0.0000e+00
       5348    102.255     7.8803   3.634678    -0.0355     2.5285     0.3666    101.283    101.283    35.2156    293.428     99.426 0.0000e+00
       5349    102.276     7.8803   3.634648    -0.0352     2.5284     0.3667    101.304    101.304    35.2153    293.422     99.424 0.0000e+00
       5350    102.297     7.8805   3.634643    -0.0350     2.5284     0.3669    101.326    101.325    35.2150    293.431     99.427 0.0000e+00
       5351    102.319     7.8805   3.634667    -0.0348     2.5283     0.3671    101.347    101.347    35.2153    293.426     99.426 0.0000e+00
       5352    102.341     7.8803   3.634649    -0.0346     2.5282     0.3673    101.369    101.368    35.2153    293.423     99.424 0.0000e+00
       5353    102.364     7.8805   3.634691    -0.0344     2.5280     0.3676    101.392    101.391    35.2155    293.405     99.418 0.0000e+00
       5354    102.388     7.8803   3.634709    -0.0343     2.5279     0.3680    101.415    101.415    35.2159    293.404     99.418 0.0000e+00
       5355    102.411     7.8805   3.634710    -0.0341     2.5278     0.3684    101.438    101.438    35.2157    293.402     99.418 0.0000e+00
       5356    102.434     7.8807   3.634710    -0.0340     2.5277     0.3688    101.460    101.460    35.2155    293.403     99.418 0.0000e+00
       5357    102.457     7.8803   3.634733    -0.0339     2.5277     0.3693    101.483    101.483    35.2161    293.420     99.424 0.0000e+00
       5358    102.481     7.8808   3.634747    -0.0337     2.5277     0.3698    101.507    101.507    35.2158    293.436     99.430 0.0000e+00
       5359    102.504     7.8805   3.634764    -0.0336     2.5276     0.3703    101.530    101.530    35.2162    293.445     99.433 0.0000e+00
       5360    102.526     7.8803   3.634793    -0.0335     2.5276     0.3708    101.552    101.552    35.2167    293.466     99.440 0.0000e+00
       5361    102.549     7.8807   3.634807    -0.0334     2.5276     0.3714    101.575    101.574    35.2165    293.483     99.446 0.0000e+00
       5362    102.572     7.8806   3.634807    -0.0334     2.5277     0.3721    101.597    101.597    35.2166    293.516     99.457 0.0000e+00
       5363    102.594     7.8805   3.634788    -0.0333     2.5277     0.3727    101.620    101.619    35.2164    293.531     99.462 0.0000e+00
       5364    102.618     7.8807   3.634801    -0.0332     2.5276     0.3733    101.643    101.643    35.2164    293.528     99.461 0.0000e+00
       5365    102.642     7.8803   3.634782    -0.0332     2.5276     0.3739    101.667    101.666    35.2166    293.544     99.466 0.0000e+00
       5366    102.666     7.8810   3.634826    -0.0331     2.5276     0.3744    101.691    101.690    35.2163    293.554     99.471 0.0000e+00
       5367    102.689     7.8808   3.634790    -0.0330     2.5275     0.3748    101.713    101.713    35.2161    293.558     99.471 0.0000e+00
       5368    102.713     7.8807   3.634825    -0.0330     2.5275     0.3751    101.737    101.737    35.2166    293.576     99.477 0.0000e+00
       5369    102.737     7.8808   3.634843    -0.0329     2.5275     0.3755    101.761    101.760    35.2167    293.596     99.485 0.0000e+00
       5370    102.762     7.8808   3.634843    -0.0329     2.5275     0.3758    101.785    101.785    35.2166    293.617     99.492 0.0000e+00
       5371    102.787     7.8812   3.634815    -0.0328     2.5275     0.3761    101.810    101.810    35.2159    293.635     99.498 0.0000e+00
       5372    102.811     7.8808   3.634832    -0.0328     2.5276     0.3765    101.835    101.834    35.2165    293.669     99.509 0.0000e+00
       5373    102.835     7.8812   3.634845    -0.0328     2.5276     0.3767    101.858    101.858    35.2162    293.682     99.515 0.0000e+00
       5374    102.860     7.8810   3.634862    -0.0327     2.5277     0.3770    101.882    101.882    35.2166    293.712     99.524 0.0000e+00
       5375    102.884     7.8812   3.634851    -0.0327     2.5277     0.3772    101.907    101.906    35.2163    293.725     99.529 0.0000e+00
       5376    102.909     7.8810   3.634862    -0.0327     2.5277     0.3774    101.930    101.931    35.2166    293.739     99.533 0.0000e+00
       5377    102.934     7.8810   3.634850    -0.0327     2.5279     0.3775    101.955    101.956    35.2164    293.779     99.547 0.0000e+00
       5378    102.959     7.8811   3.634846    -0.0327     2.5280     0.3776    101.980    101.980    35.2163    293.800     99.554 0.0000e+00
       5379    102.983     7.8810   3.634862    -0.0326     2.5281     0.3776    102.004    102.004    35.2165    293.821     99.561 0.0000e+00
       5380    103.006     7.8812   3.634875    -0.0326     2.5282     0.3776    102.027    102.027    35.2165    293.841     99.568 0.0000e+00
       5381    103.029     7.8813   3.634875    -0.0326     2.5282     0.3776    102.050    102.050    35.2164    293.846     99.570 0.0000e+00
       5382    103.054     7.8811   3.634899    -0.0326     2.5283     0.3775    102.074    102.074    35.2168    293.867     99.577 0.0000e+00
       5383    103.079     7.8813   3.634912    -0.0326     2.5284     0.3774    102.100    102.099    35.2167    293.886     99.584 0.0000e+00
       5384    103.105     7.8813   3.634912    -0.0326     2.5284     0.3772    102.125    102.125    35.2167    293.890     99.585 0.0000e+00
       5385    103.129     7.8813   3.634930    -0.0325     2.5284     0.3770    102.148    102.149    35.2169    293.892     99.586 0.0000e+00
       5386    103.152     7.8813   3.634918    -0.0325     2.5284     0.3767    102.171    102.171    35.2168    293.895     99.587 0.0000e+00
       5387    103.174     7.8813   3.634930    -0.0325     2.5283     0.3764    102.193    102.193    35.2169    293.888     99.585 0.0000e+00
       5388    103.198     7.8814   3.634942    -0.0325     2.5283     0.3761    102.217    102.217    35.2169    293.895     99.588 0.0000e+00
       5389    103.222     7.8816   3.634919    -0.0325     2.5283     0.3758    102.241    102.241    35.2164    293.902     99.590 0.0000e+00
       5390    103.246     7.8817   3.634931    -0.0325     2.5284     0.3755    102.264    102.265    35.2165    293.923     99.597 0.0000e+00
       5391    103.269     7.8813   3.634942    -0.0325     2.5285     0.3753    102.287    102.287    35.2170    293.946     99.604 0.0000e+00
       5392    103.292     7.8814   3.634960    -0.0325     2.5286     0.3750    102.310    102.310    35.2170    293.961     99.610 0.0000e+00
       5393    103.314     7.8813   3.634948    -0.0325     2.5287     0.3748    102.332    102.332    35.2170    293.975     99.614 0.0000e+00
       5394    103.336     7.8811   3.634941    -0.0325     2.5287     0.3746    102.354    102.354    35.2171    293.972     99.613 0.0000e+00
       5395    103.359     7.8813   3.634960    -0.0325     2.5286     0.3744    102.377    102.376    35.2171    293.950     99.606 0.0000e+00
       5396    103.382     7.8818   3.634950    -0.0325     2.5285     0.3742    102.399    102.399    35.2165    293.927     99.599 0.0000e+00
       5397    103.404     7.8823   3.634964    -0.0325     2.5284     0.3741    102.421    102.421    35.2161    293.904     99.592 0.0000e+00
       5398    103.426     7.8827   3.634978    -0.0324     2.5284     0.3740    102.443    102.443    35.2159    293.895     99.590 0.0000e+00
       5399    103.449     7.8829   3.634960    -0.0324     2.5284     0.3740    102.465    102.466    35.2155    293.886     99.587 0.0000e+00
       5400    103.470     7.8828   3.635020    -0.0324     2.5284     0.3740    102.486    102.486    35.2162    293.876     99.584 0.0000e+00
       5401    103.490     7.8828   3.634990    -0.0324     2.5284     0.3740    102.506    102.506    35.2159    293.867     99.581 0.0000e+00
       5402    103.510     7.8831   3.635003    -0.0324     2.5284     0.3741    102.526    102.526    35.2157    293.858     99.578 0.0000e+00
       5403    103.531     7.8831   3.634985    -0.0324     2.5285     0.3741    102.546    102.547    35.2155    293.867     99.581 0.0000e+00
       5404    103.552     7.8832   3.635004    -0.0324     2.5286     0.3742    102.567    102.568    35.2156    293.875     99.584 0.0000e+00
       5405    103.572     7.8832   3.634986    -0.0324     2.5287     0.3744    102.587    102.587    35.2154    293.886     99.588 0.0000e+00
       5406    103.593     7.8832   3.634980    -0.0324     2.5288     0.3746    102.608    102.608    35.2153    293.898     99.591 0.0000e+00
       5407    103.614     7.8832   3.634980    -0.0324     2.5288     0.3748    102.629    102.629    35.2153    293.896     99.591 0.0000e+00
       5408    103.635     7.8836   3.635005    -0.0324     2.5288     0.3750    102.649    102.650    35.2151    293.895     99.591 0.0000e+00
       5409    103.655     7.8832   3.635088    -0.0324     2.5288     0.3752    102.669    102.670    35.2164    293.895     99.591 0.0000e+00
       5410    103.674     7.8831   3.635111    -0.0324     2.5289     0.3755    102.689    102.688    35.2168    293.910     99.596 0.0000e+00
       5411    103.694     7.8829   3.635129    -0.0324     2.5291     0.3758    102.709    102.708    35.2172    293.937     99.605 0.0000e+00
       5412    103.715     7.8828   3.635163    -0.0324     2.5292     0.3762    102.729    102.729    35.2176    293.947     99.609 0.0000e+00
       5413    103.736     7.8836   3.635148    -0.0324     2.5293     0.3766    102.750    102.750    35.2166    293.951     99.611 0.0000e+00
       5414    103.756     7.8839   3.635120    -0.0324     2.5294     0.3770    102.769    102.770    35.2160    293.957     99.614 0.0000e+00
       5415    103.775     7.8844   3.635163    -0.0324     2.5294     0.3774    102.788    102.788    35.2160    293.949     99.612 0.0000e+00
       5416    103.792     7.8846   3.635182    -0.0324     2.5293     0.3777    102.805    102.805    35.2160    293.932     99.606 0.0000e+00
       5417    103.810     7.8846   3.635230    -0.0324     2.5292     0.3781    102.823    102.823    35.2165    293.919     99.603 0.0000e+00
       5418    103.828     7.8852   3.635220    -0.0324     2.5291     0.3784    102.841    102.841    35.2158    293.908     99.600 0.0000e+00
       5419    103.846     7.8852   3.635214    -0.0324     2.5291     0.3786    102.859    102.859    35.2157    293.915     99.602 0.0000e+00
       5420    103.864     7.8853   3.635238    -0.0324     2.5291     0.3788    102.877    102.876    35.2158    293.919     99.604 0.0000e+00
       5421    103.882     7.8855   3.635221    -0.0324     2.5291     0.3790    102.894    102.894    35.2154    293.922     99.605 0.0000e+00
       5422    103.899     7.8858   3.635162    -0.0324     2.5291     0.3792    102.911    102.911    35.2145    293.923     99.605 0.0000e+00
       5423    103.917     7.8857   3.635174    -0.0324     2.5290     0.3793    102.929    102.929    35.2147    293.910     99.601 0.0000e+00
       5424    103.935     7.8856   3.635233    -0.0324     2.5290     0.3795    102.947    102.947    35.2154    293.907     99.600 0.0000e+00
       5425    103.952     7.8858   3.635270    -0.0324     2.5290     0.3796    102.964    102.964    35.2156    293.902     99.599 0.0000e+00
       5426    103.970     7.8861   3.635355    -0.0324     2.5290     0.3797    102.981    102.981    35.2162    293.895     99.598 0.0000e+00
       5427    103.988     7.8860   3.635402    -0.0324     2.5290     0.3799    103.000    102.999    35.2168    293.888     99.595 0.0000e+00
       5428    104.008     7.8860   3.635414    -0.0324     2.5290     0.3800    103.019    103.019    35.2170    293.883     99.594 0.0000e+00
       5429    104.026     7.8861   3.635456    -0.0324     2.5290     0.3801    103.037    103.037    35.2173    293.875     99.592 0.0000e+00
       5430    104.045     7.8863   3.635451    -0.0324     2.5291     0.3802    103.056    103.056    35.2170    293.883     99.594 0.0000e+00
       5431    104.064     7.8866   3.635494    -0.0324     2.5291     0.3803    103.075    103.075    35.2172    293.875     99.593 0.0000e+00
       5432    104.083     7.8866   3.635530    -0.0324     2.5292     0.3804    103.094    103.093    35.2176    293.883     99.596 0.0000e+00
       5433    104.102     7.8868   3.635519    -0.0324     2.5292     0.3805    103.112    103.112    35.2172    293.878     99.594 0.0000e+00
       5434    104.121     7.8870   3.635561    -0.0324     2.5292     0.3805    103.131    103.131    35.2175    293.874     99.593 0.0000e+00
       5435    104.139     7.8873   3.635526    -0.0324     2.5291     0.3806    103.149    103.149    35.2168    293.860     99.589 0.0000e+00
       5436    104.157     7.8871   3.635562    -0.0324     2.5291     0.3806    103.166    103.167    35.2174    293.867     99.591 0.0000e+00
       5437    104.174     7.8871   3.635579    -0.0324     2.5290     0.3807    103.184    103.183    35.2175    293.860     99.589 0.0000e+00
       5438    104.191     7.8874   3.635581    -0.0324     2.5290     0.3808    103.200    103.200    35.2172    293.868     99.592 0.0000e+00
       5439    104.208     7.8871   3.635579    -0.0324     2.5291     0.3809    103.217    103.217    35.2175    293.896     99.601 0.0000e+00
       5440    104.226     7.8874   3.635598    -0.0324     2.5292     0.3810    103.235    103.235    35.2174    293.922     99.610 0.0000e+00
       5441    104.244     7.8871   3.635609    -0.0324     2.5294     0.3811    103.253    103.253    35.2178    293.964     99.624 0.0000e+00
       5442    104.264     7.8871   3.635627    -0.0324     2.5295     0.3811    103.273    103.273    35.2180    293.987     99.632 0.0000e+00
       5443    104.284     7.8874   3.635687    -0.0324     2.5296     0.3812    103.292    103.292    35.2183    294.007     99.640 0.0000e+00
       5444    104.303     7.8873   3.635681    -0.0324     2.5296     0.3813    103.311    103.311    35.2184    294.015     99.642 0.0000e+00
