Data/CTD_05.cnv
* Sea-Bird SBE 9 Data File:
* FileName = C:\Users\ctd-user\Desktop\CTD_data\OC4920\CTD_05.hex
* Software Version Seasave V 7.26.2.13
* Temperature SN = 6313
* Conductivity SN = 4758
* Number of Bytes Per Scan = 28
* Number of Voltage Words = 3
* Number of Scans Averaged by the Deck Unit = 1
* NMEA Latitude = 57 56.89 N
* NMEA Longitude = 010 47.07 E
* NMEA UTC (Time) = May 07 2025 08:44:53
** Station: test
** Operator: Operator 1
** Ship: 7720 Skagerak
** Cruise: 7720-2025-01
** Latitude [GG MM.mm N]:
** Longitude [GG MM.mm E]:
** Pumps: PrimaryPump: 1820 # SecondaryPump:
** EventIDs: EventID: 3decf26d-821b-4112-8042-a2c98b568458 # ParentEventID:
** Additional Sampling:
** Metadata admin: MPROG: Other # PROJ: Other # ORDERER: GU # SLABO: GU # ALABO: GU # REFSK: ingen
** Metadata conditions: WADEP: 10 # WINSP: 1 # WINDIR: 02 # AIRPRES: 1000 # AIRTEMP: 1 # WEATH: 9 # CLOUD: 9 # WAVES: 9 # ICEOB: 9 # COMNT_VISIT:
** LIMS Job:
# nquan = 13                                
# nvalues = 9997                        
# units = specified
# name 0 = scan: Scan Count
# name 1 = prDM: Pressure, Digiquartz [db]
# name 2 = t090C: Temperature [ITS-90, deg C]
# name 3 = c0S/m: Conductivity [S/m]
# name 4 = flECO-AFL: Fluorescence, WET Labs ECO-AFL/FL [mg/m^3]
# name 5 = sbeox0V: Oxygen raw, SBE 43 [V]
# name 6 = turbWETntu0: Turbidity, WET Labs ECO [NTU]
# name 7 = depSM: Depth [salt water, m]
# name 8 = depSM: Depth [salt water, m], lat = 57.9482
# name 9 = sal00: Salinity, Practical [PSU]
# name 10 = sbeox0Mm/L: Oxygen, SBE 43 [umol/l], WS = 2
# name 11 = sbeox0PS: Oxygen, SBE 43 [% saturation], WS = 2
# name 12 = flag: flag
# span 0 =          1,       9997       
# span 1 =     -0.415,    177.086       
# span 2 =     7.7684,    10.5308       
# span 3 =   3.244558,   3.670287       
# span 4 =    -0.0505,     2.4530       
# span 5 =     2.2823,     2.7292       
# span 6 =     0.1571,     1.2065       
# span 7 =     -0.411,    175.370       
# span 8 =     -0.411,    175.370       
# span 9 =    28.9673,    35.3238       
# span 10 =    247.014,    313.463      
# span 11 =     85.304,    107.952      
# span 12 = 0.0000e+00, 0.0000e+00      
# interval = seconds: 0.0416667
# start_time = May 07 2025 08:44:53 [NMEA time, header]
# bad_flag = -9.990e-29
*END*
[from data line 2889]
       2890     32.236     8.3969   3.647738     0.1354     2.6188     0.1712     31.935     31.935    34.8732    300.869    102.904 0.0000e+00
       2891     32.255     8.3968   3.647774     0.1352     2.6189     0.1712     31.954     31.954    34.8737    300.877    102.907 0.0000e+00
       2892     32.273     8.3964   3.647796     0.1350     2.6189     0.1712     31.971     31.972    34.8743    300.874    102.906 0.0000e+00
       2893     32.292     8.3957   3.647817     0.1348     2.6188     0.1712     31.990     31.990    34.8752    300.858    102.899 0.0000e+00
       2894     32.311     8.3949   3.647790     0.1347     2.6188     0.1712     32.009     32.009    34.8757    300.855    102.897 0.0000e+00
       2895     32.331     8.3941   3.647787     0.1346     2.6188     0.1713     32.028     32.029    34.8764    300.850    102.894 0.0000e+00
       2896     32.351     8.3932   3.647801     0.1345     2.6188     0.1713     32.049     32.049    34.8775    300.844    102.890 0.0000e+00
       2897     32.372     8.3927   3.647811     0.1344     2.6187     0.1713     32.069     32.070    34.8781    300.821    102.882 0.0000e+00
       2898     32.392     8.3912   3.647835     0.1343     2.6187     0.1713     32.089     32.089    34.8798    300.818    102.878 0.0000e+00
       2899     32.411     8.3900   3.647807     0.1342     2.6187     0.1712     32.109     32.108    34.8807    300.813    102.875 0.0000e+00
       2900     32.431     8.3892   3.647828     0.1342     2.6187     0.1712     32.128     32.128    34.8817    300.804    102.870 0.0000e+00
       2901     32.452     8.3888   3.647820     0.1341     2.6186     0.1711     32.148     32.149    34.8820    300.779    102.861 0.0000e+00
       2902     32.472     8.3884   3.647831     0.1341     2.6185     0.1710     32.169     32.169    34.8825    300.753    102.851 0.0000e+00
       2903     32.492     8.3881   3.647745     0.1341     2.6185     0.1709     32.188     32.189    34.8819    300.743    102.847 0.0000e+00
       2904     32.511     8.3874   3.647755     0.1340     2.6185     0.1708     32.207     32.207    34.8827    300.734    102.843 0.0000e+00
       2905     32.528     8.3871   3.647813     0.1339     2.6184     0.1707     32.224     32.224    34.8836    300.709    102.834 0.0000e+00
       2906     32.544     8.3873   3.647838     0.1338     2.6184     0.1706     32.240     32.240    34.8836    300.695    102.830 0.0000e+00
       2907     32.560     8.3867   3.647854     0.1337     2.6183     0.1704     32.256     32.256    34.8844    300.671    102.821 0.0000e+00
       2908     32.579     8.3863   3.647870     0.1336     2.6183     0.1703     32.274     32.275    34.8849    300.660    102.817 0.0000e+00
       2909     32.597     8.3858   3.647880     0.1335     2.6183     0.1702     32.292     32.293    34.8855    300.645    102.811 0.0000e+00
       2910     32.614     8.3847   3.647882     0.1335     2.6183     0.1700     32.310     32.309    34.8866    300.632    102.805 0.0000e+00
       2911     32.632     8.3832   3.647913     0.1334     2.6182     0.1699     32.327     32.327    34.8885    300.606    102.793 0.0000e+00
       2912     32.649     8.3831   3.647912     0.1333     2.6181     0.1697     32.344     32.344    34.8885    300.576    102.783 0.0000e+00
       2913     32.666     8.3829   3.647918     0.1333     2.6181     0.1695     32.361     32.361    34.8888    300.563    102.778 0.0000e+00
       2914     32.685     8.3826   3.647911     0.1332     2.6181     0.1692     32.380     32.380    34.8890    300.553    102.774 0.0000e+00
       2915     32.704     8.3819   3.647926     0.1332     2.6181     0.1690     32.398     32.399    34.8898    300.548    102.771 0.0000e+00
       2916     32.722     8.3814   3.647972     0.1331     2.6181     0.1687     32.416     32.416    34.8908    300.543    102.769 0.0000e+00
       2917     32.741     8.3811   3.647923     0.1331     2.6181     0.1685     32.435     32.435    34.8906    300.541    102.768 0.0000e+00
       2918     32.761     8.3802   3.647938     0.1330     2.6180     0.1682     32.454     32.455    34.8916    300.526    102.761 0.0000e+00
       2919     32.778     8.3795   3.647929     0.1330     2.6179     0.1679     32.472     32.472    34.8922    300.511    102.755 0.0000e+00
       2920     32.795     8.3792   3.647928     0.1330     2.6178     0.1677     32.488     32.489    34.8925    300.495    102.749 0.0000e+00
       2921     32.811     8.3790   3.647964     0.1330     2.6177     0.1675     32.504     32.504    34.8931    300.480    102.744 0.0000e+00
       2922     32.827     8.3787   3.647963     0.1330     2.6176     0.1673     32.520     32.520    34.8934    300.466    102.738 0.0000e+00
       2923     32.842     8.3787   3.647999     0.1329     2.6175     0.1671     32.535     32.535    34.8937    300.451    102.734 0.0000e+00
       2924     32.857     8.3785   3.648016     0.1329     2.6174     0.1670     32.550     32.550    34.8941    300.439    102.729 0.0000e+00
       2925     32.872     8.3783   3.648010     0.1329     2.6173     0.1669     32.566     32.565    34.8942    300.430    102.726 0.0000e+00
       2926     32.889     8.3782   3.647991     0.1329     2.6172     0.1668     32.582     32.582    34.8941    300.420    102.722 0.0000e+00
       2927     32.907     8.3779   3.648008     0.1329     2.6172     0.1668     32.600     32.600    34.8946    300.427    102.724 0.0000e+00
       2928     32.925     8.3771   3.648005     0.1329     2.6172     0.1668     32.617     32.617    34.8953    300.437    102.726 0.0000e+00
       2929     32.941     8.3769   3.648011     0.1329     2.6172     0.1667     32.633     32.633    34.8956    300.446    102.729 0.0000e+00
       2930     32.957     8.3766   3.648004     0.1330     2.6171     0.1667     32.649     32.649    34.8958    300.440    102.726 0.0000e+00
       2931     32.973     8.3758   3.648037     0.1330     2.6170     0.1667     32.665     32.665    34.8970    300.437    102.724 0.0000e+00
       2932     32.990     8.3753   3.648017     0.1330     2.6169     0.1667     32.682     32.682    34.8972    300.432    102.721 0.0000e+00
       2933     33.009     8.3753   3.648023     0.1330     2.6167     0.1667     32.701     32.701    34.8973    300.407    102.713 0.0000e+00
       2934     33.026     8.3752   3.648065     0.1331     2.6165     0.1668     32.718     32.717    34.8978    300.383    102.705 0.0000e+00
       2935     33.043     8.3746   3.648086     0.1331     2.6164     0.1668     32.734     32.734    34.8986    300.376    102.702 0.0000e+00
       2936     33.060     8.3739   3.648055     0.1331     2.6164     0.1668     32.751     32.751    34.8990    300.384    102.703 0.0000e+00
       2937     33.078     8.3735   3.648059     0.1332     2.6164     0.1668     32.769     32.769    34.8994    300.391    102.705 0.0000e+00
       2938     33.095     8.3733   3.648035     0.1332     2.6164     0.1669     32.786     32.786    34.8994    300.398    102.707 0.0000e+00
       2939     33.111     8.3728   3.648081     0.1333     2.6164     0.1670     32.802     32.802    34.9003    300.407    102.709 0.0000e+00
       2940     33.128     8.3722   3.648138     0.1333     2.6163     0.1671     32.818     32.819    34.9015    300.404    102.708 0.0000e+00
       2941     33.145     8.3720   3.648132     0.1334     2.6163     0.1672     32.835     32.835    34.9017    300.417    102.712 0.0000e+00
       2942     33.161     8.3719   3.648144     0.1335     2.6163     0.1673     32.852     32.851    34.9019    300.433    102.717 0.0000e+00
       2943     33.177     8.3718   3.648131     0.1336     2.6162     0.1675     32.867     32.867    34.9018    300.435    102.718 0.0000e+00
       2944     33.193     8.3718   3.648132     0.1337     2.6162     0.1677     32.883     32.883    34.9018    300.449    102.723 0.0000e+00
       2945     33.208     8.3716   3.648143     0.1338     2.6162     0.1679     32.898     32.898    34.9021    300.462    102.727 0.0000e+00
       2946     33.224     8.3713   3.648160     0.1339     2.6162     0.1681     32.914     32.914    34.9026    300.471    102.729 0.0000e+00
       2947     33.241     8.3710   3.648171     0.1340     2.6162     0.1683     32.931     32.930    34.9030    300.477    102.731 0.0000e+00
       2948     33.260     8.3709   3.648165     0.1341     2.6162     0.1685     32.949     32.949    34.9030    300.479    102.731 0.0000e+00
       2949     33.278     8.3707   3.648171     0.1343     2.6162     0.1686     32.967     32.967    34.9033    300.476    102.730 0.0000e+00
       2950     33.297     8.3702   3.648211     0.1344     2.6162     0.1688     32.986     32.986    34.9042    300.471    102.728 0.0000e+00
       2951     33.316     8.3699   3.648198     0.1346     2.6163     0.1689     33.005     33.005    34.9044    300.476    102.729 0.0000e+00
       2952     33.337     8.3696   3.648227     0.1348     2.6163     0.1691     33.026     33.026    34.9050    300.465    102.725 0.0000e+00
       2953     33.358     8.3692   3.648220     0.1350     2.6163     0.1692     33.047     33.046    34.9053    300.452    102.720 0.0000e+00
       2954     33.379     8.3679   3.648252     0.1352     2.6162     0.1693     33.068     33.067    34.9069    300.426    102.709 0.0000e+00
       2955     33.400     8.3670   3.648225     0.1354     2.6162     0.1695     33.088     33.088    34.9075    300.412    102.702 0.0000e+00
       2956     33.419     8.3660   3.648209     0.1357     2.6161     0.1696     33.107     33.107    34.9083    300.381    102.690 0.0000e+00
       2957     33.439     8.3655   3.648220     0.1360     2.6159     0.1696     33.127     33.127    34.9089    300.330    102.672 0.0000e+00
       2958     33.458     8.3647   3.648259     0.1363     2.6158     0.1697     33.145     33.145    34.9101    300.291    102.658 0.0000e+00
       2959     33.476     8.3643   3.648234     0.1366     2.6157     0.1697     33.164     33.163    34.9102    300.247    102.642 0.0000e+00
       2960     33.495     8.3641   3.648185     0.1370     2.6157     0.1696     33.182     33.182    34.9099    300.213    102.629 0.0000e+00
       2961     33.514     8.3634   3.648225     0.1374     2.6157     0.1695     33.201     33.201    34.9110    300.179    102.617 0.0000e+00
       2962     33.534     8.3631   3.648236     0.1378     2.6157     0.1695     33.221     33.221    34.9114    300.142    102.604 0.0000e+00
       2963     33.555     8.3627   3.648235     0.1383     2.6157     0.1693     33.241     33.241    34.9118    300.104    102.590 0.0000e+00
       2964     33.575     8.3622   3.648240     0.1388     2.6157     0.1692     33.261     33.261    34.9123    300.067    102.577 0.0000e+00
       2965     33.597     8.3620   3.648233     0.1394     2.6158     0.1690     33.283     33.283    34.9124    300.043    102.568 0.0000e+00
       2966     33.618     8.3618   3.648269     0.1400     2.6159     0.1689     33.304     33.304    34.9130    300.018    102.560 0.0000e+00
       2967     33.641     8.3616   3.648293     0.1407     2.6159     0.1687     33.326     33.327    34.9135    299.978    102.546 0.0000e+00
       2968     33.665     8.3610   3.648297     0.1414     2.6159     0.1685     33.350     33.350    34.9141    299.940    102.532 0.0000e+00
       2969     33.689     8.3610   3.648279     0.1421     2.6157     0.1683     33.374     33.374    34.9139    299.869    102.508 0.0000e+00
       2970     33.714     8.3606   3.648290     0.1428     2.6155     0.1681     33.399     33.399    34.9144    299.800    102.483 0.0000e+00
       2971     33.740     8.3596   3.648299     0.1435     2.6153     0.1679     33.424     33.425    34.9155    299.735    102.459 0.0000e+00
       2972     33.765     8.3592   3.648268     0.1441     2.6151     0.1677     33.449     33.450    34.9155    299.666    102.435 0.0000e+00
       2973     33.789     8.3587   3.648266     0.1447     2.6148     0.1676     33.473     33.473    34.9160    299.585    102.407 0.0000e+00
       2974     33.812     8.3577   3.648305     0.1452     2.6146     0.1675     33.496     33.496    34.9174    299.520    102.383 0.0000e+00
       2975     33.835     8.3574   3.648292     0.1457     2.6143     0.1674     33.519     33.519    34.9175    299.438    102.354 0.0000e+00
       2976     33.859     8.3568   3.648291     0.1461     2.6141     0.1673     33.543     33.543    34.9181    299.374    102.332 0.0000e+00
       2977     33.884     8.3562   3.648307     0.1465     2.6138     0.1673     33.567     33.567    34.9188    299.296    102.304 0.0000e+00
       2978     33.907     8.3554   3.648292     0.1469     2.6135     0.1672     33.590     33.590    34.9195    299.220    102.277 0.0000e+00
       2979     33.930     8.3548   3.648303     0.1472     2.6133     0.1672     33.613     33.613    34.9202    299.160    102.255 0.0000e+00
       2980     33.954     8.3546   3.648314     0.1476     2.6131     0.1671     33.637     33.637    34.9205    299.099    102.234 0.0000e+00
       2981     33.979     8.3543   3.648332     0.1479     2.6129     0.1671     33.662     33.661    34.9210    299.042    102.214 0.0000e+00
       2982     34.004     8.3542   3.648314     0.1482     2.6127     0.1671     33.686     33.686    34.9208    298.986    102.195 0.0000e+00
       2983     34.030     8.3541   3.648344     0.1485     2.6125     0.1671     33.712     33.712    34.9213    298.930    102.175 0.0000e+00
       2984     34.057     8.3541   3.648392     0.1487     2.6122     0.1672     33.739     33.739    34.9218    298.861    102.152 0.0000e+00
       2985     34.085     8.3535   3.648385     0.1490     2.6120     0.1673     33.766     33.766    34.9223    298.815    102.136 0.0000e+00
       2986     34.112     8.3536   3.648445     0.1492     2.6117     0.1674     33.793     33.793    34.9228    298.754    102.115 0.0000e+00
       2987     34.139     8.3531   3.648450     0.1494     2.6114     0.1676     33.820     33.820    34.9233    298.703    102.097 0.0000e+00
       2988     34.167     8.3528   3.648462     0.1496     2.6112     0.1677     33.848     33.848    34.9237    298.674    102.087 0.0000e+00
       2989     34.195     8.3527   3.648468     0.1498     2.6111     0.1679     33.875     33.875    34.9239    298.664    102.083 0.0000e+00
       2990     34.221     8.3525   3.648473     0.1500     2.6109     0.1682     33.901     33.901    34.9241    298.651    102.078 0.0000e+00
       2991     34.246     8.3524   3.648444     0.1502     2.6106     0.1684     33.926     33.926    34.9239    298.632    102.072 0.0000e+00
       2992     34.272     8.3521   3.648491     0.1504     2.6104     0.1687     33.952     33.952    34.9247    298.635    102.072 0.0000e+00
       2993     34.299     8.3519   3.648479     0.1505     2.6101     0.1689     33.979     33.978    34.9247    298.631    102.071 0.0000e+00
       2994     34.326     8.3514   3.648501     0.1507     2.6098     0.1693     34.005     34.005    34.9255    298.631    102.070 0.0000e+00
       2995     34.352     8.3509   3.648452     0.1509     2.6096     0.1696     34.031     34.031    34.9254    298.650    102.076 0.0000e+00
       2996     34.379     8.3505   3.648433     0.1511     2.6093     0.1698     34.058     34.058    34.9256    298.657    102.077 0.0000e+00
       2997     34.405     8.3502   3.648486     0.1512     2.6091     0.1700     34.083     34.083    34.9265    298.679    102.084 0.0000e+00
       2998     34.430     8.3497   3.648497     0.1514     2.6088     0.1702     34.108     34.108    34.9271    298.690    102.087 0.0000e+00
       2999     34.456     8.3488   3.648500     0.1516     2.6085     0.1704     34.134     34.134    34.9280    298.708    102.092 0.0000e+00
       3000     34.483     8.3483   3.648469     0.1518     2.6082     0.1705     34.161     34.161    34.9281    298.728    102.098 0.0000e+00
