Data/CTD_05_avg.cnv
* Sea-Bird SBE 9 Data File:
* FileName = C:\Users\ctd-user\Desktop\CTD_data\OC4920\CTD_05.hex
* Software Version Seasave V 7.26.2.13
* Temperature SN = 6313
* Conductivity SN = 4758
* Number of Bytes Per Scan = 28
* Number of Voltage Words = 3
* Number of Scans Averaged by the Deck Unit = 1
* NMEA Latitude = 57 56.89 N
* NMEA Longitude = 010 47.07 E
* NMEA UTC (Time) = May 07 2025 08:44:53
** Station: test
** Operator: Operator 1
** Ship: 7720 Skagerak
** Cruise: 7720-2025-01
** Latitude [GG MM.mm N]:
** Longitude [GG MM.mm E]:
** Pumps: PrimaryPump: 1820 # SecondaryPump:
** EventIDs: EventID: 3decf26d-821b-4112-8042-a2c98b568458 # ParentEventID:
** Additional Sampling:
** Metadata admin: MPROG: Other # PROJ: Other # ORDERER: GU # SLABO: GU # ALABO: GU # REFSK: ingen
** Metadata conditions: WADEP: 10 # WINSP: 1 # WINDIR: 02 # AIRPRES: 1000 # AIRTEMP: 1 # WEATH: 9 # CLOUD: 9 # WAVES: 9 # ICEOB: 9 # COMNT_VISIT:
** LIMS Job:
# nquan = 13
# nvalues = 351                         
# units = specified
# name 0 = scan: Scan Count
# name 1 = prDM: Pressure, Digiquartz [db]
# name 2 = t090C: Temperature [ITS-90, deg C]
# name 3 = c0S/m: Conductivity [S/m]
# name 4 = flECO-AFL: Fluorescence, WET Labs ECO-AFL/FL [mg/m^3]
# name 5 = sbeox0V: Oxygen raw, SBE 43 [V]
# name 6 = turbWETntu0: Turbidity, WET Labs ECO [NTU]
# name 7 = depSM: Depth [salt water, m]
# name 8 = depSM: Depth [salt water, m], lat = 57.9482
# name 9 = sal00: Salinity, Practical [PSU]
# name 10 = sbeox0Mm/L: Oxygen, SBE 43 [umol/l], WS = 2
# name 11 = sbeox0PS: Oxygen, SBE 43 [% saturation], WS = 2
# name 12 = flag: flag
# span 0 =       1292,       9991       
# span 1 =      0.505,    177.217       
# span 2 =     7.7690,    10.4701       
# span 3 =   3.254100,   3.670043       
# span 4 =    -0.0505,     2.4274       
# span 5 =     2.4992,     2.7288       
# span 6 =     0.1579,     1.0532       
# span 7 =      0.500,    175.500       
# span 8 =      0.500,    175.500       
# span 9 =    29.0598,    35.2851       
# span 10 =    291.864,    312.692      
# span 11 =     98.917,    107.720      
# span 12 = 0.0000e+00, 0.0000e+00      
# interval = meters: 0.5                
# start_time = May 07 2025 08:44:53 [NMEA time, header]
# bad_flag = -9.990e-29
*END*
[from data line 223]
       6640    113.078     7.8679   3.633650    -0.0414     2.5300     0.2212    112.000    112.000    35.2117    294.657     99.812 0.0000e+00
       6666    113.583     7.8683   3.633794    -0.0467     2.5315     0.2198    112.500    112.500    35.2126    294.949     99.912 0.0000e+00
       6689    114.088     7.8687   3.633893    -0.0467     2.5321     0.2248    113.000    113.000    35.2130    294.858     99.883 0.0000e+00
       6711    114.593     7.8699   3.633896    -0.0436     2.5324     0.2264    113.500    113.500    35.2116    294.772     99.855 0.0000e+00
       6731    115.098     7.8742   3.634360    -0.0383     2.5319     0.2240    114.000    114.000    35.2121    294.502     99.774 0.0000e+00
       6752    115.603     7.8750   3.634658    -0.0426     2.5312     0.2244    114.500    114.500    35.2142    294.466     99.765 0.0000e+00
       6776    116.108     7.8756   3.634787    -0.0370     2.5310     0.2299    115.000    115.000    35.2148    294.746     99.861 0.0000e+00
       6800    116.613     7.8759   3.634868    -0.0332     2.5322     0.2353    115.500    115.500    35.2150    294.956     99.934 0.0000e+00
       6825    117.118     7.8766   3.634975    -0.0344     2.5318     0.2332    116.000    116.000    35.2152    294.584     99.809 0.0000e+00
       6848    117.623     7.8762   3.635068    -0.0416     2.5313     0.2268    116.500    116.500    35.2164    294.610     99.818 0.0000e+00
       6870    118.128     7.8760   3.635049    -0.0445     2.5313     0.2241    117.000    117.000    35.2161    294.723     99.856 0.0000e+00
       6891    118.633     7.8760   3.635073    -0.0399     2.5312     0.2255    117.500    117.500    35.2162    294.755     99.866 0.0000e+00
       6911    119.138     7.8761   3.635099    -0.0340     2.5314     0.2295    118.000    118.000    35.2161    294.901     99.916 0.0000e+00
       6934    119.643     7.8757   3.635103    -0.0330     2.5322     0.2309    118.500    118.500    35.2163    295.047     99.965 0.0000e+00
       6964    120.148     7.8756   3.635097    -0.0366     2.5315     0.2285    119.000    119.000    35.2160    294.265     99.699 0.0000e+00
       6991    120.653     7.8757   3.635121    -0.0416     2.5282     0.2265    119.500    119.500    35.2159    293.776     99.534 0.0000e+00
       7011    121.157     7.8742   3.635132    -0.0349     2.5275     0.2312    120.000    120.000    35.2173    293.960     99.594 0.0000e+00
       7028    121.662     7.8734   3.634990    -0.0332     2.5263     0.2347    120.500    120.500    35.2163    293.782     99.531 0.0000e+00
       7047    122.167     7.8738   3.634968    -0.0333     2.5256     0.2344    121.000    121.000    35.2155    293.937     99.584 0.0000e+00
       7071    122.672     7.8740   3.635023    -0.0382     2.5257     0.2352    121.500    121.500    35.2157    294.145     99.655 0.0000e+00
       7100    123.177     7.8744   3.635075    -0.0450     2.5259     0.2379    122.000    122.000    35.2155    294.157     99.660 0.0000e+00
       7125    123.682     7.8745   3.635151    -0.0464     2.5259     0.2379    122.500    122.500    35.2160    294.153     99.659 0.0000e+00
       7146    124.187     7.8752   3.635238    -0.0426     2.5257     0.2381    123.000    123.000    35.2160    294.123     99.650 0.0000e+00
       7166    124.692     7.8760   3.635316    -0.0381     2.5259     0.2381    123.500    123.500    35.2158    294.428     99.755 0.0000e+00
       7186    125.197     7.8809   3.635670    -0.0426     2.5271     0.2385    124.000    124.000    35.2144    294.776     99.883 0.0000e+00
       7208    125.702     7.8816   3.636052    -0.0390     2.5285     0.2376    124.500    124.500    35.2176    295.038     99.976 0.0000e+00
       7236    126.207     7.8826   3.636152    -0.0424     2.5303     0.2316    125.000    125.000    35.2174    295.092     99.996 0.0000e+00
       7264    126.712     7.8825   3.636234    -0.0380     2.5310     0.2260    125.500    125.500    35.2182    295.137    100.012 0.0000e+00
       7285    127.217     7.8832   3.636289    -0.0442     2.5315     0.2293    126.000    126.000    35.2178    295.157    100.020 0.0000e+00
       7304    127.722     7.8843   3.636388    -0.0466     2.5317     0.2338    126.500    126.500    35.2175    295.164    100.024 0.0000e+00
       7325    128.227     7.8858   3.636559    -0.0420     2.5320     0.2346    127.000    127.000    35.2176    295.280    100.067 0.0000e+00
       7347    128.732     7.8863   3.636737    -0.0343     2.5326     0.2321    127.500    127.500    35.2187    295.351    100.093 0.0000e+00
       7371    129.237     7.8883   3.636818    -0.0327     2.5324     0.2331    128.000    128.000    35.2173    294.917     99.950 0.0000e+00
       7396    129.742     7.8899   3.637158    -0.0330     2.5313     0.2351    128.500    128.500    35.2192    294.975     99.974 0.0000e+00
       7422    130.247     7.8900   3.637222    -0.0368     2.5312     0.2320    129.000    129.000    35.2195    294.807     99.918 0.0000e+00
       7445    130.752     7.8844   3.637057    -0.0440     2.5297     0.2312    129.500    129.500    35.2231    294.357     99.755 0.0000e+00
       7466    131.257     7.8873   3.636731    -0.0451     2.5281     0.2320    130.000    130.000    35.2164    294.287     99.733 0.0000e+00
       7486    131.762     7.8879   3.637064    -0.0391     2.5275     0.2351    130.500    130.500    35.2191    294.708     99.879 0.0000e+00
       7508    132.267     7.8873   3.637067    -0.0411     2.5288     0.2344    131.000    131.000    35.2195    295.192    100.042 0.0000e+00
       7534    132.772     7.8877   3.637068    -0.0469     2.5297     0.2303    131.500    131.500    35.2189    295.050     99.994 0.0000e+00
       7562    133.277     7.8875   3.637091    -0.0491     2.5298     0.2271    132.000    132.000    35.2191    294.966     99.965 0.0000e+00
       7585    133.782     7.8878   3.637136    -0.0504     2.5294     0.2316    132.500    132.500    35.2191    294.489     99.805 0.0000e+00
       7604    134.287     7.8819   3.637081    -0.0505     2.5273     0.2354    133.000    133.000    35.2241    293.945     99.611 0.0000e+00
       7622    134.792     7.8866   3.636528    -0.0499     2.5254     0.2324    133.500    133.500    35.2132    294.009     99.635 0.0000e+00
       7643    135.297     7.8778   3.636651    -0.0489     2.5251     0.2314    134.000    134.000    35.2231    294.329     99.731 0.0000e+00
       7669    135.802     7.8767   3.635974    -0.0484     2.5248     0.2310    134.500    134.500    35.2167    294.514     99.786 0.0000e+00
       7698    136.307     7.8770   3.635976    -0.0472     2.5260     0.2291    135.000    135.000    35.2162    294.997     99.950 0.0000e+00
       7723    136.812     7.8770   3.636014    -0.0476     2.5271     0.2252    135.500    135.500    35.2164    294.858     99.903 0.0000e+00
       7744    137.317     7.8776   3.636110    -0.0485     2.5266     0.2286    136.000    136.000    35.2165    294.340     99.729 0.0000e+00
       7765    137.822     7.8775   3.636164    -0.0491     2.5244     0.2308    136.500    136.500    35.2170    293.683     99.507 0.0000e+00
       7788    138.327     7.8776   3.636146    -0.0487     2.5223     0.2312    137.000    137.000    35.2164    293.971     99.605 0.0000e+00
       7810    138.832     7.8802   3.636293    -0.0471     2.5228     0.2337    137.500    137.500    35.2151    294.205     99.689 0.0000e+00
       7830    139.337     7.8821   3.636663    -0.0440     2.5220     0.2355    138.000    138.000    35.2170    293.889     99.587 0.0000e+00
       7852    139.842     7.8845   3.636927    -0.0386     2.5217     0.2332    138.500    138.500    35.2172    294.361     99.752 0.0000e+00
       7876    140.347     7.8860   3.637118    -0.0446     2.5239     0.2330    139.000    139.000    35.2174    295.025     99.981 0.0000e+00
       7903    140.852     7.8878   3.637399    -0.0473     2.5259     0.2375    139.500    139.500    35.2184    295.049     99.994 0.0000e+00
       7930    141.357     7.8902   3.637662    -0.0444     2.5268     0.2391    140.000    140.000    35.2185    294.999     99.983 0.0000e+00
       7953    141.862     7.8887   3.637777    -0.0378     2.5270     0.2415    140.500    140.500    35.2211    294.918     99.953 0.0000e+00
       7973    142.367     7.8881   3.637654    -0.0414     2.5270     0.2472    141.000    141.000    35.2201    294.606     99.846 0.0000e+00
       7993    142.872     7.8873   3.637579    -0.0391     2.5253     0.2494    141.500    141.500    35.2199    294.241     99.720 0.0000e+00
       8015    143.377     7.8899   3.637670    -0.0406     2.5244     0.2463    142.000    142.000    35.2179    294.368     99.767 0.0000e+00
       8040    143.882     7.8901   3.638056    -0.0464     2.5236     0.2469    142.500    142.500    35.2217    294.156     99.699 0.0000e+00
       8063    144.387     7.8881   3.637855    -0.0471     2.5226     0.2530    143.000    143.000    35.2213    294.211     99.712 0.0000e+00
       8084    144.892     7.8889   3.637836    -0.0433     2.5225     0.2535    143.500    143.500    35.2200    294.153     99.694 0.0000e+00
       8109    145.397     7.8889   3.637983    -0.0355     2.5212     0.2594    144.000    144.000    35.2213    293.834     99.587 0.0000e+00
       8134    145.902     7.8887   3.637976    -0.0367     2.5203     0.2701    144.500    144.500    35.2212    293.956     99.627 0.0000e+00
       8158    146.408     7.8888   3.638009    -0.0457     2.5201     0.2717    145.000    145.000    35.2212    293.996     99.641 0.0000e+00
       8180    146.913     7.8885   3.638019    -0.0447     2.5200     0.2729    145.500    145.500    35.2214    294.019     99.648 0.0000e+00
       8201    147.418     7.8884   3.638033    -0.0385     2.5198     0.2737    146.000    146.000    35.2214    294.056     99.661 0.0000e+00
       8223    147.923     7.8885   3.638056    -0.0401     2.5200     0.2768    146.500    146.500    35.2214    294.066     99.664 0.0000e+00
       8247    148.428     7.8883   3.638084    -0.0383     2.5194     0.2760    147.000    147.000    35.2216    293.803     99.575 0.0000e+00
       8272    148.933     7.8881   3.638080    -0.0333     2.5184     0.2730    147.500    147.500    35.2214    293.662     99.527 0.0000e+00
       8294    149.438     7.8881   3.638095    -0.0326     2.5177     0.2763    148.000    148.000    35.2214    293.563     99.493 0.0000e+00
       8315    149.943     7.8881   3.638119    -0.0329     2.5167     0.2809    148.500    148.500    35.2214    293.337     99.416 0.0000e+00
       8340    150.448     7.8882   3.638152    -0.0365     2.5153     0.2817    149.000    149.000    35.2214    293.147     99.352 0.0000e+00
       8365    150.953     7.8880   3.638168    -0.0451     2.5141     0.2822    149.500    149.500    35.2215    293.230     99.380 0.0000e+00
       8387    151.458     7.8878   3.638181    -0.0454     2.5143     0.2843    150.000    150.000    35.2216    293.489     99.467 0.0000e+00
       8408    151.963     7.8877   3.638198    -0.0370     2.5146     0.2871    150.500    150.500    35.2216    293.738     99.551 0.0000e+00
       8430    152.468     7.8876   3.638213    -0.0332     2.5158     0.2854    151.000    151.000    35.2217    293.842     99.586 0.0000e+00
       8455    152.973     7.8876   3.638220    -0.0325     2.5158     0.2869    151.500    151.500    35.2215    293.613     99.509 0.0000e+00
       8479    153.478     7.8877   3.638260    -0.0326     2.5153     0.2922    152.000    152.000    35.2216    293.365     99.425 0.0000e+00
       8499    153.983     7.8873   3.638272    -0.0333     2.5142     0.2955    152.500    152.500    35.2219    293.128     99.344 0.0000e+00
       8520    154.488     7.8869   3.638262    -0.0375     2.5133     0.2944    153.000    153.000    35.2219    293.251     99.385 0.0000e+00
       8546    154.993     7.8868   3.638252    -0.0408     2.5132     0.2881    153.500    153.500    35.2217    293.398     99.434 0.0000e+00
       8577    155.498     7.8867   3.638262    -0.0335     2.5136     0.2859    154.000    154.000    35.2217    293.718     99.542 0.0000e+00
       8600    156.003     7.8865   3.638277    -0.0333     2.5147     0.2883    154.500    154.500    35.2218    294.001     99.638 0.0000e+00
       8617    156.508     7.8863   3.638283    -0.0360     2.5157     0.2905    155.000    155.000    35.2218    294.065     99.659 0.0000e+00
       8635    157.014     7.8865   3.638309    -0.0428     2.5160     0.2953    155.500    155.500    35.2217    293.946     99.619 0.0000e+00
       8655    157.519     7.8871   3.638366    -0.0404     2.5160     0.2968    156.000    156.000    35.2214    293.965     99.627 0.0000e+00
       8680    158.024     7.8872   3.638449    -0.0395     2.5160     0.2955    156.500    156.500    35.2219    293.645     99.519 0.0000e+00
       8711    158.529     7.8872   3.638444    -0.0387     2.5139     0.2876    157.000    157.000    35.2216    293.147     99.350 0.0000e+00
       8738    159.034     7.8868   3.638511    -0.0440     2.5121     0.2873    157.500    157.500    35.2225    293.040     99.313 0.0000e+00
       8759    159.539     7.8859   3.638439    -0.0468     2.5114     0.2888    158.000    158.000    35.2223    293.331     99.410 0.0000e+00
       8778    160.044     7.8857   3.638464    -0.0420     2.5120     0.2885    158.500    158.500    35.2226    293.697     99.534 0.0000e+00
       8797    160.549     7.8867   3.638496    -0.0345     2.5130     0.2889    159.000    159.000    35.2217    293.774     99.561 0.0000e+00
       8820    161.054     7.8867   3.638568    -0.0325     2.5132     0.2887    159.500    159.500    35.2222    293.790     99.567 0.0000e+00
       8849    161.559     7.8873   3.638692    -0.0329     2.5145     0.2863    160.000    160.000    35.2227    294.171     99.698 0.0000e+00
       8875    162.064     7.8871   3.638677    -0.0363     2.5156     0.2822    160.500    160.500    35.2225    294.076     99.665 0.0000e+00
       8894    162.569     7.8854   3.638672    -0.0431     2.5153     0.2819    161.000    161.000    35.2239    293.745     99.550 0.0000e+00
       8914    163.074     7.8851   3.638542    -0.0393     2.5142     0.2856    161.500    161.500    35.2226    293.374     99.423 0.0000e+00
       8937    163.579     7.8857   3.638568    -0.0427     2.5124     0.2850    162.000    162.000    35.2220    293.211     99.368 0.0000e+00
       8965    164.084     7.8851   3.638615    -0.0461     2.5114     0.2863    162.500    162.500    35.2228    293.374     99.423 0.0000e+00
       8988    164.590     7.8839   3.638558    -0.0389     2.5116     0.2904    163.000    163.000    35.2232    293.680     99.524 0.0000e+00
       9009    165.095     7.8819   3.638372    -0.0337     2.5119     0.2963    163.500    163.500    35.2229    293.550     99.476 0.0000e+00
       9031    165.600     7.8825   3.638358    -0.0326     2.5112     0.3322    164.000    164.000    35.2219    293.425     99.434 0.0000e+00
       9057    166.105     7.8829   3.638402    -0.0324     2.5116     0.3612    164.500    164.500    35.2217    293.779     99.555 0.0000e+00
       9083    166.610     7.8828   3.638473    -0.0324     2.5121     0.3154    165.000    165.000    35.2224    293.621     99.501 0.0000e+00
       9103    167.115     7.8834   3.638474    -0.0324     2.5114     0.3092    165.500    165.500    35.2216    293.279     99.386 0.0000e+00
       9121    167.620     7.8829   3.638581    -0.0326     2.5104     0.3132    166.000    166.000    35.2229    292.957     99.277 0.0000e+00
       9142    168.125     7.8834   3.638526    -0.0338     2.5084     0.3181    166.500    166.500    35.2216    292.675     99.182 0.0000e+00
