Data/CTD_07_avg.cnv
* Sea-Bird SBE 9 Data File:
* FileName = C:\Users\ctd-user\Desktop\CTD_data\OC4920\CTD_07.hex
* Software Version Seasave V 7.26.2.13
* Temperature SN = 6313
* Conductivity SN = 4758
* Number of Bytes Per Scan = 28
* Number of Voltage Words = 3
* Number of Scans Averaged by the Deck Unit = 1
* NMEA Latitude = 57 54.83 N
* NMEA Longitude = 010 46.77 E
* NMEA UTC (Time) = May 07 2025 09:38:52
** Station: test
** Operator: Operator 1
** Ship: 7720 Skagerak
** Cruise: 7720-2025-01
** Latitude [GG MM.mm N]:
** Longitude [GG MM.mm E]:
** Pumps: PrimaryPump: 1820 # SecondaryPump:
** EventIDs: EventID: 3decf26d-821b-4112-8042-a2c98b568458 # ParentEventID:
** Additional Sampling:
** Metadata admin: MPROG: Other # PROJ: Other # ORDERER: GU # SLABO: GU # ALABO: GU # REFSK: ingen
** Metadata conditions: WADEP: 10 # WINSP: 1 # WINDIR: 02 # AIRPRES: 1000 # AIRTEMP: 1 # WEATH: 9 # CLOUD: 9 # WAVES: 9 # ICEOB: 9 # COMNT_VISIT:
** LIMS Job:
# nquan = 13
# nvalues = 296                         
# units = specified
# name 0 = scan: Scan Count
# name 1 = prDM: Pressure, Digiquartz [db]
# name 2 = t090C: Temperature [ITS-90, deg C]
# name 3 = c0S/m: Conductivity [S/m]
# name 4 = flECO-AFL: Fluorescence, WET Labs ECO-AFL/FL [mg/m^3]
# name 5 = sbeox0V: Oxygen raw, SBE 43 [V]
# name 6 = turbWETntu0: Turbidity, WET Labs ECO [NTU]
# name 7 = depSM: Depth [salt water, m]
# name 8 = depSM: Depth [salt water, m], lat = 57.9138
# name 9 = sal00: Salinity, Practical [PSU]
# name 10 = sbeox0Mm/L: Oxygen, SBE 43 [umol/l], WS = 2
# name 11 = sbeox0PS: Oxygen, SBE 43 [% saturation], WS = 2
# name 12 = flag: flag
# span 0 =       2387,      10002       
# span 1 =      0.505,    149.437       
# span 2 =     7.7896,    10.5514       
# span 3 =   3.277618,   3.681976       
# span 4 =    -0.0488,     4.2162       
# span 5 =     2.5091,     2.8250       
# span 6 =     0.1641,     0.4792       
# span 7 =      0.500,    148.000       
# span 8 =      0.500,    148.000       
# span 9 =    29.2393,    35.2764       
# span 10 =    292.234,    331.822      
# span 11 =     99.070,    113.794      
# span 12 = 0.0000e+00, 0.0000e+00      
# interval = meters: 0.5                
# start_time = May 07 2025 09:38:52 [NMEA time, header]
# bad_flag = -9.990e-29
*END*
[from data line 223]
       7571    113.078     7.8572   3.632296    -0.0394     2.5366     0.2423    112.000    112.000    35.2079    295.255     99.988 0.0000e+00
       7591    113.583     7.8568   3.632466    -0.0422     2.5356     0.2391    112.500    112.500    35.2099    294.991     99.899 0.0000e+00
       7614    114.088     7.8591   3.632504    -0.0481     2.5349     0.2386    113.000    113.000    35.2077    295.218     99.980 0.0000e+00
       7640    114.593     7.8598   3.632744    -0.0484     2.5352     0.2381    113.500    113.500    35.2094    295.294    100.008 0.0000e+00
       7668    115.098     7.8605   3.632869    -0.0410     2.5348     0.2376    114.000    114.000    35.2097    295.106     99.946 0.0000e+00
       7694    115.603     7.8611   3.632982    -0.0346     2.5346     0.2371    114.500    114.500    35.2102    295.239     99.993 0.0000e+00
       7716    116.107     7.8613   3.633051    -0.0390     2.5348     0.2349    115.000    115.000    35.2104    295.296    100.013 0.0000e+00
       7735    116.612     7.8631   3.633165    -0.0417     2.5346     0.2338    115.500    115.500    35.2096    295.149     99.967 0.0000e+00
       7755    117.117     7.8652   3.633458    -0.0356     2.5343     0.2363    116.000    116.000    35.2103    294.987     99.917 0.0000e+00
       7782    117.622     7.8659   3.633620    -0.0364     2.5331     0.2363    116.500    116.500    35.2112    294.939     99.903 0.0000e+00
       7813    118.127     7.8671   3.633780    -0.0423     2.5336     0.2332    117.000    117.000    35.2115    295.116     99.965 0.0000e+00
       7835    118.632     7.8677   3.633915    -0.0379     2.5329     0.2369    117.500    117.500    35.2120    294.847     99.876 0.0000e+00
       7854    119.137     7.8680   3.633992    -0.0429     2.5325     0.2385    118.000    118.000    35.2123    294.797     99.860 0.0000e+00
       7875    119.642     7.8692   3.634063    -0.0398     2.5317     0.2392    118.500    118.500    35.2116    294.660     99.816 0.0000e+00
       7898    120.147     7.8713   3.634341    -0.0408     2.5312     0.2435    119.000    119.000    35.2123    294.806     99.870 0.0000e+00
       7925    120.652     7.8740   3.634634    -0.0388     2.5315     0.2433    119.500    119.500    35.2124    294.886     99.904 0.0000e+00
       7952    121.157     7.8773   3.635094    -0.0331     2.5314     0.2403    120.000    120.000    35.2139    294.871     99.907 0.0000e+00
       7976    121.662     7.8778   3.635313    -0.0325     2.5317     0.2455    120.500    120.500    35.2155    294.861     99.906 0.0000e+00
       7997    122.167     7.8772   3.635337    -0.0325     2.5310     0.2514    121.000    121.000    35.2160    294.491     99.779 0.0000e+00
       8018    122.672     7.8764   3.635331    -0.0331     2.5299     0.2550    121.500    121.500    35.2166    294.527     99.790 0.0000e+00
       8042    123.177     7.8742   3.635121    -0.0375     2.5299     0.2579    122.000    122.000    35.2162    294.624     99.818 0.0000e+00
       8067    123.682     7.8724   3.634953    -0.0463     2.5291     0.2650    122.500    122.500    35.2160    294.541     99.785 0.0000e+00
       8091    124.187     7.8723   3.634888    -0.0443     2.5293     0.2726    123.000    123.000    35.2152    294.672     99.829 0.0000e+00
       8114    124.692     7.8728   3.634950    -0.0353     2.5289     0.2807    123.500    123.500    35.2150    294.545     99.787 0.0000e+00
       8137    125.197     7.8732   3.635040    -0.0329     2.5289     0.2863    124.000    124.000    35.2154    294.739     99.854 0.0000e+00
       8161    125.702     7.8735   3.635077    -0.0328     2.5292     0.2871    124.500    124.500    35.2152    294.586     99.803 0.0000e+00
       8187    126.207     7.8742   3.635199    -0.0352     2.5281     0.2842    125.000    125.000    35.2156    294.540     99.789 0.0000e+00
       8211    126.712     7.8749   3.635254    -0.0444     2.5289     0.2863    125.500    125.500    35.2152    294.872     99.903 0.0000e+00
       8233    127.217     7.8760   3.635440    -0.0458     2.5291     0.2879    126.000    126.000    35.2159    294.750     99.864 0.0000e+00
       8254    127.722     7.8769   3.635562    -0.0398     2.5291     0.2878    126.500    126.500    35.2161    294.824     99.892 0.0000e+00
       8276    128.227     7.8773   3.635665    -0.0345     2.5296     0.2846    127.000    127.000    35.2165    295.047     99.968 0.0000e+00
       8303    128.732     7.8775   3.635718    -0.0392     2.5300     0.2841    127.500    127.500    35.2166    294.852     99.903 0.0000e+00
       8332    129.237     7.8791   3.635862    -0.0384     2.5294     0.2881    128.000    128.000    35.2164    294.555     99.806 0.0000e+00
       8355    129.742     7.8797   3.636055    -0.0333     2.5277     0.2895    128.500    128.500    35.2176    293.946     99.601 0.0000e+00
       8373    130.247     7.8782   3.636059    -0.0331     2.5257     0.2942    129.000    129.000    35.2188    293.569     99.471 0.0000e+00
       8392    130.752     7.8779   3.635947    -0.0349     2.5237     0.3041    129.500    129.500    35.2177    293.576     99.472 0.0000e+00
       8415    131.257     7.8784   3.635974    -0.0411     2.5229     0.3141    130.000    130.000    35.2172    293.840     99.562 0.0000e+00
       8448    131.762     7.8789   3.636098    -0.0347     2.5231     0.3127    130.500    130.500    35.2178    294.277     99.712 0.0000e+00
       8475    132.267     7.8791   3.636145    -0.0326     2.5243     0.3096    131.000    131.000    35.2178    294.100     99.652 0.0000e+00
       8495    132.772     7.8773   3.636095    -0.0327     2.5228     0.3170    131.500    131.500    35.2189    293.352     99.395 0.0000e+00
       8515    133.277     7.8766   3.635997    -0.0340     2.5203     0.3299    132.000    132.000    35.2183    292.879     99.234 0.0000e+00
       8539    133.782     7.8757   3.635906    -0.0408     2.5179     0.3379    132.500    132.500    35.2180    292.819     99.211 0.0000e+00
       8564    134.287     7.8743   3.635789    -0.0383     2.5161     0.3457    133.000    133.000    35.2179    292.702     99.168 0.0000e+00
       8585    134.792     7.8737   3.635715    -0.0335     2.5150     0.3588    133.500    133.500    35.2175    292.647     99.148 0.0000e+00
       8607    135.297     7.8736   3.635706    -0.0333     2.5139     0.3658    134.000    134.000    35.2172    292.585     99.126 0.0000e+00
       8633    135.802     7.8737   3.635707    -0.0386     2.5136     0.3668    134.500    134.500    35.2169    292.946     99.249 0.0000e+00
       8661    136.307     7.8736   3.635740    -0.0391     2.5146     0.3683    135.000    135.000    35.2170    293.290     99.365 0.0000e+00
       8684    136.812     7.8740   3.635774    -0.0336     2.5154     0.3725    135.500    135.500    35.2168    293.169     99.325 0.0000e+00
       8704    137.317     7.8748   3.635863    -0.0326     2.5150     0.3834    136.000    136.000    35.2167    292.817     99.207 0.0000e+00
       8727    137.822     7.8757   3.636015    -0.0324     2.5140     0.3912    136.500    136.500    35.2172    292.839     99.217 0.0000e+00
       8750    138.327     7.8774   3.636138    -0.0324     2.5143     0.3891    137.000    137.000    35.2166    293.101     99.309 0.0000e+00
       8774    138.832     7.8818   3.636634    -0.0324     2.5145     0.3875    137.500    137.500    35.2172    293.021     99.293 0.0000e+00
       8800    139.337     7.8834   3.637087    -0.0324     2.5142     0.3864    138.000    138.000    35.2202    292.738     99.202 0.0000e+00
       8826    139.842     7.8846   3.637270    -0.0324     2.5128     0.3856    138.500    138.500    35.2207    292.509     99.127 0.0000e+00
       8849    140.347     7.8852   3.637403    -0.0324     2.5123     0.3923    139.000    139.000    35.2214    292.630     99.170 0.0000e+00
       8869    140.852     7.8862   3.637528    -0.0324     2.5122     0.3949    139.500    139.500    35.2214    292.833     99.241 0.0000e+00
       8890    141.357     7.8872   3.637671    -0.0324     2.5129     0.3961    140.000    140.000    35.2217    292.947     99.283 0.0000e+00
       8914    141.862     7.8885   3.637858    -0.0324     2.5129     0.3973    140.500    140.500    35.2221    292.850     99.253 0.0000e+00
       8941    142.367     7.8894   3.638042    -0.0324     2.5131     0.4036    141.000    141.000    35.2230    293.028     99.316 0.0000e+00
       8967    142.872     7.8899   3.638162    -0.0324     2.5141     0.4080    141.500    141.500    35.2236    293.248     99.392 0.0000e+00
       8992    143.377     7.8897   3.638178    -0.0324     2.5142     0.4090    142.000    142.000    35.2237    292.851     99.256 0.0000e+00
       9014    143.882     7.8922   3.638339    -0.0324     2.5132     0.4167    142.500    142.500    35.2226    292.759     99.230 0.0000e+00
       9034    144.387     7.8942   3.638722    -0.0324     2.5130     0.4246    143.000    143.000    35.2245    292.852     99.268 0.0000e+00
       9057    144.892     7.8955   3.639021    -0.0324     2.5128     0.4365    143.500    143.500    35.2262    292.824     99.262 0.0000e+00
       9082    145.397     7.8967   3.639202    -0.0324     2.5125     0.4469    144.000    144.000    35.2266    292.709     99.226 0.0000e+00
       9105    145.902     7.8979   3.639434    -0.0324     2.5119     0.4541    144.500    144.500    35.2277    292.632     99.203 0.0000e+00
       9129    146.407     7.8985   3.639563    -0.0324     2.5114     0.4627    145.000    145.000    35.2282    292.495     99.159 0.0000e+00
       9156    146.912     7.8986   3.639629    -0.0324     2.5103     0.4550    145.500    145.500    35.2286    292.234     99.070 0.0000e+00
       9181    147.417     7.8997   3.639733    -0.0324     2.5091     0.4550    146.000    146.000    35.2284    292.298     99.094 0.0000e+00
       9201    147.922     7.8999   3.639877    -0.0324     2.5093     0.4755    146.500    146.500    35.2295    292.569     99.188 0.0000e+00
       9223    148.427     7.9001   3.639909    -0.0324     2.5099     0.4792    147.000    147.000    35.2294    292.654     99.216 0.0000e+00
       9334    148.932     7.8999   3.639893    -0.0312     2.5110     0.4510    147.500    147.500    35.2291    292.799     99.265 0.0000e+00
      10002    149.437     7.9002   3.639951    -0.0266     2.5141     0.4500    148.000    148.000    35.2292    293.143     99.383 0.0000e+00
