Data/CTD_12.cnv
* Sea-Bird SBE 9 Data File:
* FileName = C:\Users\ctd-user\Desktop\CTD_data\OC4920\CTD_12.hex
* Software Version Seasave V 7.26.2.13
* Temperature SN = 6313
* Conductivity SN = 4758
* Number of Bytes Per Scan = 28
* Number of Voltage Words = 3
* Number of Scans Averaged by the Deck Unit = 1
* NMEA Latitude = 57 49.83 N
* NMEA Longitude = 010 46.49 E
* NMEA UTC (Time) = May 07 2025 11:52:13
** Station: test
** Operator: Operator 1
** Ship: 7720 Skagerak
** Cruise: 7720-2025-01
** Latitude [GG MM.mm N]:
** Longitude [GG MM.mm E]:
** Pumps: PrimaryPump: 1820 # SecondaryPump:
** EventIDs: EventID: 3decf26d-821b-4112-8042-a2c98b568458 # ParentEventID:
** Additional Sampling:
** Metadata admin: MPROG: Other # PROJ: Other # ORDERER: GU # SLABO: GU # ALABO: GU # REFSK: ingen
** Metadata conditions: WADEP: 10 # WINSP: 1 # WINDIR: 02 # AIRPRES: 1000 # AIRTEMP: 1 # WEATH: 9 # CLOUD: 9 # WAVES: 9 # ICEOB: 9 # COMNT_VISIT:
** LIMS Job:
# nquan = 13                                
# nvalues = 6790                        
# units = specified
# name 0 = scan: Scan Count
# name 1 = prDM: Pressure, Digiquartz [db]
# name 2 = t090C: Temperature [ITS-90, deg C]
# name 3 = c0S/m: Conductivity [S/m]
# name 4 = flECO-AFL: Fluorescence, WET Labs ECO-AFL/FL [mg/m^3]
# name 5 = sbeox0V: Oxygen raw, SBE 43 [V]
# name 6 = turbWETntu0: Turbidity, WET Labs ECO [NTU]
# name 7 = depSM: Depth [salt water, m]
# name 8 = depSM: Depth [salt water, m], lat = 57.8305
# name 9 = sal00: Salinity, Practical [PSU]
# name 10 = sbeox0Mm/L: Oxygen, SBE 43 [umol/l], WS = 2
# name 11 = sbeox0PS: Oxygen, SBE 43 [% saturation], WS = 2
# name 12 = flag: flag
# span 0 =          1,       6790       
# span 1 =     -1.517,     88.004       
# span 2 =     7.6422,    11.2281       
# span 3 =   0.066963,   3.666707       
# span 4 =    -0.1231,     5.0197       
# span 5 =     2.1901,     2.7541       
# span 6 =     0.1326,     0.5140       
# span 7 =     -1.503,     87.171       
# span 8 =     -1.503,     87.171       
# span 9 =     0.4843,    35.1549       
# span 10 =    237.271,    328.113      
# span 11 =     81.085,    109.955      
# span 12 = 0.0000e+00, 0.0000e+00      
# interval = seconds: 0.0416667
# start_time = May 07 2025 11:52:13 [NMEA time, header]
# bad_flag = -9.990e-29
*END*
          1     -1.503     8.9054   0.072047    -0.1231     2.3076     0.1407     -1.490     -1.489     0.5169    315.274     87.365 -9.990e-29
          2     -1.503     8.9047   0.072018    -0.1230     2.3061     0.1410     -1.489     -1.489     0.5167    315.019     87.293 -9.990e-29
          3     -1.503     8.9041   0.072059    -0.1229     2.3046     0.1414     -1.489     -1.489     0.5170    314.762     87.221 -9.990e-29
          4     -1.501     8.9026   0.072086    -0.1228     2.3030     0.1417     -1.488     -1.487     0.5173    314.494     87.144 -9.990e-29
          5     -1.501     8.9008   0.071961    -0.1227     2.3014     0.1420     -1.487     -1.487     0.5164    314.232     87.067 -9.990e-29
          6     -1.500     8.8996   0.071989    -0.1226     2.2998     0.1423     -1.486     -1.486     0.5166    313.962     86.990 -9.990e-29
          7     -1.499     8.8985   0.072008    -0.1225     2.2983     0.1425     -1.486     -1.485     0.5167    313.710     86.917 -9.990e-29
          8     -1.500     8.8966   0.071938    -0.1223     2.2967     0.1427     -1.487     -1.486     0.5163    313.447     86.840 -9.990e-29
          9     -1.501     8.8941   0.071949    -0.1222     2.2952     0.1429     -1.487     -1.487     0.5164    313.205     86.768 -9.990e-29
         10     -1.502     8.8900   0.071884    -0.1220     2.2937     0.1431     -1.488     -1.488     0.5159    312.978     86.696 -9.990e-29
         11     -1.502     8.8856   0.071736    -0.1219     2.2922     0.1432     -1.489     -1.488     0.5149    312.753     86.625 -9.990e-29
         12     -1.503     8.8826   0.071671    -0.1217     2.2907     0.1434     -1.489     -1.489     0.5145    312.517     86.553 -9.990e-29
         13     -1.503     8.8811   0.071651    -0.1215     2.2893     0.1435     -1.490     -1.489     0.5143    312.285     86.485 -9.990e-29
         14     -1.504     8.8800   0.071553    -0.1213     2.2878     0.1436     -1.490     -1.490     0.5136    312.034     86.413 -9.990e-29
         15     -1.503     8.8793   0.071583    -0.1210     2.2864     0.1437     -1.490     -1.489     0.5138    311.795     86.345 -9.990e-29
         16     -1.502     8.8772   0.071569    -0.1208     2.2849     0.1438     -1.489     -1.488     0.5138    311.550     86.273 -9.990e-29
         17     -1.501     8.8747   0.071455    -0.1205     2.2835     0.1439     -1.488     -1.487     0.5130    311.328     86.206 -9.990e-29
         18     -1.501     8.8710   0.071455    -0.1202     2.2820     0.1440     -1.488     -1.487     0.5130    311.096     86.134 -9.990e-29
         19     -1.499     8.8686   0.071439    -0.1199     2.2805     0.1441     -1.486     -1.485     0.5129    310.853     86.062 -9.990e-29
         20     -1.499     8.8673   0.071418    -0.1195     2.2790     0.1441     -1.486     -1.485     0.5128    310.602     85.990 -9.990e-29
         21     -1.501     8.8657   0.071499    -0.1191     2.2775     0.1442     -1.488     -1.487     0.5134    310.352     85.918 -9.990e-29
         22     -1.503     8.8648   0.071522    -0.1187     2.2759     0.1443     -1.489     -1.489     0.5136    310.080     85.840 -9.990e-29
         23     -1.502     8.8635   0.071503    -0.1182     2.2744     0.1443     -1.489     -1.488     0.5135    309.829     85.768 -9.990e-29
         24     -1.502     8.8590   0.071550    -0.1177     2.2730     0.1444     -1.488     -1.488     0.5139    309.620     85.701 -9.990e-29
         25     -1.501     8.8554   0.071552    -0.1172     2.2716     0.1444     -1.487     -1.487     0.5139    298.493     82.614 -9.990e-29
         26     -1.501     8.8526   0.071525    -0.1166     2.2702     0.1444     -1.487     -1.487     0.5138    298.327     82.563 -9.990e-29
         27     -1.500     8.8492   0.071528    -0.1159     2.2688     0.1444     -1.487     -1.486     0.5139    298.166     82.512 -9.990e-29
         28     -1.499     8.8463   0.071509    -0.1152     2.2675     0.1445     -1.486     -1.485     0.5138    298.022     82.466 -9.990e-29
         29     -1.498     8.8453   0.071458    -0.1145     2.2662     0.1445     -1.484     -1.484     0.5134    297.863     82.420 -9.990e-29
         30     -1.498     8.8452   0.071505    -0.1138     2.2648     0.1445     -1.484     -1.484     0.5137    297.681     82.369 -9.990e-29
         31     -1.499     8.8447   0.071493    -0.1131     2.2634     0.1445     -1.485     -1.485     0.5137    297.502     82.319 -9.990e-29
         32     -1.499     8.8440   0.071416    -0.1126     2.2620     0.1445     -1.486     -1.485     0.5131    297.332     82.270 -9.990e-29
         33     -1.499     8.8429   0.071405    -0.1120     2.2606     0.1445     -1.485     -1.485     0.5130    297.166     82.222 -9.990e-29
         34     -1.498     8.8393   0.071318    -0.1115     2.2593     0.1445     -1.484     -1.484     0.5124    297.041     82.180 -9.990e-29
         35     -1.496     8.8349   0.071240    -0.1110     2.2579     0.1444     -1.482     -1.482     0.5119    296.907     82.134 -9.990e-29
         36     -1.496     8.8318   0.071238    -0.1106     2.2566     0.1444     -1.482     -1.482     0.5119    296.784     82.094 -9.990e-29
         37     -1.498     8.8273   0.071180    -0.1102     2.2552     0.1443     -1.484     -1.484     0.5116    296.660     82.050 -9.990e-29
         38     -1.498     8.8230   0.071142    -0.1099     2.2539     0.1442     -1.484     -1.484     0.5113    296.562     82.015 -9.990e-29
         39     -1.498     8.8193   0.071138    -0.1095     2.2525     0.1442     -1.484     -1.484     0.5114    296.449     81.976 -9.990e-29
         40     -1.498     8.8157   0.071086    -0.1092     2.2512     0.1441     -1.484     -1.484     0.5110    296.359     81.944 -9.990e-29
         41     -1.497     8.8120   0.071048    -0.1090     2.2499     0.1440     -1.483     -1.483     0.5108    296.267     81.911 -9.990e-29
         42     -1.498     8.8079   0.071040    -0.1087     2.2487     0.1439     -1.484     -1.484     0.5108    296.194     81.883 -9.990e-29
         43     -1.498     8.8032   0.071008    -0.1085     2.2476     0.1437     -1.485     -1.484     0.5106    296.141     81.859 -9.990e-29
         44     -1.498     8.7972   0.070987    -0.1082     2.2463     0.1436     -1.484     -1.484     0.5105    296.058     81.824 -9.990e-29
         45     -1.497     8.7918   0.070997    -0.1080     2.2451     0.1435     -1.483     -1.483     0.5107    295.983     81.793 -9.990e-29
         46     -1.497     8.7875   0.070981    -0.1079     2.2438     0.1433     -1.483     -1.483     0.5106    295.879     81.755 -9.990e-29
         47     -1.497     8.7829   0.070923    -0.1077     2.2426     0.1432     -1.483     -1.483     0.5103    295.789     81.721 -9.990e-29
         48     -1.496     8.7783   0.070922    -0.1075     2.2413     0.1430     -1.482     -1.482     0.5103    295.678     81.682 -9.990e-29
         49     -1.494     8.7738   0.070885    -0.1074     2.2401     0.1428     -1.480     -1.480     0.5101    295.584     81.647 -9.990e-29
         50     -1.493     8.7698   0.070838    -0.1073     2.2389     0.1426     -1.479     -1.479     0.5098    295.486     81.612 -9.990e-29
         51     -1.493     8.7660   0.070854    -0.1072     2.2377     0.1424     -1.479     -1.479     0.5100    295.385     81.576 -9.990e-29
         52     -1.493     8.7616   0.070840    -0.1071     2.2365     0.1421     -1.480     -1.479     0.5099    295.286     81.540 -9.990e-29
         53     -1.494     8.7574   0.070799    -0.1070     2.2353     0.1418     -1.481     -1.480     0.5097    295.186     81.504 -9.990e-29
         54     -1.496     8.7551   0.070741    -0.1069     2.2342     0.1415     -1.482     -1.482     0.5093    295.089     81.473 -9.990e-29
         55     -1.497     8.7519   0.070646    -0.1068     2.2331     0.1413     -1.484     -1.483     0.5086    294.996     81.441 -9.990e-29
         56     -1.497     8.7488   0.070568    -0.1067     2.2322     0.1410     -1.483     -1.483     0.5081    294.935     81.417 -9.990e-29
         57     -1.496     8.7447   0.070512    -0.1066     2.2312     0.1407     -1.483     -1.482     0.5077    294.859     81.388 -9.990e-29
         58     -1.497     8.7394   0.070473    -0.1066     2.2303     0.1405     -1.483     -1.483     0.5075    294.807     81.363 -9.990e-29
         59     -1.497     8.7358   0.070439    -0.1065     2.2293     0.1402     -1.484     -1.483     0.5073    294.727     81.334 -9.990e-29
         60     -1.498     8.7340   0.070438    -0.1065     2.2284     0.1400     -1.484     -1.484     0.5073    294.652     81.310 -9.990e-29
         61     -1.499     8.7313   0.070402    -0.1064     2.2276     0.1398     -1.485     -1.485     0.5071    294.604     81.291 -9.990e-29
         62     -1.500     8.7295   0.070350    -0.1064     2.2270     0.1396     -1.487     -1.486     0.5067    294.585     81.282 -9.990e-29
         63     -1.500     8.7281   0.070310    -0.1064     2.2263     0.1394     -1.487     -1.486     0.5064    294.551     81.270 -9.990e-29
         64     -1.499     8.7267   0.070277    -0.1064     2.2255     0.1392     -1.486     -1.485     0.5062    294.502     81.254 -9.990e-29
         65     -1.498     8.7230   0.070254    -0.1063     2.2244     0.1390     -1.485     -1.484     0.5061    294.421     81.224 -9.990e-29
         66     -1.498     8.7200   0.070264    -0.1063     2.2233     0.1388     -1.485     -1.484     0.5062    294.339     81.196 -9.990e-29
         67     -1.498     8.7174   0.070249    -0.1063     2.2222     0.1387     -1.485     -1.484     0.5061    294.264     81.170 -9.990e-29
         68     -1.498     8.7143   0.070209    -0.1063     2.2211     0.1385     -1.484     -1.484     0.5059    294.204     81.147 -9.990e-29
         69     -1.498     8.7120   0.070201    -0.1063     2.2199     0.1384     -1.485     -1.484     0.5058    294.129     81.122 -9.990e-29
         70     -1.499     8.7062   0.070130    -0.1063     2.2188     0.1383     -1.485     -1.485     0.5054    294.110     81.105 -9.990e-29
         71     -1.498     8.6988   0.070092    -0.1063     2.2177     0.1382     -1.484     -1.484     0.5052    294.113     81.091 -9.990e-29
         72     -1.497     8.6929   0.070079    -0.1063     2.2167     0.1381     -1.483     -1.483     0.5052    294.137     81.086 -9.990e-29
         73     -1.496     8.6863   0.070061    -0.1063     2.2157     0.1380     -1.483     -1.482     0.5052    294.179     81.085 -9.990e-29
         74     -1.496     8.6779   0.070045    -0.1063     2.2148     0.1379     -1.483     -1.482     0.5052    294.269     81.093 -9.990e-29
         75     -1.496     8.6707   0.069999    -0.1063     2.2138     0.1378     -1.482     -1.482     0.5049    294.352     81.102 -9.990e-29
         76     -1.496     8.6626   0.069964    -0.1062     2.2128     0.1377     -1.483     -1.482     0.5048    294.461     81.116 -9.990e-29
         77     -1.496     8.6538   0.069921    -0.1061     2.2118     0.1377     -1.483     -1.482     0.5046    294.598     81.137 -9.990e-29
         78     -1.496     8.6458   0.069844    -0.1061     2.2108     0.1376     -1.482     -1.482     0.5041    294.752     81.163 -9.990e-29
         79     -1.497     8.6381   0.069785    -0.1060     2.2098     0.1375     -1.483     -1.483     0.5038    294.930     81.197 -9.990e-29
         80     -1.497     8.6296   0.069741    -0.1059     2.2088     0.1375     -1.483     -1.483     0.5035    295.139     81.237 -9.990e-29
         81     -1.497     8.6214   0.069683    -0.1058     2.2078     0.1374     -1.483     -1.483     0.5032    295.376     81.286 -9.990e-29
         82     -1.498     8.6130   0.069626    -0.1057     2.2069     0.1373     -1.484     -1.484     0.5029    295.658     81.348 -9.990e-29
         83     -1.498     8.6073   0.069592    -0.1056     2.2061     0.1372     -1.484     -1.484     0.5027    295.969     81.422 -9.990e-29
         84     -1.498     8.6005   0.069551    -0.1055     2.2054     0.1371     -1.485     -1.484     0.5025    296.333     81.508 -9.990e-29
         85     -1.500     8.5922   0.069480    -0.1054     2.2047     0.1370     -1.486     -1.486     0.5021    296.742     81.604 -9.990e-29
         86     -1.501     8.5818   0.069426    -0.1053     2.2040     0.1369     -1.487     -1.487     0.5018    297.197     81.709 -9.990e-29
         87     -1.501     8.5730   0.069377    -0.1052     2.2035     0.1368     -1.488     -1.487     0.5016    297.712     81.833 -9.990e-29
         88     -1.500     8.5676   0.069316    -0.1051     2.2030     0.1367     -1.486     -1.486     0.5012    298.232     81.965 -9.990e-29
         89     -1.499     8.5624   0.069264    -0.1050     2.2025     0.1367     -1.485     -1.485     0.5009    298.780     82.105 -9.990e-29
         90     -1.499     8.5597   0.069260    -0.1049     2.2021     0.1366     -1.485     -1.485     0.5009    299.345     82.255 -9.990e-29
         91     -1.498     8.5558   0.069246    -0.1047     2.2018     0.1365     -1.484     -1.484     0.5008    299.954     82.414 -9.990e-29
         92     -1.498     8.5519   0.069280    -0.1045     2.2016     0.1364     -1.484     -1.484     0.5012    300.597     82.583 -9.990e-29
         93     -1.498     8.5480   0.069297    -0.1043     2.2015     0.1363     -1.484     -1.484     0.5013    301.272     82.761 -9.990e-29
         94     -1.499     8.5460   0.069278    -0.1040     2.2015     0.1362     -1.485     -1.485     0.5012    301.960     82.946 -9.990e-29
         95     -1.498     8.5459   0.069295    -0.1037     2.2016     0.1361     -1.484     -1.484     0.5013    302.659     83.138 -9.990e-29
         96     -1.496     8.5444   0.069267    -0.1034     2.2019     0.1360     -1.482     -1.482     0.5012    303.411     83.342 -9.990e-29
         97     -1.493     8.5412   0.069258    -0.1031     2.2022     0.1359     -1.480     -1.479     0.5011    304.182     83.547 -9.990e-29
         98     -1.492     8.5383   0.069282    -0.1028     2.2027     0.1357     -1.479     -1.478     0.5014    304.987     83.762 -9.990e-29
         99     -1.494     8.5358   0.069284    -0.1024     2.2034     0.1356     -1.480     -1.480     0.5014    305.829     83.988 -9.990e-29
        100     -1.495     8.5337   0.069264    -0.1021     2.2042     0.1354     -1.481     -1.481     0.5013    306.683     84.218 -9.990e-29
        101     -1.494     8.5306   0.069274    -0.1017     2.2052     0.1352     -1.481     -1.480     0.5014    307.576     84.457 -9.990e-29
        102     -1.494     8.5282   0.069268    -0.1012     2.2063     0.1350     -1.480     -1.480     0.5014    308.474     84.699 -9.990e-29
        103     -1.493     8.5275   0.069242    -0.1008     2.2076     0.1348     -1.479     -1.479     0.5012    309.380     84.946 -9.990e-29
        104     -1.492     8.5270   0.069226    -0.1003     2.2089     0.1345     -1.479     -1.478     0.5011    310.266     85.189 -9.990e-29
        105     -1.490     8.5256   0.069196    -0.0998     2.2104     0.1343     -1.476     -1.476     0.5009    311.176     85.435 -9.990e-29
        106     -1.487     8.5241   0.069161    -0.0992     2.2119     0.1340     -1.473     -1.473     0.5006    312.065     85.676 -9.990e-29
        107     -1.484     8.5209   0.069144    -0.0988     2.2136     0.1337     -1.470     -1.470     0.5006    312.978     85.920 -9.990e-29
        108     -1.479     8.5186   0.069106    -0.0984     2.2154     0.1335     -1.466     -1.465     0.5003    313.877     86.162 -9.990e-29
        109     -1.473     8.5167   0.069094    -0.0980     2.2174     0.1333     -1.460     -1.459     0.5002    314.782     86.406 -9.990e-29
        110     -1.466     8.5137   0.068410    -0.0978     2.2194     0.1331     -1.453     -1.452     0.4951    315.678     86.643 -9.990e-29
        111     -1.458     8.5108   0.067428    -0.0976     2.2215     0.1330     -1.444     -1.445     0.4878    316.561     86.875 -9.990e-29
