Data/CTD_10.cnv
* Sea-Bird SBE 9 Data File:
* FileName = C:\Users\ctd-user\Desktop\CTD_data\OC4920\CTD_10.hex
* Software Version Seasave V 7.26.2.13
* Temperature SN = 6313
* Conductivity SN = 4758
* Number of Bytes Per Scan = 28
* Number of Voltage Words = 3
* Number of Scans Averaged by the Deck Unit = 1
* NMEA Latitude = 57 51.81 N
* NMEA Longitude = 010 46.60 E
* NMEA UTC (Time) = May 07 2025 11:11:29
** Station: test
** Operator: Operator 1
** Ship: 7720 Skagerak
** Cruise: 7720-2025-01
** Latitude [GG MM.mm N]:
** Longitude [GG MM.mm E]:
** Pumps: PrimaryPump: 1820 # SecondaryPump:
** EventIDs: EventID: 3decf26d-821b-4112-8042-a2c98b568458 # ParentEventID:
** Additional Sampling:
** Metadata admin: MPROG: Other # PROJ: Other # ORDERER: GU # SLABO: GU # ALABO: GU # REFSK: ingen
** Metadata conditions: WADEP: 10 # WINSP: 1 # WINDIR: 02 # AIRPRES: 1000 # AIRTEMP: 1 # WEATH: 9 # CLOUD: 9 # WAVES: 9 # ICEOB: 9 # COMNT_VISIT:
** LIMS Job:
# nquan = 13                                
# nvalues = 7125                        
# units = specified
# name 0 = scan: Scan Count
# name 1 = prDM: Pressure, Digiquartz [db]
# name 2 = t090C: Temperature [ITS-90, deg C]
# name 3 = c0S/m: Conductivity [S/m]
# name 4 = flECO-AFL: Fluorescence, WET Labs ECO-AFL/FL [mg/m^3]
# name 5 = sbeox0V: Oxygen raw, SBE 43 [V]
# name 6 = turbWETntu0: Turbidity, WET Labs ECO [NTU]
# name 7 = depSM: Depth [salt water, m]
# name 8 = depSM: Depth [salt water, m], lat = 57.8635
# name 9 = sal00: Salinity, Practical [PSU]
# name 10 = sbeox0Mm/L: Oxygen, SBE 43 [umol/l], WS = 2
# name 11 = sbeox0PS: Oxygen, SBE 43 [% saturation], WS = 2
# name 12 = flag: flag
# span 0 =          1,       7125       
# span 1 =     -1.032,    110.100       
# span 2 =     7.7068,    10.4038       
# span 3 =   3.401606,   3.676512       
# span 4 =    -0.0304,     8.4467       
# span 5 =     2.0594,     2.8960       
# span 6 =     0.1743,     0.4013       
# span 7 =     -1.022,    109.052       
# span 8 =     -1.022,    109.052       
# span 9 =    30.5509,    35.2401       
# span 10 =    216.555,    339.893      
# span 11 =     75.234,    117.213      
# span 12 = 0.0000e+00, 0.0000e+00      
# interval = seconds: 0.0416667
# start_time = May 07 2025 11:11:29 [NMEA time, header]
# bad_flag = -9.990e-29
*END*
[from data line 3445]
       3446     36.319     7.8747   3.624878     0.0699     2.5872     0.1958     35.980     35.980    35.1481    298.951    101.240 0.0000e+00
       3447     36.341     7.8742   3.624903     0.0698     2.5871     0.1958     36.001     36.001    35.1488    298.964    101.244 0.0000e+00
       3448     36.362     7.8742   3.624936     0.0697     2.5870     0.1958     36.022     36.022    35.1492    298.974    101.247 0.0000e+00
       3449     36.382     7.8738   3.624895     0.0696     2.5869     0.1959     36.041     36.042    35.1491    298.986    101.251 0.0000e+00
       3450     36.401     7.8737   3.624885     0.0694     2.5867     0.1959     36.061     36.061    35.1491    298.981    101.249 0.0000e+00
       3451     36.420     7.8736   3.624882     0.0692     2.5866     0.1959     36.080     36.080    35.1492    298.991    101.252 0.0000e+00
       3452     36.439     7.8736   3.624914     0.0690     2.5865     0.1960     36.098     36.099    35.1495    298.999    101.255 0.0000e+00
       3453     36.458     7.8737   3.624899     0.0687     2.5864     0.1960     36.117     36.117    35.1492    299.009    101.258 0.0000e+00
       3454     36.478     7.8734   3.624895     0.0684     2.5864     0.1959     36.137     36.137    35.1495    299.035    101.266 0.0000e+00
       3455     36.499     7.8734   3.624897     0.0680     2.5863     0.1959     36.158     36.158    35.1495    299.043    101.269 0.0000e+00
       3456     36.519     7.8735   3.624870     0.0675     2.5861     0.1959     36.177     36.178    35.1491    299.038    101.267 0.0000e+00
       3457     36.538     7.8731   3.624866     0.0671     2.5860     0.1959     36.196     36.197    35.1494    299.045    101.269 0.0000e+00
       3458     36.559     7.8732   3.624874     0.0666     2.5859     0.1959     36.217     36.217    35.1494    299.047    101.270 0.0000e+00
       3459     36.583     7.8732   3.624877     0.0660     2.5858     0.1958     36.241     36.241    35.1494    299.047    101.270 0.0000e+00
       3460     36.605     7.8735   3.624828     0.0654     2.5858     0.1958     36.263     36.263    35.1486    299.059    101.274 0.0000e+00
       3461     36.627     7.8737   3.624783     0.0648     2.5857     0.1958     36.284     36.285    35.1479    299.059    101.274 0.0000e+00
       3462     36.648     7.8737   3.624809     0.0643     2.5856     0.1957     36.306     36.306    35.1482    299.058    101.274 0.0000e+00
       3463     36.671     7.8739   3.624849     0.0637     2.5856     0.1957     36.328     36.328    35.1484    299.071    101.279 0.0000e+00
       3464     36.694     7.8742   3.624810     0.0632     2.5855     0.1957     36.351     36.351    35.1476    299.070    101.279 0.0000e+00
       3465     36.716     7.8742   3.624801     0.0628     2.5854     0.1956     36.373     36.373    35.1475    299.068    101.278 0.0000e+00
       3466     36.738     7.8742   3.624821     0.0623     2.5853     0.1956     36.395     36.395    35.1477    299.063    101.276 0.0000e+00
       3467     36.759     7.8743   3.624830     0.0619     2.5852     0.1956     36.415     36.416    35.1477    299.055    101.274 0.0000e+00
       3468     36.778     7.8745   3.624839     0.0615     2.5851     0.1955     36.435     36.434    35.1476    299.047    101.272 0.0000e+00
       3469     36.798     7.8745   3.624818     0.0612     2.5851     0.1954     36.454     36.454    35.1474    299.052    101.273 0.0000e+00
       3470     36.819     7.8747   3.624815     0.0610     2.5850     0.1953     36.475     36.475    35.1471    299.038    101.269 0.0000e+00
       3471     36.840     7.8746   3.624805     0.0609     2.5850     0.1952     36.496     36.496    35.1471    299.037    101.268 0.0000e+00
       3472     36.861     7.8745   3.624837     0.0608     2.5849     0.1951     36.517     36.517    35.1476    299.020    101.262 0.0000e+00
       3473     36.881     7.8745   3.624899     0.0608     2.5849     0.1950     36.536     36.536    35.1482    299.015    101.261 0.0000e+00
       3474     36.902     7.8745   3.624895     0.0609     2.5848     0.1949     36.557     36.557    35.1482    298.998    101.256 0.0000e+00
       3475     36.925     7.8746   3.624910     0.0610     2.5848     0.1948     36.580     36.580    35.1482    298.995    101.255 0.0000e+00
       3476     36.949     7.8748   3.624919     0.0610     2.5848     0.1947     36.603     36.604    35.1481    298.992    101.254 0.0000e+00
       3477     36.971     7.8747   3.624945     0.0612     2.5848     0.1945     36.626     36.626    35.1485    298.991    101.254 0.0000e+00
       3478     36.994     7.8733   3.624953     0.0614     2.5848     0.1943     36.648     36.648    35.1500    298.996    101.253 0.0000e+00
       3479     37.018     7.8724   3.624976     0.0616     2.5847     0.1941     36.672     36.672    35.1511    298.984    101.248 0.0000e+00
       3480     37.042     7.8714   3.625005     0.0619     2.5847     0.1940     36.696     36.696    35.1524    298.984    101.247 0.0000e+00
       3481     37.067     7.8723   3.624998     0.0622     2.5846     0.1938     36.720     36.721    35.1514    298.957    101.239 0.0000e+00
       3482     37.091     7.8725   3.625043     0.0625     2.5845     0.1936     36.744     36.744    35.1517    298.932    101.231 0.0000e+00
       3483     37.116     7.8716   3.625030     0.0629     2.5844     0.1934     36.769     36.769    35.1524    298.913    101.223 0.0000e+00
       3484     37.140     7.8700   3.625045     0.0634     2.5844     0.1932     36.793     36.793    35.1542    298.911    101.220 0.0000e+00
       3485     37.162     7.8683   3.625017     0.0639     2.5844     0.1929     36.814     36.815    35.1556    298.913    101.218 0.0000e+00
       3486     37.183     7.8663   3.625060     0.0645     2.5843     0.1926     36.835     36.836    35.1581    298.901    101.210 0.0000e+00
       3487     37.206     7.8653   3.625076     0.0651     2.5843     0.1923     36.858     36.858    35.1592    298.897    101.208 0.0000e+00
       3488     37.227     7.8656   3.625098     0.0657     2.5841     0.1920     36.879     36.879    35.1592    298.858    101.195 0.0000e+00
       3489     37.248     7.8667   3.625068     0.0662     2.5840     0.1917     36.900     36.900    35.1577    298.827    101.186 0.0000e+00
       3490     37.270     7.8674   3.624930     0.0667     2.5838     0.1914     36.921     36.922    35.1555    298.787    101.173 0.0000e+00
       3491     37.292     7.8679   3.624820     0.0670     2.5836     0.1912     36.943     36.943    35.1538    298.746    101.159 0.0000e+00
       3492     37.315     7.8679   3.624804     0.0674     2.5835     0.1910     36.966     36.966    35.1536    298.720    101.150 0.0000e+00
       3493     37.338     7.8681   3.624879     0.0676     2.5833     0.1908     36.989     36.989    35.1542    298.678    101.137 0.0000e+00
       3494     37.360     7.8679   3.624881     0.0678     2.5831     0.1906     37.011     37.011    35.1544    298.641    101.124 0.0000e+00
       3495     37.383     7.8679   3.624770     0.0679     2.5830     0.1904     37.034     37.034    35.1532    298.619    101.116 0.0000e+00
       3496     37.406     7.8678   3.624575     0.0679     2.5828     0.1902     37.057     37.056    35.1512    298.587    101.103 0.0000e+00
       3497     37.430     7.8681   3.624459     0.0679     2.5827     0.1900     37.080     37.080    35.1496    298.565    101.095 0.0000e+00
       3498     37.453     7.8681   3.624264     0.0678     2.5827     0.1898     37.103     37.103    35.1475    298.564    101.093 0.0000e+00
       3499     37.477     7.8679   3.624140     0.0677     2.5827     0.1896     37.127     37.127    35.1464    298.562    101.091 0.0000e+00
       3500     37.502     7.8677   3.624177     0.0675     2.5827     0.1894     37.151     37.152    35.1470    298.558    101.090 0.0000e+00
       3501     37.526     7.8672   3.624350     0.0674     2.5827     0.1893     37.176     37.175    35.1493    298.554    101.089 0.0000e+00
       3502     37.550     7.8670   3.624430     0.0672     2.5826     0.1892     37.199     37.199    35.1504    298.538    101.084 0.0000e+00
       3503     37.574     7.8653   3.624438     0.0671     2.5824     0.1890     37.223     37.223    35.1522    298.518    101.075 0.0000e+00
       3504     37.596     7.8632   3.624420     0.0668     2.5822     0.1890     37.245     37.245    35.1541    298.501    101.065 0.0000e+00
       3505     37.619     7.8614   3.624398     0.0665     2.5820     0.1889     37.268     37.267    35.1556    298.485    101.057 0.0000e+00
       3506     37.643     7.8601   3.624413     0.0661     2.5819     0.1888     37.291     37.291    35.1571    298.481    101.053 0.0000e+00
       3507     37.665     7.8592   3.624424     0.0656     2.5818     0.1888     37.313     37.313    35.1581    298.476    101.051 0.0000e+00
       3508     37.686     7.8586   3.624370     0.0650     2.5817     0.1887     37.334     37.334    35.1581    298.472    101.048 0.0000e+00
       3509     37.708     7.8576   3.624392     0.0644     2.5817     0.1887     37.356     37.356    35.1594    298.485    101.051 0.0000e+00
       3510     37.730     7.8571   3.624441     0.0636     2.5816     0.1887     37.378     37.377    35.1604    298.483    101.049 0.0000e+00
       3511     37.753     7.8564   3.624453     0.0629     2.5815     0.1888     37.400     37.400    35.1612    298.482    101.048 0.0000e+00
       3512     37.776     7.8560   3.624381     0.0621     2.5813     0.1888     37.424     37.423    35.1608    298.468    101.042 0.0000e+00
       3513     37.802     7.8560   3.624324     0.0613     2.5811     0.1888     37.448     37.449    35.1602    298.449    101.035 0.0000e+00
       3514     37.827     7.8560   3.624326     0.0605     2.5810     0.1887     37.473     37.473    35.1602    298.442    101.033 0.0000e+00
       3515     37.852     7.8556   3.624136     0.0599     2.5809     0.1887     37.498     37.498    35.1585    298.439    101.030 0.0000e+00
       3516     37.878     7.8548   3.623927     0.0594     2.5808     0.1886     37.524     37.524    35.1571    298.436    101.026 0.0000e+00
       3517     37.904     7.8535   3.623703     0.0590     2.5808     0.1886     37.549     37.550    35.1560    298.449    101.027 0.0000e+00
       3518     37.929     7.8522   3.623564     0.0586     2.5807     0.1886     37.575     37.574    35.1558    298.442    101.021 0.0000e+00
       3519     37.954     7.8511   3.623449     0.0582     2.5806     0.1886     37.600     37.599    35.1556    298.430    101.015 0.0000e+00
       3520     37.978     7.8503   3.623424     0.0579     2.5805     0.1887     37.624     37.623    35.1561    298.413    101.008 0.0000e+00
       3521     38.001     7.8496   3.623322     0.0577     2.5804     0.1887     37.646     37.646    35.1557    298.395    100.999 0.0000e+00
       3522     38.023     7.8493   3.623258     0.0575     2.5804     0.1888     37.668     37.668    35.1553    298.386    100.996 0.0000e+00
       3523     38.045     7.8496   3.623213     0.0573     2.5803     0.1888     37.690     37.689    35.1545    298.359    100.987 0.0000e+00
       3524     38.067     7.8500   3.623205     0.0571     2.5802     0.1889     37.712     37.711    35.1540    298.332    100.978 0.0000e+00
       3525     38.090     7.8492   3.623150     0.0569     2.5801     0.1890     37.735     37.734    35.1542    298.313    100.970 0.0000e+00
       3526     38.113     7.8486   3.623150     0.0567     2.5800     0.1892     37.757     37.757    35.1548    298.292    100.962 0.0000e+00
       3527     38.135     7.8476   3.623120     0.0564     2.5799     0.1893     37.779     37.779    35.1555    298.273    100.954 0.0000e+00
       3528     38.158     7.8463   3.623051     0.0562     2.5798     0.1894     37.802     37.801    35.1561    298.256    100.945 0.0000e+00
       3529     38.183     7.8433   3.622905     0.0559     2.5797     0.1896     37.826     37.826    35.1575    298.247    100.936 0.0000e+00
       3530     38.208     7.8400   3.622722     0.0556     2.5797     0.1897     37.851     37.851    35.1588    298.252    100.931 0.0000e+00
       3531     38.234     7.8366   3.622610     0.0552     2.5797     0.1899     37.877     37.877    35.1610    298.255    100.926 0.0000e+00
       3532     38.260     7.8338   3.622513     0.0549     2.5796     0.1901     37.903     37.902    35.1628    298.240    100.916 0.0000e+00
       3533     38.287     7.8313   3.622464     0.0547     2.5796     0.1903     37.929     37.929    35.1648    298.238    100.911 0.0000e+00
       3534     38.313     7.8293   3.622423     0.0545     2.5795     0.1905     37.956     37.955    35.1663    298.220    100.901 0.0000e+00
       3535     38.339     7.8271   3.622478     0.0543     2.5794     0.1908     37.981     37.981    35.1691    298.203    100.892 0.0000e+00
       3536     38.365     7.8261   3.622525     0.0540     2.5792     0.1910     38.006     38.006    35.1706    298.167    100.879 0.0000e+00
       3537     38.389     7.8253   3.622422     0.0538     2.5791     0.1913     38.030     38.030    35.1703    298.146    100.870 0.0000e+00
       3538     38.413     7.8250   3.622329     0.0536     2.5789     0.1916     38.054     38.054    35.1696    298.106    100.855 0.0000e+00
       3539     38.437     7.8244   3.622210     0.0535     2.5788     0.1919     38.078     38.078    35.1689    298.083    100.845 0.0000e+00
       3540     38.460     7.8243   3.621985     0.0534     2.5786     0.1922     38.101     38.100    35.1666    298.046    100.831 0.0000e+00
       3541     38.482     7.8239   3.621670     0.0532     2.5784     0.1925     38.123     38.122    35.1636    298.012    100.817 0.0000e+00
       3542     38.504     7.8237   3.621332     0.0530     2.5782     0.1927     38.145     38.144    35.1601    297.978    100.803 0.0000e+00
       3543     38.527     7.8236   3.621060     0.0527     2.5780     0.1929     38.167     38.167    35.1572    297.944    100.789 0.0000e+00
       3544     38.550     7.8234   3.620811     0.0524     2.5778     0.1931     38.190     38.190    35.1547    297.911    100.776 0.0000e+00
       3545     38.573     7.8234   3.620628     0.0521     2.5776     0.1933     38.213     38.212    35.1528    297.877    100.763 0.0000e+00
       3546     38.597     7.8233   3.620392     0.0518     2.5774     0.1934     38.236     38.236    35.1503    297.844    100.750 0.0000e+00
       3547     38.621     7.8230   3.620215     0.0515     2.5772     0.1936     38.260     38.260    35.1487    297.813    100.738 0.0000e+00
       3548     38.645     7.8233   3.620176     0.0512     2.5770     0.1937     38.285     38.284    35.1479    297.778    100.726 0.0000e+00
       3549     38.669     7.8234   3.620054     0.0509     2.5768     0.1939     38.308     38.308    35.1465    297.747    100.715 0.0000e+00
       3550     38.693     7.8230   3.619972     0.0506     2.5766     0.1940     38.332     38.331    35.1460    297.719    100.704 0.0000e+00
       3551     38.719     7.8230   3.620003     0.0503     2.5764     0.1941     38.357     38.357    35.1463    297.690    100.694 0.0000e+00
       3552     38.743     7.8233   3.619978     0.0500     2.5763     0.1942     38.381     38.381    35.1458    297.678    100.691 0.0000e+00
       3553     38.767     7.8232   3.619944     0.0496     2.5761     0.1943     38.405     38.405    35.1455    297.657    100.683 0.0000e+00
       3554     38.790     7.8230   3.619981     0.0492     2.5759     0.1944     38.428     38.427    35.1461    297.637    100.676 0.0000e+00
       3555     38.813     7.8230   3.619876     0.0489     2.5757     0.1945     38.450     38.450    35.1449    297.623    100.671 0.0000e+00
