Data/CTD_05.cnv
* Sea-Bird SBE 9 Data File:
* FileName = C:\Users\ctd-user\Desktop\CTD_data\OC4920\CTD_05.hex
* Software Version Seasave V 7.26.2.13
* Temperature SN = 6313
* Conductivity SN = 4758
* Number of Bytes Per Scan = 28
* Number of Voltage Words = 3
* Number of Scans Averaged by the Deck Unit = 1
* NMEA Latitude = 57 56.89 N
* NMEA Longitude = 010 47.07 E
* NMEA UTC (Time) = May 07 2025 08:44:53
** Station: test
** Operator: Operator 1
** Ship: 7720 Skagerak
** Cruise: 7720-2025-01
** Latitude [GG MM.mm N]:
** Longitude [GG MM.mm E]:
** Pumps: PrimaryPump: 1820 # SecondaryPump:
** EventIDs: EventID: 3decf26d-821b-4112-8042-a2c98b568458 # ParentEventID:
** Additional Sampling:
** Metadata admin: MPROG: Other # PROJ: Other # ORDERER: GU # SLABO: GU # ALABO: GU # REFSK: ingen
** Metadata conditions: WADEP: 10 # WINSP: 1 # WINDIR: 02 # AIRPRES: 1000 # AIRTEMP: 1 # WEATH: 9 # CLOUD: 9 # WAVES: 9 # ICEOB: 9 # COMNT_VISIT:
** LIMS Job:
# nquan = 13                                
# nvalues = 9997                        
# units = specified
# name 0 = scan: Scan Count
# name 1 = prDM: Pressure, Digiquartz [db]
# name 2 = t090C: Temperature [ITS-90, deg C]
# name 3 = c0S/m: Conductivity [S/m]
# name 4 = flECO-AFL: Fluorescence, WET Labs ECO-AFL/FL [mg/m^3]
# name 5 = sbeox0V: Oxygen raw, SBE 43 [V]
# name 6 = turbWETntu0: Turbidity, WET Labs ECO [NTU]
# name 7 = depSM: Depth [salt water, m]
# name 8 = depSM: Depth [salt water, m], lat = 57.9482
# name 9 = sal00: Salinity, Practical [PSU]
# name 10 = sbeox0Mm/L: Oxygen, SBE 43 [umol/l], WS = 2
# name 11 = sbeox0PS: Oxygen, SBE 43 [% saturation], WS = 2
# name 12 = flag: flag
# span 0 =          1,       9997       
# span 1 =     -0.415,    177.086       
# span 2 =     7.7684,    10.5308       
# span 3 =   3.244558,   3.670287       
# span 4 =    -0.0505,     2.4530       
# span 5 =     2.2823,     2.7292       
# span 6 =     0.1571,     1.2065       
# span 7 =     -0.411,    175.370       
# span 8 =     -0.411,    175.370       
# span 9 =    28.9673,    35.3238       
# span 10 =    247.014,    313.463      
# span 11 =     85.304,    107.952      
# span 12 = 0.0000e+00, 0.0000e+00      
# interval = seconds: 0.0416667
# start_time = May 07 2025 08:44:53 [NMEA time, header]
# bad_flag = -9.990e-29
*END*
[from data line 1001]
       1002      0.289    10.4230   3.266938     0.3360     2.3599     1.0759      0.286      0.286    29.1707    261.199     90.052 -9.990e-29
       1003      0.302    10.4231   3.266681     0.3360     2.3603     1.0762      0.299      0.299    29.1681    261.023     89.990 -9.990e-29
       1004      0.314    10.4236   3.266414     0.3360     2.3607     1.0765      0.311      0.311    29.1650    260.820     89.920 -9.990e-29
       1005      0.325    10.4243   3.266021     0.3360     2.3610     1.0768      0.322      0.322    29.1606    260.583     89.837 -9.990e-29
       1006      0.336    10.4251   3.265601     0.3360     2.3612     1.0772      0.333      0.333    29.1558    260.315     89.743 -9.990e-29
       1007      0.348    10.4256   3.265134     0.3360     2.3615     1.0775      0.344      0.345    29.1508    260.049     89.649 -9.990e-29
       1008      0.361    10.4268   3.264715     0.3361     2.3617     1.0778      0.357      0.358    29.1457    259.754     89.547 -9.990e-29
       1009      0.373    10.4286   3.264332     0.3361     2.3618     1.0781      0.369      0.370    29.1404    259.433     89.437 -9.990e-29
       1010      0.384    10.4308   3.263957     0.3362     2.3618     1.0783      0.381      0.380    29.1350    259.097     89.322 -9.990e-29
       1011      0.395    10.4328   3.263524     0.3363     2.3618     1.0785      0.391      0.391    29.1291    258.766     89.209 -9.990e-29
       1012      0.404    10.4345   3.262981     0.3364     2.3617     1.0786      0.400      0.400    29.1224    258.436     89.095 -9.990e-29
       1013      0.412    10.4364   3.262289     0.3365     2.3615     1.0787      0.408      0.408    29.1140    258.110     88.981 -9.990e-29
       1014      0.420    10.4384   3.261558     0.3367     2.3614     1.0788      0.416      0.416    29.1052    257.820     88.880 -9.990e-29
       1015      0.428    10.4412   3.260739     0.3368     2.3612     1.0788      0.424      0.424    29.0948    257.542     88.784 -9.990e-29
       1016      0.435    10.4442   3.260046     0.3370     2.3610     1.0787      0.430      0.431    29.0856    257.293     88.699 -9.990e-29
       1017      0.442    10.4467   3.259379     0.3372     2.3606     1.0785      0.438      0.438    29.0770    257.057     88.617 -9.990e-29
       1018      0.450    10.4495   3.258755     0.3375     2.3601     1.0783      0.446      0.446    29.0686    256.846     88.545 -9.990e-29
       1019      0.456    10.4512   3.258114     0.3377     2.3595     1.0780      0.451      0.452    29.0609    256.673     88.485 -9.990e-29
       1020      0.461    10.4529   3.257388     0.3380     2.3586     1.0777      0.456      0.457    29.0524    256.513     88.428 -9.990e-29
       1021      0.464    10.4546   3.256725     0.3383     2.3574     1.0774      0.460      0.460    29.0445    256.364     88.375 -9.990e-29
       1022      0.467    10.4547   3.256113     0.3386     2.3560     1.0770      0.463      0.463    29.0384    256.253     88.334 -9.990e-29
       1023      0.470    10.4539   3.255589     0.3390     2.3543     1.0766      0.466      0.466    29.0338    256.165     88.299 -9.990e-29
       1024      0.473    10.4523   3.255141     0.3394     2.3526     1.0761      0.468      0.469    29.0307    256.144     88.287 -9.990e-29
       1025      0.475    10.4506   3.254746     0.3399     2.3508     1.0755      0.470      0.471    29.0281    256.175     88.293 -9.990e-29
       1026      0.476    10.4483   3.254348     0.3404     2.3489     1.0750      0.471      0.472    29.0261    256.261     88.317 -9.990e-29
       1027      0.478    10.4453   3.253931     0.3409     2.3470     1.0743      0.473      0.474    29.0243    256.416     88.364 -9.990e-29
       1028      0.479    10.4444   3.253584     0.3415     2.3451     1.0736      0.474      0.475    29.0216    256.627     88.433 -9.990e-29
       1029      0.478    10.4445   3.253190     0.3421     2.3432     1.0728      0.473      0.474    29.0176    256.899     88.525 -9.990e-29
       1030      0.476    10.4450   3.252912     0.3428     2.3414     1.0720      0.472      0.472    29.0145    257.243     88.643 -9.990e-29
       1031      0.475    10.4462   3.252613     0.3435     2.3397     1.0710      0.471      0.471    29.0106    257.659     88.786 -9.990e-29
       1032      0.472    10.4487   3.252365     0.3442     2.3382     1.0700      0.468      0.468    29.0062    258.154     88.959 -9.990e-29
       1033      0.471    10.4508   3.252116     0.3449     2.3368     1.0690      0.467      0.467    29.0020    258.719     89.155 -9.990e-29
       1034      0.470    10.4528   3.251923     0.3455     2.3358     1.0681      0.466      0.466    28.9985    259.393     89.390 -9.990e-29
       1035      0.466    10.4542   3.251727     0.3460     2.3350     1.0671      0.462      0.462    28.9955    260.147     89.650 -9.990e-29
       1036      0.461    10.4559   3.251590     0.3465     2.3346     1.0661      0.457      0.457    28.9928    261.001     89.946 -9.990e-29
       1037      0.456    10.4572   3.251481     0.3469     2.3346     1.0652      0.452      0.452    28.9907    261.956     90.277 -9.990e-29
       1038      0.452    10.4567   3.251342     0.3473     2.3349     1.0642      0.448      0.448    28.9897    263.000     90.635 -9.990e-29
       1039      0.449    10.4564   3.251278     0.3476     2.3356     1.0632      0.444      0.445    28.9893    264.133     91.025 -9.990e-29
       1040      0.444    10.4587   3.251229     0.3478     2.3366     1.0622      0.440      0.440    28.9870    265.326     91.439 -9.990e-29
       1041      0.440    10.4593   3.251179     0.3479     2.3380     1.0612      0.436      0.436    28.9860    266.611     91.883 -9.990e-29
       1042      0.435    10.4601   3.251188     0.3479     2.3397     1.0601      0.431      0.431    28.9855    267.958     92.348 -9.990e-29
       1043      0.431    10.4628   3.251164     0.3480     2.3418     1.0590      0.427      0.427    28.9831    269.366     92.837 -9.990e-29
       1044      0.425    10.4654   3.251155     0.3479     2.3444     1.0577      0.421      0.421    28.9810    270.854     93.354 -9.990e-29
       1045      0.419    10.4684   3.251184     0.3479     2.3473     1.0564      0.415      0.415    28.9789    272.382     93.886 -9.990e-29
       1046      0.414    10.4724   3.251170     0.3478     2.3506     1.0549      0.410      0.410    28.9755    273.954     94.434 -9.990e-29
       1047      0.409    10.4758   3.251228     0.3477     2.3542     1.0533      0.405      0.405    28.9734    275.556     94.992 -9.990e-29
       1048      0.404    10.4777   3.251257     0.3476     2.3581     1.0516      0.400      0.400    28.9722    277.184     95.556 -9.990e-29
       1049      0.398    10.4780   3.251258     0.3474     2.3622     1.0498      0.394      0.394    28.9720    278.822     96.121 -9.990e-29
       1050      0.392    10.4772   3.251276     0.3472     2.3665     1.0479      0.388      0.388    28.9728    280.459     96.685 -9.990e-29
       1051      0.387    10.4763   3.251278     0.3469     2.3710     1.0458      0.383      0.383    28.9735    282.084     97.243 -9.990e-29
       1052      0.381    10.4757   3.251276     0.3465     2.3757     1.0436      0.378      0.377    28.9740    283.691     97.796 -9.990e-29
       1053      0.374    10.4712   3.251275     0.3460     2.3805     1.0412      0.370      0.371    28.9775    285.284     98.338 -9.990e-29
       1054      0.367    10.4667   3.251275     0.3455     2.3855     1.0386      0.364      0.364    28.9811    286.847     98.870 -9.990e-29
       1055      0.362    10.4625   3.251254     0.3448     2.3905     1.0359      0.358      0.359    28.9843    288.350     99.380 -9.990e-29
       1056      0.355    10.4587   3.251284     0.3441     2.3956     1.0330      0.352      0.352    28.9876    289.800     99.874 -9.990e-29
       1057      0.348    10.4577   3.251257     0.3433     2.4007     1.0301      0.344      0.345    28.9881    291.169    100.344 -9.990e-29
       1058      0.341    10.4587   3.251267     0.3425     2.4060     1.0274      0.338      0.338    28.9874    292.485    100.799 -9.990e-29
       1059      0.334    10.4597   3.251230     0.3417     2.4113     1.0251      0.331      0.331    28.9863    293.737    101.232 -9.990e-29
       1060      0.327    10.4613   3.251219     0.3410     2.4167     1.0231      0.324      0.324    28.9849    294.932    101.647 -9.990e-29
       1061      0.321    10.4618   3.251198     0.3404     2.4222     1.0214      0.318      0.318    28.9843    296.084    102.044 -9.990e-29
       1062      0.314    10.4607   3.251170     0.3397     2.4276     1.0200      0.311      0.311    28.9849    297.170    102.417 -9.990e-29
       1063      0.308    10.4587   3.251151     0.3392     2.4330     1.0189      0.305      0.305    28.9863    298.204    102.769 -9.990e-29
       1064      0.303    10.4551   3.251138     0.3386     2.4384     1.0180      0.300      0.300    28.9890    299.191    103.103 -9.990e-29
       1065      0.298    10.4503   3.251079     0.3381     2.4438     1.0173      0.295      0.295    28.9923    300.131    103.418 -9.990e-29
       1066      0.293    10.4456   3.251085     0.3376     2.4492     1.0169      0.290      0.290    28.9961    301.018    103.716 -9.990e-29
       1067      0.288    10.4427   3.251022     0.3371     2.4545     1.0167      0.285      0.285    28.9978    301.832    103.991 -9.990e-29
       1068      0.285    10.4392   3.251015     0.3367     2.4598     1.0167      0.282      0.282    29.0005    302.605    104.251 -9.990e-29
       1069      0.283    10.4376   3.251009     0.3363     2.4650     1.0169      0.280      0.280    29.0017    303.312    104.492 -9.990e-29
       1070      0.280    10.4379   3.250976     0.3359     2.4702     1.0174      0.277      0.277    29.0011    303.972    104.720 -9.990e-29
       1071      0.276    10.4376   3.250975     0.3355     2.4754     1.0181      0.274      0.273    29.0014    304.601    104.936 -9.990e-29
       1072      0.271    10.4364   3.250993     0.3351     2.4804     1.0191      0.268      0.268    29.0025    305.178    105.133 -9.990e-29
       1073      0.267    10.4354   3.251008     0.3348     2.4855     1.0204      0.265      0.265    29.0034    305.741    105.325 -9.990e-29
       1074      0.264    10.4333   3.251063     0.3344     2.4904     1.0220      0.261      0.262    29.0056    306.257    105.499 -9.990e-29
       1075      0.259    10.4318   3.251189     0.3340     2.4953     1.0239      0.257      0.257    29.0081    306.744    105.665 -9.990e-29
       1076      0.255    10.4314   3.251296     0.3336     2.5002     1.0261      0.253      0.253    29.0095    307.204    105.824 -9.990e-29
       1077      0.253    10.4314   3.251537     0.3332     2.5049     1.0287      0.251      0.251    29.0118    307.613    105.966 -9.990e-29
       1078      0.251    10.4308   3.251678     0.3327     2.5094     1.0316      0.249      0.249    29.0137    307.984    106.094 -9.990e-29
       1079      0.248    10.4305   3.251923     0.3322     2.5139     1.0348      0.246      0.246    29.0164    308.339    106.217 -9.990e-29
       1080      0.245    10.4299   3.252150     0.3317     2.5184     1.0385      0.243      0.243    29.0191    308.684    106.337 -9.990e-29
       1081      0.242    10.4298   3.252424     0.3312     2.5228     1.0425      0.240      0.240    29.0219    309.001    106.447 -9.990e-29
       1082      0.240    10.4295   3.252715     0.3306     2.5272     1.0468      0.238      0.238    29.0250    309.308    106.554 -9.990e-29
       1083      0.238    10.4298   3.252969     0.3301     2.5315     1.0511      0.236      0.236    29.0273    309.588    106.653 -9.990e-29
       1084      0.237    10.4290   3.253292     0.3296     2.5358     1.0551      0.235      0.235    29.0311    309.867    106.750 -9.990e-29
       1085      0.235    10.4289   3.253515     0.3291     2.5400     1.0588      0.233      0.233    29.0334    310.121    106.839 -9.990e-29
       1086      0.234    10.4279   3.253735     0.3287     2.5442     1.0621      0.232      0.232    29.0364    310.378    106.927 -9.990e-29
       1087      0.232    10.4274   3.253991     0.3284     2.5484     1.0652      0.230      0.230    29.0393    310.625    107.013 -9.990e-29
       1088      0.230    10.4266   3.254205     0.3281     2.5525     1.0679      0.228      0.228    29.0420    310.857    107.093 -9.990e-29
       1089      0.227    10.4261   3.254439     0.3278     2.5565     1.0705      0.225      0.225    29.0447    311.067    107.166 -9.990e-29
       1090      0.224    10.4266   3.254692     0.3276     2.5606     1.0728      0.222      0.222    29.0468    311.282    107.243 -9.990e-29
       1091      0.221    10.4269   3.254923     0.3275     2.5647     1.0749      0.219      0.219    29.0489    311.495    107.318 -9.990e-29
       1092      0.218    10.4272   3.255170     0.3275     2.5687     1.0769      0.217      0.216    29.0511    311.688    107.387 -9.990e-29
       1093      0.216    10.4274   3.255400     0.3276     2.5727     1.0786      0.214      0.214    29.0532    311.879    107.455 -9.990e-29
       1094      0.214    10.4277   3.255625     0.3277     2.5767     1.0803      0.212      0.212    29.0552    312.067    107.522 -9.990e-29
       1095      0.212    10.4274   3.255847     0.3280     2.5804     1.0818      0.210      0.210    29.0576    312.215    107.574 -9.990e-29
       1096      0.210    10.4276   3.256049     0.3283     2.5841     1.0832      0.208      0.208    29.0595    312.360    107.625 -9.990e-29
       1097      0.208    10.4274   3.256306     0.3287     2.5877     1.0844      0.206      0.206    29.0622    312.490    107.671 -9.990e-29
       1098      0.206    10.4270   3.256500     0.3292     2.5912     1.0856      0.204      0.204    29.0644    312.607    107.712 -9.990e-29
       1099      0.205    10.4270   3.256746     0.3298     2.5946     1.0866      0.203      0.203    29.0668    312.704    107.747 -9.990e-29
       1100      0.203    10.4266   3.257025     0.3305     2.5980     1.0876      0.201      0.201    29.0699    312.801    107.782 -9.990e-29
       1101      0.202    10.4248   3.257264     0.3313     2.6013     1.0884      0.200      0.200    29.0737    312.894    107.812 -9.990e-29
       1102      0.201    10.4215   3.257487     0.3321     2.6046     1.0892      0.199      0.199    29.0785    312.997    107.843 -9.990e-29
       1103      0.199    10.4188   3.257673     0.3330     2.6078     1.0899      0.197      0.197    29.0825    313.080    107.869 -9.990e-29
       1104      0.198    10.4167   3.257951     0.3339     2.6111     1.0905      0.196      0.196    29.0870    313.171    107.898 -9.990e-29
       1105      0.198    10.4160   3.258143     0.3349     2.6142     1.0911      0.196      0.196    29.0894    313.226    107.917 -9.990e-29
       1106      0.197    10.4149   3.258398     0.3361     2.6172     1.0916      0.195      0.195    29.0928    313.269    107.932 -9.990e-29
       1107      0.196    10.4139   3.258584     0.3374     2.6201     1.0921      0.194      0.194    29.0955    313.301    107.942 -9.990e-29
       1108      0.197    10.4122   3.258841     0.3386     2.6229     1.0925      0.195      0.195    29.0993    313.323    107.948 -9.990e-29
       1109      0.197    10.4109   3.260022     0.3399     2.6256     1.0929      0.195      0.195    29.1121    313.312    107.950 -9.990e-29
       1110      0.198    10.4106   3.258315     0.3410     2.6283     1.0933      0.196      0.196    29.0954    313.353    107.952 -9.990e-29
       1111      0.199    10.4104   3.262838     0.3420     2.6309     1.0938      0.197      0.197    29.1403    313.258    107.950 -9.990e-29
