Data/CTD_06_avg.cnv
* Sea-Bird SBE 9 Data File:
* FileName = C:\Users\ctd-user\Desktop\CTD_data\OC4920\CTD_06.hex
* Software Version Seasave V 7.26.2.13
* Temperature SN = 6313
* Conductivity SN = 4758
* Number of Bytes Per Scan = 28
* Number of Voltage Words = 3
* Number of Scans Averaged by the Deck Unit = 1
* NMEA Latitude = 57 55.90 N
* NMEA Longitude = 010 46.96 E
* NMEA UTC (Time) = May 07 2025 09:15:41
** Station: test
** Operator: Operator 1
** Ship: 7720 Skagerak
** Cruise: 7720-2025-01
** Latitude [GG MM.mm N]:
** Longitude [GG MM.mm E]:
** Pumps: PrimaryPump: 1820 # SecondaryPump:
** EventIDs: EventID: 3decf26d-821b-4112-8042-a2c98b568458 # ParentEventID:
** Additional Sampling:
** Metadata admin: MPROG: Other # PROJ: Other # ORDERER: GU # SLABO: GU # ALABO: GU # REFSK: ingen
** Metadata conditions: WADEP: 10 # WINSP: 1 # WINDIR: 02 # AIRPRES: 1000 # AIRTEMP: 1 # WEATH: 9 # CLOUD: 9 # WAVES: 9 # ICEOB: 9 # COMNT_VISIT:
** LIMS Job:
# nquan = 13
# nvalues = 330                         
# units = specified
# name 0 = scan: Scan Count
# name 1 = prDM: Pressure, Digiquartz [db]
# name 2 = t090C: Temperature [ITS-90, deg C]
# name 3 = c0S/m: Conductivity [S/m]
# name 4 = flECO-AFL: Fluorescence, WET Labs ECO-AFL/FL [mg/m^3]
# name 5 = sbeox0V: Oxygen raw, SBE 43 [V]
# name 6 = turbWETntu0: Turbidity, WET Labs ECO [NTU]
# name 7 = depSM: Depth [salt water, m]
# name 8 = depSM: Depth [salt water, m], lat = 57.9317
# name 9 = sal00: Salinity, Practical [PSU]
# name 10 = sbeox0Mm/L: Oxygen, SBE 43 [umol/l], WS = 2
# name 11 = sbeox0PS: Oxygen, SBE 43 [% saturation], WS = 2
# name 12 = flag: flag
# span 0 =       2111,      11756       
# span 1 =      0.505,    166.610       
# span 2 =     7.7868,    10.4020       
# span 3 =   3.225845,   3.669815       
# span 4 =    -0.0472,     4.0616       
# span 5 =     2.5074,     2.8236       
# span 6 =     0.1648,     0.3507       
# span 7 =      0.500,    165.000       
# span 8 =      0.500,    165.000       
# span 9 =    28.8126,    35.2697       
# span 10 =    292.714,    329.812      
# span 11 =     99.212,    113.313      
# span 12 = 0.0000e+00, 0.0000e+00      
# interval = meters: 0.5                
# start_time = May 07 2025 09:15:41 [NMEA time, header]
# bad_flag = -9.990e-29
*END*
[from data line 223]
       7252    113.078     7.8360   3.630023    -0.0325     2.5258     0.2383    112.000    112.000    35.2048    294.110     99.550 0.0000e+00
       7274    113.583     7.8297   3.629572    -0.0324     2.5267     0.2391    112.500    112.500    35.2060    294.596     99.702 0.0000e+00
       7296    114.088     7.8254   3.628920    -0.0324     2.5280     0.2440    113.000    113.000    35.2030    295.001     99.827 0.0000e+00
       7318    114.593     7.8197   3.628555    -0.0324     2.5299     0.2482    113.500    113.500    35.2046    295.317     99.922 0.0000e+00
       7339    115.098     7.8139   3.627792    -0.0325     2.5312     0.2492    114.000    114.000    35.2019    295.284     99.896 0.0000e+00
       7362    115.603     7.8105   3.627364    -0.0329     2.5311     0.2486    114.500    114.500    35.2005    294.816     99.729 0.0000e+00
       7388    116.108     7.8083   3.627093    -0.0366     2.5289     0.2458    115.000    115.000    35.1996    294.067     99.470 0.0000e+00
       7414    116.613     7.8077   3.626957    -0.0412     2.5259     0.2427    115.500    115.500    35.1985    293.609     99.314 0.0000e+00
       7435    117.118     7.8093   3.626990    -0.0369     2.5236     0.2477    116.000    116.000    35.1969    293.576     99.305 0.0000e+00
       7457    117.623     7.8131   3.627362    -0.0411     2.5227     0.2475    116.500    116.500    35.1969    293.904     99.424 0.0000e+00
       7484    118.128     7.8144   3.627740    -0.0352     2.5238     0.2393    117.000    117.000    35.1994    294.531     99.641 0.0000e+00
       7511    118.632     7.8178   3.627870    -0.0325     2.5257     0.2319    117.500    117.500    35.1971    294.792     99.736 0.0000e+00
       7533    119.137     7.8306   3.628897    -0.0324     2.5268     0.2314    118.000    118.000    35.1950    294.834     99.777 0.0000e+00
       7549    119.642     7.8338   3.629928    -0.0324     2.5277     0.2347    118.500    118.500    35.2027    294.914     99.816 0.0000e+00
       7567    120.147     7.8380   3.630298    -0.0324     2.5284     0.2371    119.000    119.000    35.2022    295.040     99.868 0.0000e+00
       7590    120.652     7.8417   3.630736    -0.0324     2.5295     0.2356    119.500    119.500    35.2030    294.941     99.843 0.0000e+00
       7625    121.157     7.8443   3.631223    -0.0324     2.5294     0.2298    120.000    120.000    35.2053    294.740     99.783 0.0000e+00
       7654    121.662     7.8462   3.631494    -0.0324     2.5286     0.2301    120.500    120.500    35.2061    294.214     99.610 0.0000e+00
       7675    122.167     7.8462   3.631704    -0.0324     2.5265     0.2303    121.000    121.000    35.2081    293.872     99.495 0.0000e+00
       7692    122.672     7.8447   3.631617    -0.0324     2.5256     0.2327    121.500    121.500    35.2084    294.174     99.594 0.0000e+00
       7710    123.177     7.8433   3.631497    -0.0324     2.5259     0.2370    122.000    122.000    35.2083    294.638     99.748 0.0000e+00
       7730    123.682     7.8420   3.631326    -0.0324     2.5271     0.2385    122.500    122.500    35.2075    294.944     99.848 0.0000e+00
       7755    124.187     7.8420   3.631287    -0.0324     2.5280     0.2390    123.000    123.000    35.2068    294.829     99.809 0.0000e+00
       7783    124.692     7.8424   3.631323    -0.0324     2.5281     0.2440    123.500    123.500    35.2066    294.898     99.833 0.0000e+00
       7810    125.197     7.8540   3.631917    -0.0324     2.5291     0.2403    124.000    124.000    35.2010    295.150     99.941 0.0000e+00
       7836    125.702     7.8575   3.633073    -0.0324     2.5299     0.2348    124.500    124.500    35.2097    294.988     99.900 0.0000e+00
       7858    126.207     7.8603   3.633293    -0.0324     2.5298     0.2361    125.000    125.000    35.2091    295.080     99.937 0.0000e+00
       7877    126.712     7.8629   3.633655    -0.0325     2.5306     0.2419    125.500    125.500    35.2101    295.214     99.988 0.0000e+00
       7895    127.217     7.8635   3.633861    -0.0327     2.5307     0.2476    126.000    126.000    35.2114    295.013     99.923 0.0000e+00
       7917    127.722     7.8635   3.633917    -0.0347     2.5299     0.2492    126.500    126.500    35.2119    294.292     99.678 0.0000e+00
       7946    128.227     7.8634   3.633911    -0.0407     2.5258     0.2474    127.000    127.000    35.2116    293.726     99.486 0.0000e+00
       7975    128.732     7.8633   3.633939    -0.0347     2.5240     0.2406    127.500    127.500    35.2118    293.831     99.522 0.0000e+00
       7998    129.237     7.8635   3.633962    -0.0361     2.5233     0.2393    128.000    128.000    35.2116    294.106     99.616 0.0000e+00
       8018    129.742     7.8646   3.634043    -0.0417     2.5239     0.2406    128.500    128.500    35.2110    294.334     99.695 0.0000e+00
       8037    130.247     7.8683   3.634317    -0.0374     2.5242     0.2459    129.000    129.000    35.2101    294.258     99.676 0.0000e+00
       8058    130.752     7.8708   3.634754    -0.0334     2.5243     0.2521    129.500    129.500    35.2120    294.357     99.717 0.0000e+00
       8081    131.257     7.8729   3.635081    -0.0326     2.5248     0.2531    130.000    130.000    35.2132    294.317     99.709 0.0000e+00
       8106    131.762     7.8733   3.635206    -0.0325     2.5244     0.2502    130.500    130.500    35.2138    294.185     99.666 0.0000e+00
       8133    132.267     7.8731   3.635243    -0.0333     2.5247     0.2492    131.000    131.000    35.2142    294.609     99.809 0.0000e+00
       8158    132.772     7.8732   3.635267    -0.0394     2.5260     0.2452    131.500    131.500    35.2141    294.763     99.861 0.0000e+00
       8183    133.277     7.8734   3.635299    -0.0471     2.5265     0.2408    132.000    132.000    35.2140    294.730     99.851 0.0000e+00
       8206    133.782     7.8738   3.635345    -0.0465     2.5268     0.2423    132.500    132.500    35.2139    294.806     99.877 0.0000e+00
       8225    134.287     7.8742   3.635425    -0.0441     2.5273     0.2491    133.000    133.000    35.2141    295.066     99.966 0.0000e+00
       8244    134.792     7.8751   3.635508    -0.0368     2.5284     0.2535    133.500    133.500    35.2138    295.099     99.979 0.0000e+00
       8265    135.297     7.8757   3.635625    -0.0343     2.5281     0.2525    134.000    134.000    35.2142    294.693     99.843 0.0000e+00
       8293    135.802     7.8760   3.635690    -0.0401     2.5269     0.2526    134.500    134.500    35.2144    294.611     99.816 0.0000e+00
       8322    136.307     7.8760   3.635733    -0.0369     2.5270     0.2513    135.000    135.000    35.2146    294.852     99.898 0.0000e+00
       8346    136.812     7.8761   3.635774    -0.0330     2.5272     0.2513    135.500    135.500    35.2147    294.856     99.899 0.0000e+00
       8366    137.317     7.8761   3.635804    -0.0325     2.5271     0.2529    136.000    136.000    35.2147    294.795     99.879 0.0000e+00
       8386    137.822     7.8762   3.635833    -0.0324     2.5269     0.2541    136.500    136.500    35.2147    294.701     99.848 0.0000e+00
       8406    138.327     7.8762   3.635862    -0.0324     2.5264     0.2545    137.000    137.000    35.2147    294.537     99.792 0.0000e+00
       8431    138.832     7.8765   3.635885    -0.0324     2.5254     0.2548    137.500    137.500    35.2145    294.492     99.777 0.0000e+00
       8461    139.337     7.8766   3.635930    -0.0323     2.5258     0.2534    138.000    138.000    35.2146    295.018     99.956 0.0000e+00
       8487    139.842     7.8768   3.635967    -0.0317     2.5271     0.2520    138.500    138.500    35.2146    295.058     99.970 0.0000e+00
       8506    140.347     7.8773   3.636049    -0.0289     2.5268     0.2554    139.000    139.000    35.2147    294.768     99.873 0.0000e+00
       8524    140.852     7.8778   3.636128    -0.0218     2.5264     0.2603    139.500    139.500    35.2148    294.632     99.828 0.0000e+00
       8544    141.357     7.8782   3.636226    -0.0248     2.5255     0.2626    140.000    140.000    35.2152    294.298     99.716 0.0000e+00
       8570    141.862     7.8787   3.636295    -0.0310     2.5237     0.2631    140.500    140.500    35.2152    294.106     99.652 0.0000e+00
       8599    142.367     7.8806   3.636434    -0.0337     2.5225     0.2564    141.000    141.000    35.2145    294.183     99.682 0.0000e+00
       8625    142.872     7.8823   3.636704    -0.0413     2.5222     0.2547    141.500    141.500    35.2155    294.312     99.730 0.0000e+00
       8646    143.377     7.8829   3.636937    -0.0403     2.5229     0.2554    142.000    142.000    35.2171    294.802     99.898 0.0000e+00
       8667    143.882     7.8794   3.636797    -0.0397     2.5243     0.2539    142.500    142.500    35.2189    295.043     99.973 0.0000e+00
       8690    144.387     7.8781   3.636514    -0.0416     2.5253     0.2547    143.000    143.000    35.2169    294.996     99.953 0.0000e+00
       8714    144.892     7.8785   3.636475    -0.0344     2.5254     0.2577    143.500    143.500    35.2158    294.673     99.844 0.0000e+00
       8736    145.397     7.8817   3.636654    -0.0331     2.5242     0.2517    144.000    144.000    35.2143    294.536     99.804 0.0000e+00
       8756    145.902     7.8806   3.637091    -0.0348     2.5246     0.2501    144.500    144.500    35.2199    294.866     99.917 0.0000e+00
       8779    146.407     7.8771   3.636541    -0.0418     2.5246     0.2495    145.000    145.000    35.2173    294.646     99.833 0.0000e+00
       8808    146.912     7.8772   3.636586    -0.0364     2.5234     0.2499    145.500    145.500    35.2174    294.246     99.697 0.0000e+00
       8836    147.417     7.8759   3.636447    -0.0327     2.5213     0.2498    146.000    146.000    35.2169    293.997     99.610 0.0000e+00
       8858    147.923     7.8768   3.636541    -0.0324     2.5207     0.2504    146.500    146.500    35.2167    294.136     99.659 0.0000e+00
       8877    148.427     7.8771   3.636619    -0.0324     2.5203     0.2528    147.000    147.000    35.2171    294.080     99.641 0.0000e+00
       8896    148.933     7.8771   3.636668    -0.0324     2.5198     0.2543    147.500    147.500    35.2173    294.021     99.621 0.0000e+00
       8918    149.438     7.8764   3.636638    -0.0324     2.5194     0.2527    148.000    148.000    35.2175    294.224     99.688 0.0000e+00
       8947    149.943     7.8713   3.636349    -0.0324     2.5202     0.2492    148.500    148.500    35.2193    294.499     99.771 0.0000e+00
       8973    150.448     7.8815   3.636409    -0.0325     2.5207     0.2501    149.000    149.000    35.2094    294.657     99.841 0.0000e+00
       8995    150.953     7.8903   3.638124    -0.0330     2.5221     0.2510    149.500    149.500    35.2188    294.764     99.903 0.0000e+00
       9016    151.458     7.8896   3.638451    -0.0358     2.5221     0.2523    150.000    150.000    35.2228    294.431     99.791 0.0000e+00
       9037    151.963     7.8889   3.638335    -0.0426     2.5217     0.2565    150.500    150.500    35.2219    294.452     99.797 0.0000e+00
       9057    152.468     7.8927   3.638518    -0.0374     2.5217     0.2610    151.000    151.000    35.2198    294.491     99.817 0.0000e+00
       9079    152.973     7.8933   3.638875    -0.0333     2.5216     0.2618    151.500    151.500    35.2229    294.480     99.816 0.0000e+00
       9108    153.478     7.8932   3.638881    -0.0327     2.5220     0.2591    152.000    152.000    35.2227    294.630     99.867 0.0000e+00
       9140    153.983     7.8930   3.638901    -0.0350     2.5213     0.2622    152.500    152.500    35.2229    294.097     99.686 0.0000e+00
       9163    154.488     7.8932   3.638941    -0.0438     2.5198     0.2653    153.000    153.000    35.2229    293.933     99.631 0.0000e+00
       9182    154.993     7.8933   3.638997    -0.0472     2.5190     0.2680    153.500    153.500    35.2231    294.298     99.755 0.0000e+00
       9199    155.498     7.8934   3.639019    -0.0428     2.5203     0.2706    154.000    154.000    35.2231    295.034    100.004 0.0000e+00
       9218    156.003     7.8934   3.639044    -0.0355     2.5224     0.2714    154.500    154.500    35.2231    295.349    100.111 0.0000e+00
       9240    156.508     7.8925   3.639026    -0.0332     2.5238     0.2714    155.000    155.000    35.2235    295.185    100.054 0.0000e+00
       9268    157.013     7.8924   3.638974    -0.0353     2.5230     0.2656    155.500    155.500    35.2229    294.064     99.673 0.0000e+00
       9298    157.518     7.8922   3.638997    -0.0429     2.5175     0.2642    156.000    156.000    35.2230    292.886     99.273 0.0000e+00
       9324    158.023     7.8924   3.639012    -0.0384     2.5142     0.2663    156.500    156.500    35.2227    293.174     99.371 0.0000e+00
       9345    158.528     7.8919   3.639067    -0.0425     2.5142     0.2732    157.000    157.000    35.2235    293.710     99.553 0.0000e+00
       9366    159.033     7.8912   3.639000    -0.0365     2.5144     0.2831    157.500    157.500    35.2233    293.694     99.545 0.0000e+00
       9386    159.539     7.8914   3.638985    -0.0332     2.5142     0.2874    158.000    158.000    35.2227    293.551     99.497 0.0000e+00
       9406    160.044     7.8911   3.639011    -0.0326     2.5138     0.2884    158.500    158.500    35.2230    293.618     99.519 0.0000e+00
       9429    160.549     7.8910   3.639003    -0.0325     2.5141     0.2854    159.000    159.000    35.2228    293.688     99.543 0.0000e+00
       9456    161.054     7.8904   3.638969    -0.0331     2.5137     0.2809    159.500    159.500    35.2228    293.629     99.521 0.0000e+00
       9482    161.559     7.8903   3.638971    -0.0379     2.5141     0.2759    160.000    160.000    35.2227    294.019     99.653 0.0000e+00
       9505    162.064     7.8903   3.638982    -0.0412     2.5154     0.2719    160.500    160.500    35.2225    294.215     99.720 0.0000e+00
       9527    162.569     7.8908   3.639029    -0.0351     2.5157     0.2798    161.000    161.000    35.2223    293.938     99.627 0.0000e+00
       9551    163.074     7.8912   3.639082    -0.0364     2.5150     0.2854    161.500    161.500    35.2222    293.691     99.544 0.0000e+00
       9577    163.579     7.8913   3.639167    -0.0425     2.5137     0.2833    162.000    162.000    35.2228    293.383     99.440 0.0000e+00
       9600    164.084     7.8908   3.639183    -0.0354     2.5126     0.2852    162.500    162.500    35.2232    293.075     99.335 0.0000e+00
       9619    164.589     7.8909   3.639177    -0.0329     2.5105     0.2977    163.000    163.000    35.2228    292.714     99.212 0.0000e+00
       9639    165.094     7.8908   3.639218    -0.0324     2.5092     0.3257    163.500    163.500    35.2231    292.763     99.229 0.0000e+00
       9663    165.599     7.8907   3.639224    -0.0313     2.5083     0.3507    164.000    164.000    35.2230    292.911     99.279 0.0000e+00
       9740    166.105     7.8910   3.639262    -0.0302     2.5074     0.3435    164.500    164.500    35.2228    292.877     99.268 0.0000e+00
      11756    166.610     7.8905   3.639244    -0.0282     2.5086     0.3318    165.000    165.000    35.2229    293.163     99.364 0.0000e+00
