Data/CTD_05_avg.cnv
* Sea-Bird SBE 9 Data File:
* FileName = C:\Users\ctd-user\Desktop\CTD_data\OC4920\CTD_05.hex
* Software Version Seasave V 7.26.2.13
* Temperature SN = 6313
* Conductivity SN = 4758
* Number of Bytes Per Scan = 28
* Number of Voltage Words = 3
* Number of Scans Averaged by the Deck Unit = 1
* NMEA Latitude = 57 56.89 N
* NMEA Longitude = 010 47.07 E
* NMEA UTC (Time) = May 07 2025 08:44:53
** Station: test
** Operator: Operator 1
** Ship: 7720 Skagerak
** Cruise: 7720-2025-01
** Latitude [GG MM.mm N]:
** Longitude [GG MM.mm E]:
** Pumps: PrimaryPump: 1820 # SecondaryPump:
** EventIDs: EventID: 3decf26d-821b-4112-8042-a2c98b568458 # ParentEventID:
** Additional Sampling:
** Metadata admin: MPROG: Other # PROJ: Other # ORDERER: GU # SLABO: GU # ALABO: GU # REFSK: ingen
** Metadata conditions: WADEP: 10 # WINSP: 1 # WINDIR: 02 # AIRPRES: 1000 # AIRTEMP: 1 # WEATH: 9 # CLOUD: 9 # WAVES: 9 # ICEOB: 9 # COMNT_VISIT:
** LIMS Job:
# nquan = 13
# nvalues = 351                         
# units = specified
# name 0 = scan: Scan Count
# name 1 = prDM: Pressure, Digiquartz [db]
# name 2 = t090C: Temperature [ITS-90, deg C]
# name 3 = c0S/m: Conductivity [S/m]
# name 4 = flECO-AFL: Fluorescence, WET Labs ECO-AFL/FL [mg/m^3]
# name 5 = sbeox0V: Oxygen raw, SBE 43 [V]
# name 6 = turbWETntu0: Turbidity, WET Labs ECO [NTU]
# name 7 = depSM: Depth [salt water, m]
# name 8 = depSM: Depth [salt water, m], lat = 57.9482
# name 9 = sal00: Salinity, Practical [PSU]
# name 10 = sbeox0Mm/L: Oxygen, SBE 43 [umol/l], WS = 2
# name 11 = sbeox0PS: Oxygen, SBE 43 [% saturation], WS = 2
# name 12 = flag: flag
# span 0 =       1292,       9991       
# span 1 =      0.505,    177.217       
# span 2 =     7.7690,    10.4701       
# span 3 =   3.254100,   3.670043       
# span 4 =    -0.0505,     2.4274       
# span 5 =     2.4992,     2.7288       
# span 6 =     0.1579,     1.0532       
# span 7 =      0.500,    175.500       
# span 8 =      0.500,    175.500       
# span 9 =    29.0598,    35.2851       
# span 10 =    291.864,    312.692      
# span 11 =     98.917,    107.720      
# span 12 = 0.0000e+00, 0.0000e+00      
# interval = meters: 0.5                
# start_time = May 07 2025 08:44:53 [NMEA time, header]
# bad_flag = -9.990e-29
*END*
[from data line 334]
       9200    169.135     7.8826   3.638613    -0.0360     2.5071     0.3252    167.500    167.500    35.2229    293.178     99.351 0.0000e+00
       9222    169.640     7.8842   3.638597    -0.0330     2.5073     0.3334    168.000    168.000    35.2208    292.851     99.242 0.0000e+00
       9241    170.145     7.8846   3.638819    -0.0326     2.5058     0.3382    168.500    168.500    35.2225    292.204     99.025 0.0000e+00
       9260    170.651     7.8851   3.638864    -0.0330     2.5035     0.3438    169.000    169.000    35.2223    291.930     98.933 0.0000e+00
       9284    171.156     7.8849   3.638903    -0.0368     2.5018     0.3498    169.500    169.500    35.2227    291.933     98.934 0.0000e+00
       9312    171.661     7.8847   3.638912    -0.0406     2.5008     0.3491    170.000    170.000    35.2227    292.185     99.019 0.0000e+00
       9336    172.166     7.8848   3.638916    -0.0341     2.5010     0.3509    170.500    170.500    35.2224    292.275     99.050 0.0000e+00
       9356    172.671     7.8852   3.638982    -0.0328     2.5010     0.3548    171.000    171.000    35.2225    292.100     98.991 0.0000e+00
       9376    173.176     7.8860   3.639062    -0.0327     2.4999     0.3567    171.500    171.500    35.2223    291.911     98.929 0.0000e+00
       9400    173.681     7.8866   3.639170    -0.0342     2.4997     0.3598    172.000    172.000    35.2226    292.136     99.007 0.0000e+00
       9429    174.186     7.8866   3.639229    -0.0412     2.5003     0.3584    172.500    172.500    35.2230    292.322     99.070 0.0000e+00
       9454    174.691     7.8860   3.639186    -0.0359     2.5001     0.3627    173.000    173.000    35.2229    292.187     99.023 0.0000e+00
       9474    175.196     7.8860   3.639209    -0.0330     2.5001     0.3664    173.500    173.500    35.2228    292.241     99.041 0.0000e+00
       9493    175.702     7.8862   3.639244    -0.0325     2.5001     0.3607    174.000    174.000    35.2228    292.270     99.051 0.0000e+00
       9513    176.207     7.8869   3.639264    -0.0324     2.5002     0.3549    174.500    174.500    35.2221    292.223     99.036 0.0000e+00
       9583    176.712     7.8886   3.639502    -0.0324     2.4999     0.3632    175.000    175.000    35.2227    292.218     99.039 0.0000e+00
       9991    177.217     7.8875   3.639414    -0.0434     2.4992     0.3498    175.500    175.500    35.2227    291.864     98.917 0.0000e+00
