Data/CTD_13.cnv
* Sea-Bird SBE 9 Data File:
* FileName = C:\Users\ctd-user\Desktop\CTD_data\OC4920\CTD_13.hex
* Software Version Seasave V 7.26.2.13
* Temperature SN = 6313
* Conductivity SN = 4758
* Number of Bytes Per Scan = 28
* Number of Voltage Words = 3
* Number of Scans Averaged by the Deck Unit = 1
* NMEA Latitude = 57 48.82 N
* NMEA Longitude = 010 46.28 E
* NMEA UTC (Time) = May 07 2025 12:13:01
** Station: test
** Operator: Operator 1
** Ship: 7720 Skagerak
** Cruise: 7720-2025-01
** Latitude [GG MM.mm N]:
** Longitude [GG MM.mm E]:
** Pumps: PrimaryPump: 1820 # SecondaryPump:
** EventIDs: EventID: 3decf26d-821b-4112-8042-a2c98b568458 # ParentEventID:
** Additional Sampling:
** Metadata admin: MPROG: Other # PROJ: Other # ORDERER: GU # SLABO: GU # ALABO: GU # REFSK: ingen
** Metadata conditions: WADEP: 10 # WINSP: 1 # WINDIR: 02 # AIRPRES: 1000 # AIRTEMP: 1 # WEATH: 9 # CLOUD: 9 # WAVES: 9 # ICEOB: 9 # COMNT_VISIT:
** LIMS Job:
# nquan = 13                                
# nvalues = 12669                       
# units = specified
# name 0 = scan: Scan Count
# name 1 = prDM: Pressure, Digiquartz [db]
# name 2 = t090C: Temperature [ITS-90, deg C]
# name 3 = c0S/m: Conductivity [S/m]
# name 4 = flECO-AFL: Fluorescence, WET Labs ECO-AFL/FL [mg/m^3]
# name 5 = sbeox0V: Oxygen raw, SBE 43 [V]
# name 6 = turbWETntu0: Turbidity, WET Labs ECO [NTU]
# name 7 = depSM: Depth [salt water, m]
# name 8 = depSM: Depth [salt water, m], lat = 57.8137
# name 9 = sal00: Salinity, Practical [PSU]
# name 10 = sbeox0Mm/L: Oxygen, SBE 43 [umol/l], WS = 2
# name 11 = sbeox0PS: Oxygen, SBE 43 [% saturation], WS = 2
# name 12 = flag: flag
# span 0 =          1,      12669       
# span 1 =     -1.542,     77.553       
# span 2 =     7.6595,    11.2821       
# span 3 =   0.024863,   3.656270       
# span 4 =    -0.4809,    48.2221       
# span 5 =     1.5563,     2.7554       
# span 6 =    -0.1078,     0.9491       
# span 7 =     -1.528,     76.821       
# span 8 =     -1.528,     76.821       
# span 9 =     0.1692,    35.2228       
# span 10 =    180.787,    315.028      
# span 11 =     50.751,    109.131      
# span 12 = 0.0000e+00, 0.0000e+00      
# interval = seconds: 0.0416667
# start_time = May 07 2025 12:13:01 [NMEA time, header]
# bad_flag = -9.990e-29
*END*
[from data line 1334]
       1335     -1.488     9.5105   0.025337    -0.0795     1.5604     0.2621     -1.474     -1.474     0.1727    182.786     51.276 -9.990e-29
       1336     -1.488     9.5104   0.025348    -0.0794     1.5604     0.2618     -1.475     -1.474     0.1727    182.785     51.275 -9.990e-29
       1337     -1.488     9.5105   0.025345    -0.0792     1.5604     0.2616     -1.474     -1.474     0.1727    182.782     51.275 -9.990e-29
       1338     -1.487     9.5105   0.025343    -0.0791     1.5605     0.2614     -1.474     -1.473     0.1727    182.795     51.278 -9.990e-29
       1339     -1.488     9.5104   0.025354    -0.0788     1.5605     0.2612     -1.474     -1.474     0.1728    182.790     51.277 -9.990e-29
       1340     -1.488     9.5104   0.025348    -0.0785     1.5606     0.2610     -1.474     -1.474     0.1727    182.803     51.281 -9.990e-29
       1341     -1.487     9.5104   0.025355    -0.0782     1.5606     0.2607     -1.474     -1.473     0.1728    182.800     51.280 -9.990e-29
       1342     -1.486     9.5102   0.025365    -0.0777     1.5605     0.2605     -1.473     -1.472     0.1729    182.781     51.274 -9.990e-29
       1343     -1.486     9.5102   0.025359    -0.0772     1.5605     0.2603     -1.473     -1.472     0.1728    182.778     51.273 -9.990e-29
       1344     -1.487     9.5102   0.025365    -0.0767     1.5605     0.2600     -1.474     -1.473     0.1729    182.774     51.272 -9.990e-29
       1345     -1.488     9.5102   0.025368    -0.0761     1.5605     0.2597     -1.475     -1.474     0.1729    182.770     51.271 -9.990e-29
       1346     -1.488     9.5102   0.025369    -0.0755     1.5605     0.2594     -1.475     -1.474     0.1729    182.765     51.270 -9.990e-29
       1347     -1.489     9.5102   0.025358    -0.0749     1.5604     0.2591     -1.476     -1.475     0.1728    182.742     51.263 -9.990e-29
       1348     -1.489     9.5101   0.025363    -0.0744     1.5604     0.2589     -1.476     -1.475     0.1728    182.739     51.262 -9.990e-29
       1349     -1.488     9.5102   0.025383    -0.0740     1.5603     0.2587     -1.475     -1.474     0.1730    182.715     51.256 -9.990e-29
       1350     -1.487     9.5099   0.025376    -0.0735     1.5603     0.2585     -1.474     -1.473     0.1729    182.713     51.255 -9.990e-29
       1351     -1.488     9.5100   0.025369    -0.0731     1.5603     0.2584     -1.475     -1.474     0.1729    182.706     51.253 -9.990e-29
       1352     -1.489     9.5099   0.025377    -0.0728     1.5603     0.2583     -1.475     -1.475     0.1729    182.700     51.251 -9.990e-29
       1353     -1.488     9.5099   0.025366    -0.0724     1.5603     0.2582     -1.475     -1.474     0.1729    182.696     51.250 -9.990e-29
       1354     -1.488     9.5099   0.025372    -0.0721     1.5603     0.2581     -1.475     -1.474     0.1729    182.692     51.249 -9.990e-29
       1355     -1.489     9.5097   0.025379    -0.0718     1.5603     0.2580     -1.476     -1.475     0.1730    182.687     51.247 -9.990e-29
       1356     -1.490     9.5097   0.025372    -0.0715     1.5603     0.2579     -1.476     -1.476     0.1729    182.680     51.245 -9.990e-29
       1357     -1.490     9.5097   0.025372    -0.0712     1.5604     0.2578     -1.476     -1.476     0.1729    182.694     51.249 -9.990e-29
       1358     -1.488     9.5099   0.025370    -0.0710     1.5605     0.2577     -1.475     -1.474     0.1729    182.708     51.253 -9.990e-29
       1359     -1.488     9.5097   0.025377    -0.0708     1.5605     0.2576     -1.474     -1.474     0.1729    182.707     51.253 -9.990e-29
       1360     -1.488     9.5099   0.025395    -0.0705     1.5606     0.2576     -1.475     -1.474     0.1731    182.722     51.257 -9.990e-29
       1361     -1.489     9.5095   0.025386    -0.0703     1.5606     0.2575     -1.476     -1.475     0.1730    182.724     51.257 -9.990e-29
       1362     -1.490     9.5095   0.025374    -0.0701     1.5606     0.2576     -1.477     -1.476     0.1729    182.725     51.258 -9.990e-29
       1363     -1.492     9.5095   0.025383    -0.0699     1.5606     0.2576     -1.478     -1.478     0.1730    182.727     51.258 -9.990e-29
       1364     -1.493     9.5094   0.025405    -0.0698     1.5607     0.2577     -1.479     -1.479     0.1731    182.746     51.263 -9.990e-29
       1365     -1.493     9.5095   0.025394    -0.0697     1.5608     0.2578     -1.479     -1.479     0.1731    182.766     51.269 -9.990e-29
       1366     -1.492     9.5094   0.025405    -0.0697     1.5609     0.2579     -1.479     -1.478     0.1731    182.788     51.275 -9.990e-29
       1367     -1.493     9.5094   0.025405    -0.0696     1.5609     0.2581     -1.479     -1.479     0.1731    182.789     51.276 -9.990e-29
       1368     -1.493     9.5094   0.025398    -0.0696     1.5608     0.2583     -1.480     -1.479     0.1731    182.774     51.271 -9.990e-29
       1369     -1.493     9.5094   0.025403    -0.0695     1.5607     0.2586     -1.480     -1.479     0.1731    182.758     51.267 -9.990e-29
       1370     -1.494     9.5094   0.025398    -0.0695     1.5606     0.2589     -1.480     -1.480     0.1731    182.745     51.263 -9.990e-29
       1371     -1.495     9.5094   0.025406    -0.0695     1.5605     0.2592     -1.481     -1.481     0.1732    182.732     51.260 -9.990e-29
       1372     -1.495     9.5092   0.025412    -0.0695     1.5605     0.2595     -1.482     -1.481     0.1732    182.736     51.261 -9.990e-29
       1373     -1.495     9.5094   0.025420    -0.0694     1.5604     0.2598     -1.481     -1.481     0.1733    182.721     51.256 -9.990e-29
       1374     -1.494     9.5094   0.025427    -0.0694     1.5604     0.2601     -1.481     -1.480     0.1733    182.719     51.256 -9.990e-29
       1375     -1.494     9.5089   0.025419    -0.0694     1.5603     0.2603     -1.481     -1.480     0.1732    182.703     51.251 -9.990e-29
       1376     -1.494     9.5094   0.025421    -0.0694     1.5603     0.2606     -1.481     -1.480     0.1733    182.699     51.250 -9.990e-29
       1377     -1.493     9.5092   0.025420    -0.0694     1.5604     0.2609     -1.479     -1.479     0.1733    182.713     51.254 -9.990e-29
       1378     -1.491     9.5092   0.025424    -0.0694     1.5604     0.2611     -1.477     -1.477     0.1733    182.707     51.252 -9.990e-29
       1379     -1.490     9.5091   0.025426    -0.0694     1.5604     0.2614     -1.477     -1.476     0.1733    182.701     51.250 -9.990e-29
       1380     -1.490     9.5091   0.025426    -0.0694     1.5604     0.2617     -1.476     -1.476     0.1733    182.694     51.249 -9.990e-29
       1381     -1.490     9.5091   0.025416    -0.0694     1.5605     0.2619     -1.476     -1.476     0.1732    182.705     51.252 -9.990e-29
       1382     -1.491     9.5091   0.025419    -0.0694     1.5605     0.2622     -1.477     -1.477     0.1732    182.698     51.250 -9.990e-29
       1383     -1.490     9.5092   0.025441    -0.0694     1.5605     0.2624     -1.477     -1.476     0.1734    182.693     51.248 -9.990e-29
       1384     -1.489     9.5091   0.025427    -0.0694     1.5605     0.2626     -1.476     -1.475     0.1733    182.689     51.247 -9.990e-29
       1385     -1.488     9.5091   0.025430    -0.0694     1.5606     0.2629     -1.475     -1.474     0.1733    182.703     51.251 -9.990e-29
       1386     -1.489     9.5091   0.025435    -0.0694     1.5606     0.2631     -1.476     -1.475     0.1734    182.701     51.250 -9.990e-29
       1387     -1.490     9.5092   0.025439    -0.0695     1.5606     0.2634     -1.477     -1.476     0.1734    182.696     51.249 -9.990e-29
       1388     -1.490     9.5087   0.025429    -0.0695     1.5606     0.2636     -1.477     -1.476     0.1733    182.694     51.248 -9.990e-29
       1389     -1.490     9.5089   0.025438    -0.0695     1.5606     0.2639     -1.477     -1.476     0.1734    182.692     51.248 -9.990e-29
       1390     -1.490     9.5089   0.025441    -0.0695     1.5606     0.2641     -1.476     -1.476     0.1734    182.692     51.248 -9.990e-29
       1391     -1.490     9.5089   0.025436    -0.0696     1.5606     0.2644     -1.476     -1.476     0.1734    182.693     51.248 -9.990e-29
       1392     -1.489     9.5087   0.025449    -0.0696     1.5606     0.2647     -1.476     -1.475     0.1735    182.695     51.248 -9.990e-29
       1393     -1.489     9.5089   0.025434    -0.0696     1.5606     0.2649     -1.475     -1.475     0.1734    182.692     51.248 -9.990e-29
       1394     -1.489     9.5087   0.025447    -0.0697     1.5607     0.2652     -1.476     -1.475     0.1734    182.705     51.251 -9.990e-29
       1395     -1.490     9.5088   0.025450    -0.0697     1.5608     0.2655     -1.477     -1.476     0.1735    182.714     51.254 -9.990e-29
       1396     -1.490     9.5089   0.025439    -0.0698     1.5608     0.2658     -1.477     -1.476     0.1734    182.702     51.251 -9.990e-29
       1397     -1.489     9.5089   0.025451    -0.0699     1.5608     0.2662     -1.476     -1.475     0.1735    182.689     51.247 -9.990e-29
       1398     -1.488     9.5086   0.025434    -0.0699     1.5607     0.2665     -1.474     -1.474     0.1734    182.659     51.238 -9.990e-29
       1399     -1.486     9.5087   0.025448    -0.0700     1.5607     0.2668     -1.472     -1.472     0.1734    182.644     51.234 -9.990e-29
       1400     -1.484     9.5089   0.025446    -0.0701     1.5607     0.2670     -1.471     -1.470     0.1734    182.626     51.229 -9.990e-29
       1401     -1.484     9.5086   0.025436    -0.0702     1.5606     0.2672     -1.470     -1.470     0.1734    182.593     51.220 -9.990e-29
       1402     -1.485     9.5086   0.025425    -0.0703     1.5605     0.2674     -1.471     -1.471     0.1733    182.558     51.210 -9.990e-29
       1403     -1.486     9.5086   0.025428    -0.0704     1.5605     0.2676     -1.472     -1.472     0.1733    182.540     51.205 -9.990e-29
       1404     -1.485     9.5086   0.025435    -0.0705     1.5605     0.2677     -1.471     -1.471     0.1734    182.521     51.199 -9.990e-29
       1405     -1.484     9.5086   0.025426    -0.0706     1.5605     0.2679     -1.471     -1.470     0.1733    182.505     51.195 -9.990e-29
       1406     -1.485     9.5086   0.025415    -0.0707     1.5604     0.2680     -1.471     -1.471     0.1732    182.474     51.186 -9.990e-29
       1407     -1.485     9.5084   0.025431    -0.0709     1.5604     0.2681     -1.471     -1.471     0.1733    182.464     51.183 -9.990e-29
       1408     -1.484     9.5087   0.025422    -0.0711     1.5604     0.2682     -1.470     -1.470     0.1733    182.452     51.180 -9.990e-29
       1409     -1.482     9.5086   0.025398    -0.0712     1.5604     0.2682     -1.468     -1.468     0.1731    182.442     51.177 -9.990e-29
       1410     -1.481     9.5084   0.025404    -0.0714     1.5604     0.2682     -1.467     -1.467     0.1731    182.432     51.174 -9.990e-29
       1411     -1.480     9.5086   0.025402    -0.0716     1.5603     0.2681     -1.466     -1.466     0.1731    182.403     51.166 -9.990e-29
       1412     -1.480     9.5086   0.025407    -0.0719     1.5603     0.2680     -1.466     -1.466     0.1732    182.392     51.163 -9.990e-29
       1413     -1.479     9.5082   0.025391    -0.0721     1.5603     0.2679     -1.465     -1.465     0.1731    182.383     51.160 -9.990e-29
       1414     -1.478     9.5086   0.025377    -0.0724     1.5603     0.2677     -1.464     -1.464     0.1730    182.369     51.157 -9.990e-29
       1415     -1.478     9.5084   0.025382    -0.0727     1.5602     0.2676     -1.464     -1.464     0.1730    182.339     51.148 -9.990e-29
       1416     -1.479     9.5086   0.025371    -0.0730     1.5602     0.2674     -1.465     -1.465     0.1729    182.325     51.144 -9.990e-29
       1417     -1.478     9.5086   0.025364    -0.0733     1.5601     0.2672     -1.465     -1.464     0.1729    182.295     51.136 -9.990e-29
       1418     -1.477     9.5084   0.025349    -0.0737     1.5600     0.2671     -1.463     -1.463     0.1728    182.269     51.128 -9.990e-29
       1419     -1.476     9.5084   0.025354    -0.0741     1.5599     0.2668     -1.462     -1.462     0.1728    182.244     51.121 -9.990e-29
       1420     -1.475     9.5086   0.025352    -0.0746     1.5598     0.2666     -1.462     -1.461     0.1728    182.224     51.116 -9.990e-29
       1421     -1.475     9.5086   0.025347    -0.0751     1.5597     0.2664     -1.461     -1.461     0.1727    182.207     51.111 -9.990e-29
       1422     -1.474     9.5084   0.025336    -0.0756     1.5597     0.2661     -1.461     -1.460     0.1727    182.209     51.111 -9.990e-29
       1423     -1.474     9.5082   0.025335    -0.0762     1.5596     0.2658     -1.460     -1.460     0.1727    182.194     51.107 -9.990e-29
       1424     -1.474     9.5082   0.025332    -0.0768     1.5596     0.2655     -1.460     -1.460     0.1726    182.198     51.108 -9.990e-29
       1425     -1.474     9.5084   0.025316    -0.0773     1.5595     0.2653     -1.460     -1.460     0.1725    182.187     51.105 -9.990e-29
       1426     -1.475     9.5082   0.025309    -0.0778     1.5594     0.2651     -1.461     -1.461     0.1725    182.178     51.102 -9.990e-29
       1427     -1.475     9.5083   0.025299    -0.0782     1.5593     0.2649     -1.461     -1.461     0.1724    182.165     51.099 -9.990e-29
       1428     -1.475     9.5082   0.025305    -0.0786     1.5592     0.2647     -1.461     -1.461     0.1725    182.152     51.095 -9.990e-29
       1429     -1.476     9.5082   0.025293    -0.0789     1.5593     0.2646     -1.462     -1.462     0.1724    182.175     51.102 -9.990e-29
       1430     -1.477     9.5082   0.025305    -0.0791     1.5593     0.2645     -1.463     -1.463     0.1725    182.181     51.103 -9.990e-29
       1431     -1.478     9.5084   0.025303    -0.0793     1.5594     0.2644     -1.464     -1.464     0.1724    182.204     51.110 -9.990e-29
       1432     -1.477     9.5084   0.025294    -0.0794     1.5594     0.2643     -1.463     -1.463     0.1724    182.210     51.112 -9.990e-29
       1433     -1.477     9.5082   0.025274    -0.0794     1.5593     0.2642     -1.463     -1.463     0.1722    182.199     51.108 -9.990e-29
       1434     -1.477     9.5082   0.025269    -0.0795     1.5592     0.2642     -1.463     -1.463     0.1722    182.185     51.104 -9.990e-29
       1435     -1.475     9.5081   0.025282    -0.0794     1.5591     0.2642     -1.461     -1.461     0.1723    182.171     51.100 -9.990e-29
       1436     -1.474     9.5084   0.025279    -0.0793     1.5590     0.2641     -1.460     -1.460     0.1723    182.155     51.096 -9.990e-29
       1437     -1.474     9.5083   0.025269    -0.0791     1.5590     0.2640     -1.460     -1.460     0.1722    182.159     51.097 -9.990e-29
       1438     -1.475     9.5081   0.025272    -0.0790     1.5588     0.2639     -1.461     -1.461     0.1722    182.131     51.089 -9.990e-29
       1439     -1.475     9.5084   0.025265    -0.0788     1.5587     0.2638     -1.461     -1.461     0.1722    182.120     51.086 -9.990e-29
       1440     -1.475     9.5082   0.025258    -0.0786     1.5586     0.2637     -1.461     -1.461     0.1721    182.111     51.084 -9.990e-29
       1441     -1.474     9.5081   0.025258    -0.0784     1.5586     0.2637     -1.460     -1.460     0.1721    182.122     51.086 -9.990e-29
       1442     -1.473     9.5083   0.025251    -0.0783     1.5586     0.2636     -1.459     -1.459     0.1721    182.131     51.089 -9.990e-29
       1443     -1.472     9.5082   0.025239    -0.0781     1.5586     0.2635     -1.459     -1.458     0.1720    182.143     51.092 -9.990e-29
       1444     -1.472     9.5084   0.025235    -0.0779     1.5587     0.2635     -1.458     -1.458     0.1720    182.173     51.101 -9.990e-29
